<?xml version="1.0" encoding="utf-8"?>
<COLLADA xmlns="http://www.collada.org/2005/11/COLLADASchema" version="1.4.0">
  <asset>
    <contributor>
      <author></author>
      <authoring_tool>FBX COLLADA exporter</authoring_tool>
      <comments></comments>
    </contributor>
    <created>2010-07-09T20:13:35Z</created>
    <modified>2010-07-09T20:13:35Z</modified>
    <revision></revision>
    <title></title>
    <subject></subject>
    <keywords></keywords>
    <unit meter="1.000000"/>
    <up_axis>Y_UP</up_axis>
  </asset>
  <library_animations>
    <animation id="Bip01-anim" name="Bip01">
      <animation>
        <source id="Bip01-Matrix-animation-input">
          <float_array id="Bip01-Matrix-animation-input-array" count="31">

0.000000 0.033333 0.066667 0.100000 0.133333 0.166667 0.200000 0.233333 0.266667 0.300000 0.333333 0.366667 0.400000 0.433333 0.466667 0.500000
0.533333 0.566667 0.600000 0.633333 0.666667 0.700000 0.733333 0.766667 0.800000 0.833333 0.866667 0.900000 0.933333 0.966667 1.000000</float_array>
          <technique_common>
            <accessor source="#Bip01-Matrix-animation-input-array" count="31">
              <param name="TIME" type="float"/>
            </accessor>
          </technique_common>
        </source>
        <source id="Bip01-Matrix-animation-output-transform">
          <float_array id="Bip01-Matrix-animation-output-transform-array" count="496">

0.000000 0.000000 -1.000000 -0.553579 -0.000000 1.000000 0.000000 0.000000 1.000000 -0.000000 0.000000 -0.316790 0.000000 0.000000 0.000000 1.000000
-0.000000 -0.000000 -1.000000 -0.452106 -0.199415 0.979915 -0.000000 0.008843 0.979915 0.199415 -0.000000 -0.267932 0.000000 0.000000 0.000000 1.000000
-0.000000 -0.000000 -1.000000 -0.379712 -0.398885 0.917001 -0.000000 0.017832 0.917001 0.398885 -0.000000 -0.214752 0.000000 0.000000 0.000000 1.000000
-0.000000 -0.000000 -1.000000 -0.467256 -0.577327 0.816513 -0.000000 0.027625 0.816513 0.577327 -0.000000 -0.137806 0.000000 0.000000 0.000000 1.000000
-0.000000 -0.000000 -1.000000 -0.752687 -0.719477 0.694516 0.000000 0.041459 0.694516 0.719477 -0.000000 0.040266 0.000000 0.000000 0.000000 1.000000
-0.000000 -0.000000 -1.000000 -1.045010 -0.819151 0.573578 0.000000 0.052620 0.573578 0.819151 -0.000000 0.213827 0.000000 0.000000 0.000000 1.000000
-0.000000 -0.000000 -1.000000 -1.260454 -0.825292 0.564707 0.000000 0.064991 0.564707 0.825292 -0.000000 0.311907 0.000000 0.000000 0.000000 1.000000
-0.000000 -0.000000 -1.000000 -1.409446 -0.819151 0.573578 0.000000 0.052620 0.573578 0.819151 -0.000000 0.397549 0.000000 0.000000 0.000000 1.000000
-0.000000 -0.000000 -1.000000 -1.463393 -0.865181 0.501459 0.000000 -0.030483 0.501459 0.865181 -0.000000 0.527610 0.000000 0.000000 0.000000 1.000000
-0.000000 -0.000000 -1.000000 -1.455579 -0.899350 0.437230 0.000000 -0.120327 0.437230 0.899350 -0.000000 0.649686 0.000000 0.000000 0.000000 1.000000
-0.000000 -0.000000 -1.000000 -1.397655 -0.926200 0.377034 0.000000 -0.163355 0.377034 0.926200 -0.000000 0.730369 0.000000 0.000000 0.000000 1.000000
-0.000000 -0.000000 -1.000000 -1.325917 -0.948750 0.316028 0.000000 -0.174259 0.316028 0.948750 -0.000000 0.769532 0.000000 0.000000 0.000000 1.000000
-0.000000 -0.000000 -1.000000 -1.285043 -0.968567 0.248753 0.000000 -0.164585 0.248753 0.968567 -0.000000 0.776924 0.000000 0.000000 0.000000 1.000000
-0.000000 -0.000000 -1.000000 -1.254794 -0.985555 0.169357 0.000000 -0.151110 0.169357 0.985555 -0.000000 0.779534 0.000000 0.000000 0.000000 1.000000
-0.000000 -0.000000 -1.000000 -1.228200 -0.997415 0.071863 0.000000 -0.134573 0.071863 0.997415 -0.000000 0.777891 0.000000 0.000000 0.000000 1.000000
-0.000000 -0.000000 -1.000000 -1.198292 -0.998783 -0.049316 0.000000 -0.115712 -0.049316 0.998783 -0.000000 0.772519 0.000000 0.000000 0.000000 1.000000
-0.000000 -0.000000 -1.000000 -1.158101 -0.980151 -0.198251 0.000000 -0.095267 -0.198251 0.980151 -0.000000 0.763946 0.000000 0.000000 0.000000 1.000000
-0.000000 -0.000000 -1.000000 -1.100656 -0.926889 -0.375336 0.000000 -0.073976 -0.375336 0.926889 -0.000000 0.752698 0.000000 0.000000 0.000000 1.000000
-0.000000 -0.000000 -1.000000 -1.018990 -0.819153 -0.573575 0.000000 -0.052577 -0.573575 0.819153 -0.000000 0.739302 0.000000 0.000000 0.000000 1.000000
-0.000000 -0.000000 -1.000000 -0.825137 -0.365289 -0.930894 0.000000 -0.023068 -0.930894 0.365289 -0.000000 0.713415 0.000000 0.000000 0.000000 1.000000
0.000000 0.000000 -1.000000 -0.550000 0.521089 -0.853502 -0.000000 0.012389 -0.853502 -0.521089 -0.000000 0.672010 0.000000 0.000000 0.000000 1.000000
0.000000 -0.000000 -1.000000 -0.364906 0.963045 -0.269342 0.000000 0.037803 -0.269342 -0.963045 0.000000 0.626584 0.000000 0.000000 0.000000 1.000000
0.000000 -0.000000 -1.000000 -0.348637 0.997382 0.072311 0.000000 0.044964 0.072311 -0.997382 0.000000 0.597405 0.000000 0.000000 0.000000 1.000000
0.000000 -0.000000 -1.000000 -0.422413 0.970053 0.242894 0.000000 0.042083 0.242894 -0.970053 0.000000 0.564204 0.000000 0.000000 0.000000 1.000000
0.000000 -0.000000 -1.000000 -0.521223 0.906308 0.422617 0.000000 0.037803 0.422617 -0.906308 0.000000 0.477674 0.000000 0.000000 0.000000 1.000000
0.000000 -0.000000 -1.000000 -0.723539 0.747652 0.664091 0.000000 0.029416 0.664091 -0.747652 0.000000 0.108057 0.000000 0.000000 0.000000 1.000000
0.000000 0.000000 -1.000000 -0.690625 0.505614 0.862760 0.000000 0.018896 0.862760 -0.505614 -0.000000 -0.071480 0.000000 0.000000 0.000000 1.000000
0.000000 0.000000 -1.000000 -0.614548 0.232102 0.972692 0.000000 0.008141 0.972692 -0.232102 -0.000000 -0.213017 0.000000 0.000000 0.000000 1.000000
0.000000 0.000000 -1.000000 -0.553579 -0.000000 1.000000 0.000000 0.000000 1.000000 -0.000000 0.000000 -0.316790 0.000000 0.000000 0.000000 1.000000
0.000000 -0.000001 -1.000000 -0.545081 -0.047250 0.998883 -0.000001 -0.001471 0.998883 0.047250 -0.000000 -0.338032 0.000000 0.000000 0.000000 1.000000
0.000000 0.000000 -1.000000 -0.553579 -0.000000 1.000000 0.000000 0.000000 1.000000 -0.000000 0.000000 -0.316790 0.000000 0.000000 0.000000 1.000000</float_array>
          <technique_common>
            <accessor source="#Bip01-Matrix-animation-output-transform-array" count="31" stride="16">
              <param type="float4x4"/>
            </accessor>
          </technique_common>
        </source>
        <source id="Bip01-Interpolations">
          <Name_array id="Bip01-Interpolations-array" count="31">
 LINEAR LINEAR LINEAR LINEAR LINEAR LINEAR LINEAR LINEAR LINEAR LINEAR LINEAR
LINEAR LINEAR LINEAR LINEAR LINEAR LINEAR LINEAR LINEAR LINEAR LINEAR LINEAR LINEAR
LINEAR LINEAR LINEAR LINEAR LINEAR LINEAR LINEAR LINEAR</Name_array>
          <technique_common>
            <accessor source="#Bip01-Interpolations-array" count="31">
              <param type="name"/>
            </accessor>
          </technique_common>
        </source>
        <sampler id="Bip01-Matrix-animation-transform">
          <input semantic="INPUT" source="#Bip01-Matrix-animation-input"/>
          <input semantic="OUTPUT" source="#Bip01-Matrix-animation-output-transform"/>
          <input semantic="INTERPOLATION" source="#Bip01-Interpolations"/>
        </sampler>
        <channel source="#Bip01-Matrix-animation-transform" target="Bip01/matrix"/>
      </animation>
    </animation>
    <animation id="Bip01_Pelvis-anim" name="Bip01_Pelvis">
      <animation>
        <source id="Bip01_Pelvis-Matrix-animation-input">
          <float_array id="Bip01_Pelvis-Matrix-animation-input-array" count="31">

0.000000 0.033333 0.066667 0.100000 0.133333 0.166667 0.200000 0.233333 0.266667 0.300000 0.333333 0.366667 0.400000 0.433333 0.466667 0.500000
0.533333 0.566667 0.600000 0.633333 0.666667 0.700000 0.733333 0.766667 0.800000 0.833333 0.866667 0.900000 0.933333 0.966667 1.000000</float_array>
          <technique_common>
            <accessor source="#Bip01_Pelvis-Matrix-animation-input-array" count="31">
              <param name="TIME" type="float"/>
            </accessor>
          </technique_common>
        </source>
        <source id="Bip01_Pelvis-Matrix-animation-output-transform">
          <float_array id="Bip01_Pelvis-Matrix-animation-output-transform-array" count="496">

-0.282990 0.774979 0.565088 -0.035612 0.067275 -0.571682 0.817713 0.000000 0.956761 0.269421 0.109644 -0.000000 0.000000 0.000000 0.000000 1.000000
-0.240882 0.758025 0.606113 -0.035612 0.063369 -0.610886 0.789178 0.000000 0.968483 0.228508 0.099117 0.000000 0.000000 0.000000 0.000000 1.000000
-0.197610 0.735482 0.648087 -0.035612 0.057847 -0.651222 0.756679 0.000000 0.978572 0.187017 0.086143 0.000000 0.000000 0.000000 0.000000 1.000000
-0.149008 0.696288 0.702126 -0.035612 0.052138 -0.703533 0.708748 0.000000 0.987460 0.142217 0.068529 -0.000000 0.000000 0.000000 0.000000 1.000000
-0.079763 0.624715 0.776768 -0.035612 0.039485 -0.776659 0.628682 0.000000 0.996032 0.080817 0.037282 0.000000 0.000000 0.000000 0.000000 1.000000
-0.017096 0.493813 0.869400 -0.035612 0.032859 -0.868780 0.494107 0.000000 0.999314 0.037015 -0.001374 0.000000 0.000000 0.000000 0.000000 1.000000
0.023434 0.293531 0.955662 -0.035612 0.045980 -0.955230 0.292271 0.000000 0.998667 0.037093 -0.035881 0.000000 0.000000 0.000000 0.000000 1.000000
0.066759 -0.110256 0.991659 -0.035612 0.079577 -0.990121 -0.115442 0.000000 0.994591 0.086620 -0.057326 0.000000 0.000000 0.000000 0.000000 1.000000
0.166688 -0.865517 0.472329 -0.035612 0.110059 -0.459705 -0.881225 0.000000 0.979848 0.198874 0.018630 0.000000 0.000000 0.000000 0.000000 1.000000
0.244781 -0.911636 -0.330156 -0.035612 0.058135 0.353702 -0.933550 0.000000 0.967834 0.209322 0.139578 0.000000 0.000000 0.000000 0.000000 1.000000
0.253536 -0.937086 -0.239979 -0.035612 0.043733 0.258935 -0.964904 0.000000 0.966337 0.234143 0.106631 0.000000 0.000000 0.000000 0.000000 1.000000
0.249257 -0.967365 0.045572 -0.035612 0.051062 -0.033863 -0.998121 0.000000 0.967090 0.251116 0.040955 0.000000 0.000000 0.000000 0.000000 1.000000
0.254170 -0.965769 0.051846 -0.035612 0.041460 -0.042677 -0.998229 0.000000 0.966271 0.255869 0.029194 0.000000 0.000000 0.000000 0.000000 1.000000
0.260983 -0.965275 0.011538 -0.035612 0.023760 -0.005526 -0.999702 0.000000 0.965051 0.261179 0.021493 0.000000 0.000000 0.000000 0.000000 1.000000
0.267100 -0.962381 -0.049799 -0.035612 0.003626 0.052680 -0.998605 0.000000 0.963662 0.266547 0.017561 0.000000 0.000000 0.000000 0.000000 1.000000
0.271223 -0.956617 -0.106409 -0.035612 -0.012836 0.106948 -0.994182 0.000000 0.962431 0.271011 0.016727 0.000000 0.000000 0.000000 0.000000 1.000000
0.273518 -0.952647 -0.132858 -0.035612 -0.019234 0.132681 -0.990972 0.000000 0.961675 0.273604 0.017967 0.000000 0.000000 0.000000 0.000000 1.000000
0.274188 -0.956036 -0.103998 -0.035612 -0.009172 0.105538 -0.994373 0.000000 0.961632 0.273599 0.020168 0.000000 0.000000 0.000000 0.000000 1.000000
0.270401 -0.962728 0.006128 -0.035612 0.023414 0.000213 -0.999726 0.000000 0.962463 0.270471 0.022599 0.000000 0.000000 0.000000 0.000000 1.000000
0.216630 -0.878469 0.425869 -0.035612 0.141169 -0.403455 -0.904044 0.000000 0.965993 0.255962 0.036612 0.000000 0.000000 0.000000 0.000000 1.000000
0.043781 -0.427737 0.902843 -0.035612 0.253045 -0.869492 -0.424207 0.000000 0.966463 0.247032 0.070170 0.000000 0.000000 0.000000 0.000000 1.000000
-0.109512 0.044807 0.992975 -0.035612 0.248966 -0.965903 0.071043 0.000000 0.962301 0.254997 0.094623 0.000000 0.000000 0.000000 0.000000 1.000000
-0.141164 0.149432 0.978643 -0.035612 0.238115 -0.954397 0.180077 0.000000 0.960924 0.258450 0.099145 0.000000 0.000000 0.000000 0.000000 1.000000
-0.121073 0.081488 0.989293 -0.035612 0.245896 -0.963100 0.109424 0.000000 0.961705 0.256512 0.096568 0.000000 0.000000 0.000000 0.000000 1.000000
-0.109512 0.044806 0.992975 -0.035612 0.248966 -0.965903 0.071042 0.000000 0.962301 0.254997 0.094623 0.000000 0.000000 0.000000 0.000000 1.000000
-0.161052 0.232828 0.959090 -0.035612 0.223370 -0.937961 0.265207 0.000000 0.961336 0.256945 0.099054 0.000000 0.000000 0.000000 0.000000 1.000000
-0.216918 0.454791 0.863778 -0.035612 0.177793 -0.851641 0.493049 0.000000 0.959863 0.260525 0.103877 0.000000 0.000000 0.000000 0.000000 1.000000
-0.260640 0.652617 0.711448 -0.035612 0.118457 -0.709733 0.694440 0.000000 0.958141 0.265275 0.107678 -0.000000 0.000000 0.000000 0.000000 1.000000
-0.282990 0.774979 0.565088 -0.035612 0.067275 -0.571682 0.817713 0.000000 0.956761 0.269421 0.109644 0.000000 0.000000 0.000000 0.000000 1.000000
-0.285958 0.794144 0.536249 -0.035612 0.057615 -0.544355 0.836874 0.000000 0.956508 0.270207 0.109908 0.000000 0.000000 0.000000 0.000000 1.000000
-0.282990 0.774979 0.565088 -0.035612 0.067275 -0.571682 0.817713 0.000000 0.956761 0.269421 0.109644 0.000000 0.000000 0.000000 0.000000 1.000000</float_array>
          <technique_common>
            <accessor source="#Bip01_Pelvis-Matrix-animation-output-transform-array" count="31" stride="16">
              <param type="float4x4"/>
            </accessor>
          </technique_common>
        </source>
        <source id="Bip01_Pelvis-Interpolations">
          <Name_array id="Bip01_Pelvis-Interpolations-array" count="31">
 LINEAR LINEAR LINEAR LINEAR LINEAR LINEAR LINEAR LINEAR LINEAR LINEAR LINEAR
LINEAR LINEAR LINEAR LINEAR LINEAR LINEAR LINEAR LINEAR LINEAR LINEAR LINEAR LINEAR
LINEAR LINEAR LINEAR LINEAR LINEAR LINEAR LINEAR LINEAR</Name_array>
          <technique_common>
            <accessor source="#Bip01_Pelvis-Interpolations-array" count="31">
              <param type="name"/>
            </accessor>
          </technique_common>
        </source>
        <sampler id="Bip01_Pelvis-Matrix-animation-transform">
          <input semantic="INPUT" source="#Bip01_Pelvis-Matrix-animation-input"/>
          <input semantic="OUTPUT" source="#Bip01_Pelvis-Matrix-animation-output-transform"/>
          <input semantic="INTERPOLATION" source="#Bip01_Pelvis-Interpolations"/>
        </sampler>
        <channel source="#Bip01_Pelvis-Matrix-animation-transform" target="Bip01_Pelvis/matrix"/>
      </animation>
    </animation>
    <animation id="Bip01_Spine-anim" name="Bip01_Spine">
      <animation>
        <source id="Bip01_Spine-Matrix-animation-input">
          <float_array id="Bip01_Spine-Matrix-animation-input-array" count="31">

0.000000 0.033333 0.066667 0.100000 0.133333 0.166667 0.200000 0.233333 0.266667 0.300000 0.333333 0.366667 0.400000 0.433333 0.466667 0.500000
0.533333 0.566667 0.600000 0.633333 0.666667 0.700000 0.733333 0.766667 0.800000 0.833333 0.866667 0.900000 0.933333 0.966667 1.000000</float_array>
          <technique_common>
            <accessor source="#Bip01_Spine-Matrix-animation-input-array" count="31">
              <param name="TIME" type="float"/>
            </accessor>
          </technique_common>
        </source>
        <source id="Bip01_Spine-Matrix-animation-output-transform">
          <float_array id="Bip01_Spine-Matrix-animation-output-transform-array" count="496">

0.803994 -0.421583 -0.419358 0.094422 0.469442 0.882876 0.012454 0.026411 0.364991 -0.206876 0.907736 0.010849 0.000000 0.000000 0.000000 1.000000
0.830846 -0.346607 -0.435383 0.095565 0.441670 0.886659 0.136978 0.022376 0.338559 -0.306103 0.889763 0.009828 0.000000 0.000000 0.000000 1.000000
0.856401 -0.263522 -0.443997 0.096545 0.404265 0.877161 0.259151 0.018286 0.321165 -0.401430 0.857734 0.008566 0.000000 0.000000 0.000000 1.000000
0.884793 -0.189738 -0.425606 0.097408 0.359471 0.859102 0.364313 0.013872 0.296515 -0.475335 0.828333 0.006842 0.000000 0.000000 0.000000 1.000000
0.923310 -0.140482 -0.357439 0.098245 0.298632 0.847827 0.438188 0.007819 0.241489 -0.511326 0.824760 0.003767 0.000000 0.000000 0.000000 1.000000
0.953224 -0.160314 -0.256248 0.098572 0.263425 0.856336 0.444180 0.003498 0.148227 -0.490905 0.858511 -0.000048 0.000000 0.000000 0.000000 1.000000
0.909806 -0.412374 -0.046910 0.098553 0.403621 0.852798 0.331398 0.003506 -0.096655 -0.320442 0.942324 -0.003481 0.000000 0.000000 0.000000 1.000000
0.723440 -0.676931 0.135643 0.098198 0.672953 0.735301 0.080414 0.008411 -0.154174 0.033106 0.987489 -0.005659 0.000000 0.000000 0.000000 1.000000
0.625826 -0.771357 0.115544 0.096761 0.674912 0.461308 -0.575924 0.019529 0.390942 0.438410 0.809297 0.001759 0.000000 0.000000 0.000000 1.000000
0.680466 -0.728643 0.077750 0.095568 0.306954 0.187087 -0.933155 0.020608 0.665391 0.658846 0.350966 0.013647 0.000000 0.000000 0.000000 1.000000
0.829470 -0.547069 0.112671 0.095389 0.397431 0.436330 -0.807257 0.023012 0.392464 0.714375 0.579345 0.010388 0.000000 0.000000 0.000000 1.000000
0.912429 -0.362320 0.190256 0.095430 0.406800 0.752387 -0.518100 0.024629 0.044572 0.550125 0.833892 0.003941 0.000000 0.000000 0.000000 1.000000
0.909376 -0.307839 0.279768 0.095340 0.404519 0.811192 -0.422292 0.025087 -0.096948 0.497194 0.862206 0.002791 0.000000 0.000000 0.000000 1.000000
0.879758 -0.276852 0.386495 0.095214 0.415798 0.842234 -0.343153 0.025606 -0.230517 0.462595 0.856077 0.002037 0.000000 0.000000 0.000000 1.000000
0.828531 -0.268481 0.491379 0.095075 0.439403 0.855686 -0.273362 0.026133 -0.347074 0.442403 0.826934 0.001653 0.000000 0.000000 0.000000 1.000000
0.767713 -0.275355 0.578616 0.094955 0.465508 0.860184 -0.208292 0.026572 -0.440362 0.429259 0.788554 0.001573 0.000000 0.000000 0.000000 1.000000
0.714236 -0.285610 0.638978 0.094882 0.479097 0.865046 -0.148867 0.026827 -0.510228 0.412459 0.754682 0.001699 0.000000 0.000000 0.000000 1.000000
0.686584 -0.285878 0.668488 0.094878 0.463750 0.880323 -0.099834 0.026824 -0.559945 0.378556 0.736992 0.001922 0.000000 0.000000 0.000000 1.000000
0.701661 -0.263966 0.661811 0.094956 0.403749 0.912625 -0.064057 0.026509 -0.587076 0.312152 0.746929 0.002173 0.000000 0.000000 0.000000 1.000000
0.816863 -0.209886 0.537292 0.095295 0.172815 0.977715 0.119195 0.025067 -0.550336 -0.004513 0.834931 0.003611 0.000000 0.000000 0.000000 1.000000
0.955503 -0.096338 0.278805 0.095321 -0.053748 0.872482 0.485681 0.024205 -0.290042 -0.479055 0.828481 0.007005 0.000000 0.000000 0.000000 1.000000
0.999525 -0.027701 0.013534 0.094898 0.010731 0.724115 0.689596 0.025017 -0.028903 -0.689123 0.724068 0.009453 0.000000 0.000000 0.000000 1.000000
0.977033 -0.109395 -0.182863 0.094777 0.195171 0.803850 0.561903 0.025343 0.085525 -0.584687 0.806739 0.009881 0.000000 0.000000 0.000000 1.000000
0.922515 -0.254907 -0.289808 0.094880 0.328001 0.913531 0.240576 0.025133 0.203424 -0.316993 0.926355 0.009579 0.000000 0.000000 0.000000 1.000000
0.868327 -0.369807 -0.330531 0.094959 0.376267 0.925328 -0.046801 0.024981 0.323157 -0.083729 0.942634 0.009346 0.000000 0.000000 0.000000 1.000000
0.828308 -0.418163 -0.372888 0.094873 0.417974 0.904403 -0.085756 0.025177 0.373101 -0.084825 0.923905 0.009783 0.000000 0.000000 0.000000 1.000000
0.812485 -0.430245 -0.393394 0.094729 0.441943 0.894635 -0.065685 0.025532 0.380205 -0.120489 0.917021 0.010265 0.000000 0.000000 0.000000 1.000000
0.809058 -0.422391 -0.408669 0.094558 0.456441 0.889612 -0.015848 0.026001 0.370251 -0.173712 0.912545 0.010649 0.000000 0.000000 0.000000 1.000000
0.803994 -0.421583 -0.419358 0.094422 0.469442 0.882876 0.012454 0.026411 0.364991 -0.206876 0.907736 0.010849 0.000000 0.000000 0.000000 1.000000
0.801390 -0.424976 -0.420915 0.094398 0.473631 0.880633 0.012628 0.026489 0.365305 -0.209478 0.907012 0.010875 0.000000 0.000000 0.000000 1.000000
0.803994 -0.421583 -0.419358 0.094422 0.469442 0.882876 0.012454 0.026411 0.364991 -0.206876 0.907736 0.010849 0.000000 0.000000 0.000000 1.000000</float_array>
          <technique_common>
            <accessor source="#Bip01_Spine-Matrix-animation-output-transform-array" count="31" stride="16">
              <param type="float4x4"/>
            </accessor>
          </technique_common>
        </source>
        <source id="Bip01_Spine-Interpolations">
          <Name_array id="Bip01_Spine-Interpolations-array" count="31">
 LINEAR LINEAR LINEAR LINEAR LINEAR LINEAR LINEAR LINEAR LINEAR LINEAR LINEAR
LINEAR LINEAR LINEAR LINEAR LINEAR LINEAR LINEAR LINEAR LINEAR LINEAR LINEAR LINEAR
LINEAR LINEAR LINEAR LINEAR LINEAR LINEAR LINEAR LINEAR</Name_array>
          <technique_common>
            <accessor source="#Bip01_Spine-Interpolations-array" count="31">
              <param type="name"/>
            </accessor>
          </technique_common>
        </source>
        <sampler id="Bip01_Spine-Matrix-animation-transform">
          <input semantic="INPUT" source="#Bip01_Spine-Matrix-animation-input"/>
          <input semantic="OUTPUT" source="#Bip01_Spine-Matrix-animation-output-transform"/>
          <input semantic="INTERPOLATION" source="#Bip01_Spine-Interpolations"/>
        </sampler>
        <channel source="#Bip01_Spine-Matrix-animation-transform" target="Bip01_Spine/matrix"/>
      </animation>
    </animation>
    <animation id="Bip01_Spine1-anim" name="Bip01_Spine1">
      <animation>
        <source id="Bip01_Spine1-Matrix-animation-input">
          <float_array id="Bip01_Spine1-Matrix-animation-input-array" count="31">

0.000000 0.033333 0.066667 0.100000 0.133333 0.166667 0.200000 0.233333 0.266667 0.300000 0.333333 0.366667 0.400000 0.433333 0.466667 0.500000
0.533333 0.566667 0.600000 0.633333 0.666667 0.700000 0.733333 0.766667 0.800000 0.833333 0.866667 0.900000 0.933333 0.966667 1.000000</float_array>
          <technique_common>
            <accessor source="#Bip01_Spine1-Matrix-animation-input-array" count="31">
              <param name="TIME" type="float"/>
            </accessor>
          </technique_common>
        </source>
        <source id="Bip01_Spine1-Matrix-animation-output-transform">
          <float_array id="Bip01_Spine1-Matrix-animation-output-transform-array" count="496">

0.820417 -0.416149 -0.392091 0.223021 0.394902 0.908335 -0.137769 -0.000161 0.413482 -0.041809 0.909552 0.000007 0.000000 0.000000 0.000000 1.000000
0.899448 -0.314614 -0.303335 0.223003 0.318984 0.947060 -0.036426 -0.000168 0.298736 -0.063996 0.952187 0.000011 0.000000 0.000000 0.000000 1.000000
0.958033 -0.209480 -0.195679 0.222984 0.224187 0.972932 0.056058 -0.000173 0.178639 -0.097574 0.979064 0.000017 0.000000 0.000000 0.000000 1.000000
0.991085 -0.108060 -0.077928 0.222966 0.117971 0.983601 0.136424 -0.000175 0.061908 -0.144401 0.987581 0.000026 0.000000 0.000000 0.000000 1.000000
0.999051 -0.017813 0.039734 0.222950 0.009331 0.978879 0.204228 -0.000174 -0.042533 -0.203664 0.978117 0.000036 0.000000 0.000000 0.000000 1.000000
0.987567 0.054976 0.147273 0.222937 -0.092551 0.960611 0.262033 -0.000171 -0.127067 -0.272406 0.953755 0.000048 0.000000 0.000000 0.000000 1.000000
0.976278 0.084698 0.199265 0.222932 -0.145681 0.937801 0.315129 -0.000167 -0.160180 -0.336683 0.927894 0.000060 0.000000 0.000000 0.000000 1.000000
0.973050 0.086510 0.213753 0.222931 -0.168460 0.899675 0.402749 -0.000160 -0.157467 -0.427904 0.890001 0.000076 0.000000 0.000000 0.000000 1.000000
0.968814 0.081799 0.233900 0.222932 -0.204452 0.797198 0.568045 -0.000142 -0.139999 -0.598151 0.789060 0.000106 0.000000 0.000000 0.000000 1.000000
0.967457 0.070283 0.243080 0.222934 -0.226166 0.670989 0.706132 -0.000119 -0.113475 -0.738128 0.665049 0.000131 0.000000 0.000000 0.000000 1.000000
0.967658 0.060542 0.244893 0.222936 -0.230509 0.606594 0.760861 -0.000108 -0.102487 -0.792703 0.600931 0.000141 0.000000 0.000000 0.000000 1.000000
0.970113 0.056960 0.235874 0.222937 -0.221525 0.604614 0.765094 -0.000107 -0.099032 -0.794480 0.599161 0.000141 0.000000 0.000000 0.000000 1.000000
0.974475 0.060695 0.216136 0.222936 -0.203331 0.646710 0.735135 -0.000115 -0.095158 -0.760317 0.642544 0.000135 0.000000 0.000000 0.000000 1.000000
0.979261 0.064612 0.192026 0.222935 -0.181926 0.697570 0.693036 -0.000124 -0.089173 -0.713597 0.694858 0.000127 0.000000 0.000000 0.000000 1.000000
0.983873 0.067362 0.165698 0.222935 -0.159308 0.751225 0.640533 -0.000133 -0.081328 -0.656600 0.749841 0.000117 0.000000 0.000000 0.000000 1.000000
0.987874 0.068149 0.139503 0.222935 -0.137361 0.802444 0.580703 -0.000142 -0.072368 -0.592824 0.802074 0.000105 0.000000 0.000000 0.000000 1.000000
0.991008 0.066849 0.115907 0.222935 -0.117738 0.847218 0.518034 -0.000150 -0.063569 -0.527023 0.847470 0.000094 0.000000 0.000000 0.000000 1.000000
0.993191 0.063976 0.097361 0.222935 -0.101791 0.883025 0.458155 -0.000157 -0.056661 -0.464946 0.883524 0.000083 0.000000 0.000000 0.000000 1.000000
0.994441 0.060504 0.086180 0.222936 -0.090594 0.908761 0.407365 -0.000161 -0.053670 -0.412908 0.909190 0.000073 0.000000 0.000000 0.000000 1.000000
0.993561 0.062736 0.094343 0.222936 -0.093583 0.923808 0.371243 -0.000164 -0.063864 -0.377681 0.923731 0.000067 0.000000 0.000000 0.000000 1.000000
0.989829 0.072528 0.122384 0.222934 -0.111168 0.931144 0.347292 -0.000165 -0.088768 -0.357365 0.929737 0.000063 0.000000 0.000000 0.000000 1.000000
0.984272 0.083421 0.155722 0.222932 -0.131379 0.934954 0.329546 -0.000166 -0.118102 -0.344821 0.931209 0.000061 0.000000 0.000000 0.000000 1.000000
0.979627 0.088744 0.180154 0.222931 -0.142588 0.939066 0.312769 -0.000167 -0.141420 -0.332085 0.932588 0.000059 0.000000 0.000000 0.000000 1.000000
0.979918 0.081841 0.181834 0.222932 -0.133329 0.946989 0.292292 -0.000168 -0.148274 -0.310666 0.938883 0.000055 0.000000 0.000000 0.000000 1.000000
0.987567 0.054976 0.147273 0.222937 -0.092551 0.960611 0.262033 -0.000171 -0.127067 -0.272405 0.953755 0.000048 0.000000 0.000000 0.000000 1.000000
0.999046 -0.021674 0.037923 0.222951 0.013460 0.978718 0.204766 -0.000174 -0.041554 -0.204060 0.978076 0.000036 0.000000 0.000000 0.000000 1.000000
0.979316 -0.154227 -0.130973 0.222974 0.168356 0.980154 0.104660 -0.000174 0.112232 -0.124546 0.985846 0.000022 0.000000 0.000000 0.000000 1.000000
0.907736 -0.302453 -0.290753 0.223000 0.308972 0.950758 -0.024400 -0.000169 0.283816 -0.067686 0.956487 0.000012 0.000000 0.000000 0.000000 1.000000
0.820417 -0.416149 -0.392091 0.223021 0.394902 0.908335 -0.137769 -0.000161 0.413482 -0.041809 0.909552 0.000007 0.000000 0.000000 0.000000 1.000000
0.802041 -0.436410 -0.407770 0.223024 0.407997 0.898929 -0.159578 -0.000160 0.436198 -0.038381 0.899032 0.000007 0.000000 0.000000 0.000000 1.000000
0.820417 -0.416149 -0.392091 0.223021 0.394902 0.908335 -0.137769 -0.000161 0.413482 -0.041809 0.909552 0.000007 0.000000 0.000000 0.000000 1.000000</float_array>
          <technique_common>
            <accessor source="#Bip01_Spine1-Matrix-animation-output-transform-array" count="31" stride="16">
              <param type="float4x4"/>
            </accessor>
          </technique_common>
        </source>
        <source id="Bip01_Spine1-Interpolations">
          <Name_array id="Bip01_Spine1-Interpolations-array" count="31">
 LINEAR LINEAR LINEAR LINEAR LINEAR LINEAR LINEAR LINEAR LINEAR LINEAR LINEAR
LINEAR LINEAR LINEAR LINEAR LINEAR LINEAR LINEAR LINEAR LINEAR LINEAR LINEAR LINEAR
LINEAR LINEAR LINEAR LINEAR LINEAR LINEAR LINEAR LINEAR</Name_array>
          <technique_common>
            <accessor source="#Bip01_Spine1-Interpolations-array" count="31">
              <param type="name"/>
            </accessor>
          </technique_common>
        </source>
        <sampler id="Bip01_Spine1-Matrix-animation-transform">
          <input semantic="INPUT" source="#Bip01_Spine1-Matrix-animation-input"/>
          <input semantic="OUTPUT" source="#Bip01_Spine1-Matrix-animation-output-transform"/>
          <input semantic="INTERPOLATION" source="#Bip01_Spine1-Interpolations"/>
        </sampler>
        <channel source="#Bip01_Spine1-Matrix-animation-transform" target="Bip01_Spine1/matrix"/>
      </animation>
    </animation>
    <animation id="Bip01_Neck-anim" name="Bip01_Neck">
      <animation>
        <source id="Bip01_Neck-Matrix-animation-input">
          <float_array id="Bip01_Neck-Matrix-animation-input-array" count="31">

0.000000 0.033333 0.066667 0.100000 0.133333 0.166667 0.200000 0.233333 0.266667 0.300000 0.333333 0.366667 0.400000 0.433333 0.466667 0.500000
0.533333 0.566667 0.600000 0.633333 0.666667 0.700000 0.733333 0.766667 0.800000 0.833333 0.866667 0.900000 0.933333 0.966667 1.000000</float_array>
          <technique_common>
            <accessor source="#Bip01_Neck-Matrix-animation-input-array" count="31">
              <param name="TIME" type="float"/>
            </accessor>
          </technique_common>
        </source>
        <source id="Bip01_Neck-Matrix-animation-output-transform">
          <float_array id="Bip01_Neck-Matrix-animation-output-transform-array" count="496">

0.965926 -0.258819 -0.000001 0.222970 0.258819 0.965926 -0.000000 -0.000086 0.000001 -0.000000 1.000000 0.000000 0.000000 0.000000 0.000000 1.000000
0.965926 -0.258819 -0.000001 0.222970 0.258819 0.965926 -0.000000 -0.000087 0.000001 -0.000000 1.000000 -0.000000 0.000000 0.000000 0.000000 1.000000
0.965926 -0.258819 -0.000001 0.222970 0.258819 0.965926 -0.000000 -0.000087 0.000001 -0.000000 1.000000 -0.000000 0.000000 0.000000 0.000000 1.000000
0.965926 -0.258819 -0.000001 0.222970 0.258819 0.965926 -0.000000 -0.000087 0.000001 -0.000000 1.000000 -0.000000 0.000000 0.000000 0.000000 1.000000
0.965926 -0.258819 -0.000001 0.222970 0.258819 0.965926 0.000000 -0.000087 0.000001 -0.000000 1.000000 -0.000000 0.000000 0.000000 0.000000 1.000000
0.965926 -0.258819 -0.000001 0.222970 0.258819 0.965926 -0.000000 -0.000087 0.000001 -0.000000 1.000000 0.000000 0.000000 0.000000 0.000000 1.000000
0.965926 -0.258819 -0.000001 0.222970 0.258819 0.965926 -0.000000 -0.000087 0.000001 -0.000000 1.000000 0.000000 0.000000 0.000000 0.000000 1.000000
0.965926 -0.258819 -0.000001 0.222970 0.258819 0.965926 -0.000000 -0.000086 0.000001 0.000000 1.000000 -0.000000 0.000000 0.000000 0.000000 1.000000
0.965926 -0.258819 -0.000001 0.222970 0.258819 0.965926 0.000000 -0.000087 0.000001 0.000000 1.000000 -0.000000 0.000000 0.000000 0.000000 1.000000
0.965926 -0.258819 -0.000001 0.222970 0.258819 0.965926 -0.000000 -0.000087 0.000001 -0.000000 1.000000 -0.000000 0.000000 0.000000 0.000000 1.000000
0.965926 -0.258819 -0.000001 0.222970 0.258819 0.965926 -0.000000 -0.000087 0.000001 -0.000000 1.000000 -0.000000 0.000000 0.000000 0.000000 1.000000
0.965926 -0.258819 -0.000001 0.222970 0.258819 0.965926 -0.000000 -0.000087 0.000001 -0.000000 1.000000 -0.000000 0.000000 0.000000 0.000000 1.000000
0.965926 -0.258819 -0.000001 0.222970 0.258819 0.965926 -0.000000 -0.000087 0.000001 -0.000000 1.000000 -0.000000 0.000000 0.000000 0.000000 1.000000
0.965926 -0.258819 -0.000001 0.222970 0.258819 0.965926 -0.000000 -0.000087 0.000001 -0.000000 1.000000 -0.000000 0.000000 0.000000 0.000000 1.000000
0.965926 -0.258819 -0.000001 0.222970 0.258819 0.965926 -0.000000 -0.000087 0.000001 -0.000000 1.000000 0.000000 0.000000 0.000000 0.000000 1.000000
0.965926 -0.258819 -0.000001 0.222970 0.258819 0.965926 -0.000000 -0.000087 0.000001 -0.000000 1.000000 0.000000 0.000000 0.000000 0.000000 1.000000
0.965926 -0.258819 -0.000001 0.222970 0.258819 0.965926 -0.000000 -0.000086 0.000001 -0.000000 1.000000 -0.000000 0.000000 0.000000 0.000000 1.000000
0.965926 -0.258819 -0.000001 0.222970 0.258819 0.965926 -0.000000 -0.000086 0.000001 -0.000000 1.000000 -0.000000 0.000000 0.000000 0.000000 1.000000
0.965926 -0.258819 -0.000001 0.222970 0.258819 0.965926 -0.000000 -0.000087 0.000001 -0.000000 1.000000 -0.000000 0.000000 0.000000 0.000000 1.000000
0.965926 -0.258819 -0.000001 0.222970 0.258819 0.965926 -0.000000 -0.000086 0.000001 -0.000000 1.000000 -0.000000 0.000000 0.000000 0.000000 1.000000
0.965926 -0.258819 -0.000001 0.222970 0.258819 0.965926 -0.000000 -0.000087 0.000001 -0.000000 1.000000 0.000000 0.000000 0.000000 0.000000 1.000000
0.965926 -0.258819 -0.000001 0.222970 0.258819 0.965926 -0.000000 -0.000087 0.000001 -0.000000 1.000000 -0.000000 0.000000 0.000000 0.000000 1.000000
0.965926 -0.258819 -0.000001 0.222970 0.258819 0.965926 -0.000000 -0.000087 0.000001 -0.000000 1.000000 0.000000 0.000000 0.000000 0.000000 1.000000
0.965926 -0.258819 -0.000001 0.222970 0.258819 0.965926 -0.000000 -0.000087 0.000001 -0.000000 1.000000 -0.000000 0.000000 0.000000 0.000000 1.000000
0.965926 -0.258819 -0.000001 0.222970 0.258819 0.965926 -0.000000 -0.000087 0.000001 -0.000000 1.000000 0.000000 0.000000 0.000000 0.000000 1.000000
0.965926 -0.258819 -0.000001 0.222970 0.258819 0.965926 0.000000 -0.000087 0.000001 -0.000000 1.000000 -0.000000 0.000000 0.000000 0.000000 1.000000
0.965926 -0.258819 -0.000001 0.222970 0.258819 0.965926 -0.000000 -0.000087 0.000001 -0.000000 1.000000 0.000000 0.000000 0.000000 0.000000 1.000000
0.965926 -0.258819 -0.000001 0.222970 0.258819 0.965926 0.000000 -0.000087 0.000001 -0.000000 1.000000 0.000000 0.000000 0.000000 0.000000 1.000000
0.965926 -0.258819 -0.000001 0.222970 0.258819 0.965926 -0.000000 -0.000086 0.000001 -0.000000 1.000000 0.000000 0.000000 0.000000 0.000000 1.000000
0.965926 -0.258819 -0.000001 0.222970 0.258819 0.965926 -0.000000 -0.000087 0.000001 -0.000000 1.000000 -0.000000 0.000000 0.000000 0.000000 1.000000
0.965926 -0.258819 -0.000001 0.222970 0.258819 0.965926 -0.000000 -0.000086 0.000001 -0.000000 1.000000 0.000000 0.000000 0.000000 0.000000 1.000000</float_array>
          <technique_common>
            <accessor source="#Bip01_Neck-Matrix-animation-output-transform-array" count="31" stride="16">
              <param type="float4x4"/>
            </accessor>
          </technique_common>
        </source>
        <source id="Bip01_Neck-Interpolations">
          <Name_array id="Bip01_Neck-Interpolations-array" count="31">
 LINEAR LINEAR LINEAR LINEAR LINEAR LINEAR LINEAR LINEAR LINEAR LINEAR LINEAR
LINEAR LINEAR LINEAR LINEAR LINEAR LINEAR LINEAR LINEAR LINEAR LINEAR LINEAR LINEAR
LINEAR LINEAR LINEAR LINEAR LINEAR LINEAR LINEAR LINEAR</Name_array>
          <technique_common>
            <accessor source="#Bip01_Neck-Interpolations-array" count="31">
              <param type="name"/>
            </accessor>
          </technique_common>
        </source>
        <sampler id="Bip01_Neck-Matrix-animation-transform">
          <input semantic="INPUT" source="#Bip01_Neck-Matrix-animation-input"/>
          <input semantic="OUTPUT" source="#Bip01_Neck-Matrix-animation-output-transform"/>
          <input semantic="INTERPOLATION" source="#Bip01_Neck-Interpolations"/>
        </sampler>
        <channel source="#Bip01_Neck-Matrix-animation-transform" target="Bip01_Neck/matrix"/>
      </animation>
    </animation>
    <animation id="Bip01_L_Clavicle-anim" name="Bip01_L_Clavicle">
      <animation>
        <source id="Bip01_L_Clavicle-Matrix-animation-input">
          <float_array id="Bip01_L_Clavicle-Matrix-animation-input-array" count="31">

0.000000 0.033333 0.066667 0.100000 0.133333 0.166667 0.200000 0.233333 0.266667 0.300000 0.333333 0.366667 0.400000 0.433333 0.466667 0.500000
0.533333 0.566667 0.600000 0.633333 0.666667 0.700000 0.733333 0.766667 0.800000 0.833333 0.866667 0.900000 0.933333 0.966667 1.000000</float_array>
          <technique_common>
            <accessor source="#Bip01_L_Clavicle-Matrix-animation-input-array" count="31">
              <param name="TIME" type="float"/>
            </accessor>
          </technique_common>
        </source>
        <source id="Bip01_L_Clavicle-Matrix-animation-output-transform">
          <float_array id="Bip01_L_Clavicle-Matrix-animation-output-transform-array" count="496">

-0.206406 -0.255644 0.944480 0.000000 0.229165 -0.951049 -0.207341 0.000089 0.951252 0.173645 0.254886 0.030012 0.000000 0.000000 0.000000 1.000000
-0.246796 -0.259568 0.933658 -0.000000 0.078905 -0.965643 -0.247603 0.000090 0.965850 0.012563 0.258798 0.030012 0.000000 0.000000 0.000000 1.000000
-0.292798 -0.255770 0.921331 0.000000 -0.092232 -0.951512 -0.293459 0.000090 0.951716 -0.170900 0.255011 0.030012 0.000000 0.000000 0.000000 1.000000
-0.334718 -0.244303 0.910099 0.000000 -0.248183 -0.908854 -0.335246 0.000090 0.909048 -0.338084 0.243578 0.030012 0.000000 0.000000 0.000000 1.000000
-0.364249 -0.231048 0.902186 0.000000 -0.358044 -0.859541 -0.364683 0.000090 0.859725 -0.455858 0.230362 0.030012 0.000000 0.000000 0.000000 1.000000
-0.375318 -0.224810 0.899220 -0.000000 -0.399222 -0.836336 -0.375717 0.000090 0.836515 -0.500002 0.224143 0.030012 0.000000 0.000000 0.000000 1.000000
-0.365588 -0.230332 0.901827 -0.000000 -0.363027 -0.856879 -0.366018 0.000090 0.857063 -0.461200 0.229649 0.030012 0.000000 0.000000 0.000000 1.000000
-0.339793 -0.242351 0.908739 0.000000 -0.267063 -0.901593 -0.340305 0.000090 0.901786 -0.358324 0.241632 0.030012 0.000000 0.000000 0.000000 1.000000
-0.303395 -0.253622 0.918492 0.000000 -0.131656 -0.943524 -0.304022 0.000090 0.943726 -0.213164 0.252870 0.030012 0.000000 0.000000 0.000000 1.000000
-0.263530 -0.259207 0.929174 -0.000000 0.016650 -0.964301 -0.264284 0.000090 0.964507 -0.054176 0.258438 0.030012 0.000000 0.000000 0.000000 1.000000
-0.228528 -0.258639 0.938553 -0.000000 0.146866 -0.962190 -0.229393 0.000090 0.962396 0.085419 0.257872 0.030012 0.000000 0.000000 0.000000 1.000000
-0.206406 -0.255644 0.944480 0.000000 0.229165 -0.951048 -0.207341 0.000089 0.951252 0.173646 0.254886 0.030012 0.000000 0.000000 0.000000 1.000000
-0.196699 -0.253668 0.947081 -0.000000 0.265275 -0.943694 -0.197666 0.000089 0.943896 0.212356 0.252915 0.030012 0.000000 0.000000 0.000000 1.000000
-0.192946 -0.252792 0.948086 0.000000 0.279237 -0.940436 -0.193924 0.000090 0.940637 0.227324 0.252042 0.030012 0.000000 0.000000 0.000000 1.000000
-0.193481 -0.252921 0.947943 0.000000 0.277245 -0.940915 -0.194458 0.000090 0.941116 0.225189 0.252171 0.030012 0.000000 0.000000 0.000000 1.000000
-0.196699 -0.253668 0.947081 0.000000 0.265275 -0.943694 -0.197666 0.000089 0.943896 0.212356 0.252915 0.030012 0.000000 0.000000 0.000000 1.000000
-0.201004 -0.254595 0.945927 -0.000000 0.249260 -0.947145 -0.201956 0.000089 0.947347 0.195188 0.253840 0.030012 0.000000 0.000000 0.000000 1.000000
-0.204783 -0.255342 0.944915 0.000000 0.235202 -0.949925 -0.205723 0.000089 0.950129 0.180118 0.254585 0.030012 0.000000 0.000000 0.000000 1.000000
-0.206406 -0.255644 0.944480 0.000000 0.229165 -0.951048 -0.207341 0.000090 0.951252 0.173646 0.254886 0.030012 0.000000 0.000000 0.000000 1.000000
-0.206405 -0.255645 0.944480 0.000000 0.229165 -0.951048 -0.207341 0.000089 0.951252 0.173645 0.254886 0.030012 0.000000 0.000000 0.000000 1.000000
-0.206406 -0.255645 0.944480 0.000000 0.229165 -0.951048 -0.207341 0.000090 0.951252 0.173646 0.254887 0.030012 0.000000 0.000000 0.000000 1.000000
-0.206406 -0.255645 0.944480 0.000000 0.229165 -0.951049 -0.207341 0.000089 0.951252 0.173646 0.254886 0.030012 0.000000 0.000000 0.000000 1.000000
-0.206406 -0.255644 0.944480 0.000000 0.229165 -0.951048 -0.207341 0.000090 0.951252 0.173646 0.254886 0.030012 0.000000 0.000000 0.000000 1.000000
-0.206406 -0.255644 0.944480 -0.000000 0.229165 -0.951048 -0.207341 0.000090 0.951252 0.173646 0.254886 0.030012 0.000000 0.000000 0.000000 1.000000
-0.206406 -0.255645 0.944480 0.000000 0.229165 -0.951048 -0.207341 0.000090 0.951252 0.173645 0.254887 0.030012 0.000000 0.000000 0.000000 1.000000
-0.206405 -0.255645 0.944480 0.000000 0.229165 -0.951048 -0.207341 0.000089 0.951252 0.173645 0.254886 0.030012 0.000000 0.000000 0.000000 1.000000
-0.206406 -0.255644 0.944480 0.000000 0.229165 -0.951048 -0.207341 0.000089 0.951252 0.173645 0.254886 0.030012 0.000000 0.000000 0.000000 1.000000
-0.206406 -0.255644 0.944480 0.000000 0.229165 -0.951049 -0.207341 0.000089 0.951252 0.173645 0.254886 0.030012 0.000000 0.000000 0.000000 1.000000
-0.206406 -0.255644 0.944480 0.000000 0.229165 -0.951049 -0.207341 0.000089 0.951252 0.173645 0.254886 0.030012 0.000000 0.000000 0.000000 1.000000
-0.206406 -0.255644 0.944480 0.000000 0.229165 -0.951048 -0.207341 0.000089 0.951252 0.173646 0.254886 0.030012 0.000000 0.000000 0.000000 1.000000
