<?xml version="1.0" encoding="utf-8"?>
<COLLADA xmlns="http://www.collada.org/2005/11/COLLADASchema" version="1.4.0">
  <asset>
    <contributor>
      <author></author>
      <authoring_tool>FBX COLLADA exporter</authoring_tool>
      <comments></comments>
    </contributor>
    <created>2010-06-26T14:49:51Z</created>
    <modified>2010-06-26T14:49:51Z</modified>
    <revision></revision>
    <title></title>
    <subject></subject>
    <keywords></keywords>
    <unit meter="1.000000"/>
    <up_axis>Y_UP</up_axis>
  </asset>
  <library_animations>
    <animation id="Bip01-anim" name="Bip01">
      <animation>
        <source id="Bip01-Matrix-animation-input">
          <float_array id="Bip01-Matrix-animation-input-array" count="21">

0.000000 0.033333 0.066667 0.100000 0.133333 0.166667 0.200000 0.233333 0.266667 0.300000 0.333333 0.366667 0.400000 0.433333 0.466667 0.500000
0.533333 0.566667 0.600000 0.633333 0.666667</float_array>
          <technique_common>
            <accessor source="#Bip01-Matrix-animation-input-array" count="21">
              <param name="TIME" type="float"/>
            </accessor>
          </technique_common>
        </source>
        <source id="Bip01-Matrix-animation-output-transform">
          <float_array id="Bip01-Matrix-animation-output-transform-array" count="336">

0.000000 0.000000 -1.000000 -0.779455 -0.000000 1.000000 0.000000 0.000000 1.000000 -0.000000 0.000000 0.107754 0.000000 0.000000 0.000000 1.000000
0.000000 0.000000 -1.000000 -0.735496 -0.000000 1.000000 0.000000 0.001520 1.000000 -0.000000 0.000000 0.154013 0.000000 0.000000 0.000000 1.000000
0.000000 0.000000 -1.000000 -0.689024 -0.000000 1.000000 0.000000 0.004054 1.000000 -0.000000 0.000000 0.202915 0.000000 0.000000 0.000000 1.000000
0.000000 0.000000 -1.000000 -0.647576 -0.000000 1.000000 0.000000 0.004560 1.000000 -0.000000 0.000000 0.246530 0.000000 0.000000 0.000000 1.000000
0.000000 0.000000 -1.000000 -0.618689 -0.000000 1.000000 0.000000 0.000000 1.000000 -0.000000 0.000000 0.276928 0.000000 0.000000 0.000000 1.000000
0.000000 0.000000 -1.000000 -0.607385 -0.000000 1.000000 0.000000 -0.013934 1.000000 -0.000000 0.000000 0.288823 0.000000 0.000000 0.000000 1.000000
0.000000 0.000000 -1.000000 -0.608641 -0.000000 1.000000 0.000000 -0.034455 1.000000 -0.000000 0.000000 0.287502 0.000000 0.000000 0.000000 1.000000
0.000000 0.000000 -1.000000 -0.614921 -0.000000 1.000000 0.000000 -0.053963 1.000000 -0.000000 0.000000 0.280893 0.000000 0.000000 0.000000 1.000000
0.000000 0.000000 -1.000000 -0.618689 -0.000000 1.000000 0.000000 -0.064857 1.000000 -0.000000 0.000000 0.276928 0.000000 0.000000 0.000000 1.000000
0.000000 0.000000 -1.000000 -0.618689 -0.000000 1.000000 0.000000 -0.068263 1.000000 -0.000000 0.000000 0.276928 0.000000 0.000000 0.000000 1.000000
0.000000 0.000000 -1.000000 -0.618689 -0.000000 1.000000 0.000000 -0.070487 1.000000 -0.000000 0.000000 0.276928 0.000000 0.000000 0.000000 1.000000
0.000000 0.000000 -1.000000 -0.618689 -0.000000 1.000000 0.000000 -0.071697 1.000000 -0.000000 0.000000 0.276928 0.000000 0.000000 0.000000 1.000000
0.000000 0.000000 -1.000000 -0.618689 -0.000000 1.000000 0.000000 -0.072063 1.000000 -0.000000 0.000000 0.276928 0.000000 0.000000 0.000000 1.000000
0.000000 0.000000 -1.000000 -0.618689 -0.000000 1.000000 0.000000 -0.071754 1.000000 -0.000000 0.000000 0.276928 0.000000 0.000000 0.000000 1.000000
0.000000 0.000000 -1.000000 -0.618689 -0.000000 1.000000 0.000000 -0.070937 1.000000 -0.000000 0.000000 0.276928 0.000000 0.000000 0.000000 1.000000
0.000000 0.000000 -1.000000 -0.618689 -0.000000 1.000000 0.000000 -0.069783 1.000000 -0.000000 0.000000 0.276928 0.000000 0.000000 0.000000 1.000000
0.000000 0.000000 -1.000000 -0.618689 -0.000000 1.000000 0.000000 -0.068460 1.000000 -0.000000 0.000000 0.276928 0.000000 0.000000 0.000000 1.000000
0.000000 0.000000 -1.000000 -0.618689 -0.000000 1.000000 0.000000 -0.067137 1.000000 -0.000000 0.000000 0.276928 0.000000 0.000000 0.000000 1.000000
0.000000 0.000000 -1.000000 -0.618689 -0.000000 1.000000 0.000000 -0.065983 1.000000 -0.000000 0.000000 0.276928 0.000000 0.000000 0.000000 1.000000
0.000000 0.000000 -1.000000 -0.618689 -0.000000 1.000000 0.000000 -0.065166 1.000000 -0.000000 0.000000 0.276928 0.000000 0.000000 0.000000 1.000000
0.000000 0.000000 -1.000000 -0.618689 -0.000000 1.000000 0.000000 -0.064857 1.000000 -0.000000 0.000000 0.276928 0.000000 0.000000 0.000000 1.000000</float_array>
          <technique_common>
            <accessor source="#Bip01-Matrix-animation-output-transform-array" count="21" stride="16">
              <param type="float4x4"/>
            </accessor>
          </technique_common>
        </source>
        <source id="Bip01-Interpolations">
          <Name_array id="Bip01-Interpolations-array" count="21">
 LINEAR LINEAR LINEAR LINEAR LINEAR LINEAR LINEAR LINEAR LINEAR LINEAR LINEAR
LINEAR LINEAR LINEAR LINEAR LINEAR LINEAR LINEAR LINEAR LINEAR LINEAR</Name_array>
          <technique_common>
            <accessor source="#Bip01-Interpolations-array" count="21">
              <param type="name"/>
            </accessor>
          </technique_common>
        </source>
        <sampler id="Bip01-Matrix-animation-transform">
          <input semantic="INPUT" source="#Bip01-Matrix-animation-input"/>
          <input semantic="OUTPUT" source="#Bip01-Matrix-animation-output-transform"/>
          <input semantic="INTERPOLATION" source="#Bip01-Interpolations"/>
        </sampler>
        <channel source="#Bip01-Matrix-animation-transform" target="Bip01/matrix"/>
      </animation>
    </animation>
    <animation id="Bip01_Pelvis-anim" name="Bip01_Pelvis">
      <animation>
        <source id="Bip01_Pelvis-Matrix-animation-input">
          <float_array id="Bip01_Pelvis-Matrix-animation-input-array" count="21">

0.000000 0.033333 0.066667 0.100000 0.133333 0.166667 0.200000 0.233333 0.266667 0.300000 0.333333 0.366667 0.400000 0.433333 0.466667 0.500000
0.533333 0.566667 0.600000 0.633333 0.666667</float_array>
          <technique_common>
            <accessor source="#Bip01_Pelvis-Matrix-animation-input-array" count="21">
              <param name="TIME" type="float"/>
            </accessor>
          </technique_common>
        </source>
        <source id="Bip01_Pelvis-Matrix-animation-output-transform">
          <float_array id="Bip01_Pelvis-Matrix-animation-output-transform-array" count="336">

-0.262863 0.775665 -0.573801 -0.035612 0.012714 0.597448 0.801807 0.000000 0.964749 0.203470 -0.166908 0.000000 0.000000 0.000000 0.000000 1.000000
-0.262863 0.775665 -0.573801 -0.035612 0.012714 0.597448 0.801807 0.000000 0.964750 0.203470 -0.166908 0.000000 0.000000 0.000000 0.000000 1.000000
-0.262863 0.775665 -0.573801 -0.035612 0.012714 0.597448 0.801807 0.000000 0.964749 0.203470 -0.166908 0.000000 0.000000 0.000000 0.000000 1.000000
-0.262863 0.775665 -0.573801 -0.035612 0.012714 0.597448 0.801807 0.000000 0.964750 0.203470 -0.166908 0.000000 0.000000 0.000000 0.000000 1.000000
-0.262863 0.775665 -0.573801 -0.035612 0.012714 0.597448 0.801807 0.000000 0.964749 0.203470 -0.166908 -0.000000 0.000000 0.000000 0.000000 1.000000
-0.262863 0.775665 -0.573801 -0.035612 0.012714 0.597448 0.801807 0.000000 0.964750 0.203470 -0.166908 0.000000 0.000000 0.000000 0.000000 1.000000
-0.262863 0.775665 -0.573801 -0.035612 0.012714 0.597448 0.801807 0.000000 0.964749 0.203470 -0.166908 0.000000 0.000000 0.000000 0.000000 1.000000
-0.262863 0.775665 -0.573801 -0.035612 0.012714 0.597448 0.801807 0.000000 0.964750 0.203470 -0.166908 0.000000 0.000000 0.000000 0.000000 1.000000
-0.262863 0.775665 -0.573801 -0.035612 0.012714 0.597448 0.801807 0.000000 0.964749 0.203470 -0.166908 0.000000 0.000000 0.000000 0.000000 1.000000
-0.262863 0.775665 -0.573801 -0.035612 0.012714 0.597448 0.801807 0.000000 0.964750 0.203470 -0.166908 0.000000 0.000000 0.000000 0.000000 1.000000
-0.262863 0.775665 -0.573801 -0.035612 0.012714 0.597448 0.801807 0.000000 0.964749 0.203470 -0.166908 0.000000 0.000000 0.000000 0.000000 1.000000
-0.262863 0.775665 -0.573801 -0.035612 0.012714 0.597448 0.801807 0.000000 0.964750 0.203470 -0.166908 0.000000 0.000000 0.000000 0.000000 1.000000
-0.262863 0.775665 -0.573801 -0.035612 0.012714 0.597448 0.801807 0.000000 0.964749 0.203470 -0.166908 -0.000000 0.000000 0.000000 0.000000 1.000000
-0.262863 0.775665 -0.573801 -0.035612 0.012714 0.597448 0.801807 0.000000 0.964749 0.203470 -0.166908 0.000000 0.000000 0.000000 0.000000 1.000000
-0.262863 0.775665 -0.573801 -0.035612 0.012714 0.597448 0.801807 0.000000 0.964749 0.203470 -0.166908 -0.000000 0.000000 0.000000 0.000000 1.000000
-0.262863 0.775665 -0.573801 -0.035612 0.012714 0.597448 0.801807 0.000000 0.964749 0.203470 -0.166908 -0.000000 0.000000 0.000000 0.000000 1.000000
-0.262863 0.775665 -0.573801 -0.035612 0.012714 0.597448 0.801807 0.000000 0.964749 0.203470 -0.166908 0.000000 0.000000 0.000000 0.000000 1.000000
-0.262863 0.775665 -0.573801 -0.035612 0.012714 0.597448 0.801807 0.000000 0.964750 0.203470 -0.166908 0.000000 0.000000 0.000000 0.000000 1.000000
-0.262863 0.775665 -0.573801 -0.035612 0.012714 0.597448 0.801807 0.000000 0.964749 0.203470 -0.166908 0.000000 0.000000 0.000000 0.000000 1.000000
-0.262863 0.775665 -0.573801 -0.035612 0.012714 0.597448 0.801807 0.000000 0.964750 0.203470 -0.166908 0.000000 0.000000 0.000000 0.000000 1.000000
-0.262863 0.775665 -0.573801 -0.035612 0.012714 0.597448 0.801807 0.000000 0.964749 0.203470 -0.166908 0.000000 0.000000 0.000000 0.000000 1.000000</float_array>
          <technique_common>
            <accessor source="#Bip01_Pelvis-Matrix-animation-output-transform-array" count="21" stride="16">
              <param type="float4x4"/>
            </accessor>
          </technique_common>
        </source>
        <source id="Bip01_Pelvis-Interpolations">
          <Name_array id="Bip01_Pelvis-Interpolations-array" count="21">
 LINEAR LINEAR LINEAR LINEAR LINEAR LINEAR LINEAR LINEAR LINEAR LINEAR LINEAR
LINEAR LINEAR LINEAR LINEAR LINEAR LINEAR LINEAR LINEAR LINEAR LINEAR</Name_array>
          <technique_common>
            <accessor source="#Bip01_Pelvis-Interpolations-array" count="21">
              <param type="name"/>
            </accessor>
          </technique_common>
        </source>
        <sampler id="Bip01_Pelvis-Matrix-animation-transform">
          <input semantic="INPUT" source="#Bip01_Pelvis-Matrix-animation-input"/>
          <input semantic="OUTPUT" source="#Bip01_Pelvis-Matrix-animation-output-transform"/>
          <input semantic="INTERPOLATION" source="#Bip01_Pelvis-Interpolations"/>
        </sampler>
        <channel source="#Bip01_Pelvis-Matrix-animation-transform" target="Bip01_Pelvis/matrix"/>
      </animation>
    </animation>
    <animation id="Bip01_Spine-anim" name="Bip01_Spine">
      <animation>
        <source id="Bip01_Spine-Matrix-animation-input">
          <float_array id="Bip01_Spine-Matrix-animation-input-array" count="21">

0.000000 0.033333 0.066667 0.100000 0.133333 0.166667 0.200000 0.233333 0.266667 0.300000 0.333333 0.366667 0.400000 0.433333 0.466667 0.500000
0.533333 0.566667 0.600000 0.633333 0.666667</float_array>
          <technique_common>
            <accessor source="#Bip01_Spine-Matrix-animation-input-array" count="21">
              <param name="TIME" type="float"/>
            </accessor>
          </technique_common>
        </source>
        <source id="Bip01_Spine-Matrix-animation-output-transform">
          <float_array id="Bip01_Spine-Matrix-animation-output-transform-array" count="336">

0.981692 -0.190171 -0.010715 0.095169 0.131230 0.634512 0.761691 0.019952 -0.138053 -0.749152 0.647852 -0.016326 0.000000 0.000000 0.000000 1.000000
0.942707 -0.330374 0.046432 0.095194 0.215388 0.708981 0.671531 0.019939 -0.254776 -0.623056 0.739520 -0.016348 0.000000 0.000000 0.000000 1.000000
0.879585 -0.460022 0.121287 0.095216 0.314550 0.753610 0.577174 0.019931 -0.356916 -0.469523 0.807564 -0.016376 0.000000 0.000000 0.000000 1.000000
0.804255 -0.556025 0.209786 0.095234 0.413085 0.776826 0.475291 0.019926 -0.427241 -0.295596 0.854452 -0.016407 0.000000 0.000000 0.000000 1.000000
0.737993 -0.601936 0.305024 0.095242 0.496755 0.790536 0.358170 0.019924 -0.456728 -0.112805 0.882425 -0.016439 0.000000 0.000000 0.000000 1.000000
0.698651 -0.586044 0.410414 0.095239 0.560719 0.804795 0.194677 0.019921 -0.444388 0.094116 0.890877 -0.016476 0.000000 0.000000 0.000000 1.000000
0.686834 -0.518309 0.509524 0.095227 0.604205 0.796820 -0.003906 0.019923 -0.403974 0.310539 0.860447 -0.016514 0.000000 0.000000 0.000000 1.000000
0.692653 -0.436189 0.574431 0.095212 0.625494 0.759827 -0.177257 0.019929 -0.359151 0.482081 0.799130 -0.016545 0.000000 0.000000 0.000000 1.000000
0.698334 -0.388337 0.601268 0.095204 0.634701 0.724287 -0.269374 0.019936 -0.330883 0.569739 0.752272 -0.016560 0.000000 0.000000 0.000000 1.000000
0.697554 -0.376683 0.609531 0.095202 0.642252 0.705860 -0.298788 0.019939 -0.317696 0.599893 0.734301 -0.016566 0.000000 0.000000 0.000000 1.000000
0.696880 -0.371125 0.613697 0.095201 0.648111 0.692293 -0.317304 0.019941 -0.307099 0.618867 0.722976 -0.016569 0.000000 0.000000 0.000000 1.000000
0.696166 -0.370958 0.614608 0.095201 0.652718 0.683492 -0.326800 0.019943 -0.298850 0.628673 0.717955 -0.016571 0.000000 0.000000 0.000000 1.000000
0.695343 -0.375333 0.612880 0.095201 0.656401 0.678922 -0.328942 0.019944 -0.292635 0.631023 0.718453 -0.016571 0.000000 0.000000 0.000000 1.000000
0.694393 -0.383323 0.609001 0.095203 0.659409 0.677783 -0.325252 0.019944 -0.288094 0.627434 0.723415 -0.016570 0.000000 0.000000 0.000000 1.000000
0.693326 -0.393967 0.603398 0.095205 0.661941 0.679144 -0.317171 0.019944 -0.284840 0.619317 0.731651 -0.016569 0.000000 0.000000 0.000000 1.000000
0.692169 -0.406300 0.596509 0.095207 0.664165 0.682039 -0.306117 0.019943 -0.282467 0.608064 0.741937 -0.016567 0.000000 0.000000 0.000000 1.000000
0.690949 -0.419383 0.588819 0.095209 0.666240 0.685541 -0.293526 0.019943 -0.280560 0.595106 0.753084 -0.016565 0.000000 0.000000 0.000000 1.000000
0.689688 -0.432316 0.580889 0.095212 0.668326 0.688804 -0.280872 0.019942 -0.278694 0.581938 0.763989 -0.016562 0.000000 0.000000 0.000000 1.000000
0.688403 -0.444250 0.573362 0.095214 0.670585 0.691081 -0.269672 0.019942 -0.276438 0.570130 0.773650 -0.016560 0.000000 0.000000 0.000000 1.000000
0.687100 -0.454384 0.566947 0.095216 0.673180 0.691708 -0.261473 0.019942 -0.273353 0.561316 0.781155 -0.016559 0.000000 0.000000 0.000000 1.000000
0.685791 -0.461947 0.562401 0.095217 0.676266 0.690063 -0.257831 0.019942 -0.268988 0.557151 0.785638 -0.016558 0.000000 0.000000 0.000000 1.000000</float_array>
          <technique_common>
            <accessor source="#Bip01_Spine-Matrix-animation-output-transform-array" count="21" stride="16">
              <param type="float4x4"/>
            </accessor>
          </technique_common>
        </source>
        <source id="Bip01_Spine-Interpolations">
          <Name_array id="Bip01_Spine-Interpolations-array" count="21">
 LINEAR LINEAR LINEAR LINEAR LINEAR LINEAR LINEAR LINEAR LINEAR LINEAR LINEAR
LINEAR LINEAR LINEAR LINEAR LINEAR LINEAR LINEAR LINEAR LINEAR LINEAR</Name_array>
          <technique_common>
            <accessor source="#Bip01_Spine-Interpolations-array" count="21">
              <param type="name"/>
            </accessor>
          </technique_common>
        </source>
        <sampler id="Bip01_Spine-Matrix-animation-transform">
          <input semantic="INPUT" source="#Bip01_Spine-Matrix-animation-input"/>
          <input semantic="OUTPUT" source="#Bip01_Spine-Matrix-animation-output-transform"/>
          <input semantic="INTERPOLATION" source="#Bip01_Spine-Interpolations"/>
        </sampler>
        <channel source="#Bip01_Spine-Matrix-animation-transform" target="Bip01_Spine/matrix"/>
      </animation>
    </animation>
    <animation id="Bip01_Spine1-anim" name="Bip01_Spine1">
      <animation>
        <source id="Bip01_Spine1-Matrix-animation-input">
          <float_array id="Bip01_Spine1-Matrix-animation-input-array" count="21">

0.000000 0.033333 0.066667 0.100000 0.133333 0.166667 0.200000 0.233333 0.266667 0.300000 0.333333 0.366667 0.400000 0.433333 0.466667 0.500000
0.533333 0.566667 0.600000 0.633333 0.666667</float_array>
          <technique_common>
            <accessor source="#Bip01_Spine1-Matrix-animation-input-array" count="21">
              <param name="TIME" type="float"/>
            </accessor>
          </technique_common>
        </source>
        <source id="Bip01_Spine1-Matrix-animation-output-transform">
          <float_array id="Bip01_Spine1-Matrix-animation-output-transform-array" count="336">

0.987364 0.012735 -0.157956 0.222944 0.057725 0.899377 0.433346 -0.000160 0.147580 -0.436989 0.887277 0.000078 0.000000 0.000000 0.000000 1.000000
0.988319 -0.066714 -0.137020 0.222958 0.088607 0.983055 0.160473 -0.000175 0.123993 -0.170739 0.977484 0.000030 0.000000 0.000000 0.000000 1.000000
0.985041 -0.146954 -0.089995 0.222973 0.133406 0.980903 -0.141534 -0.000174 0.109075 0.127410 0.985834 -0.000023 0.000000 0.000000 0.000000 1.000000
0.980895 -0.191626 -0.033529 0.222981 0.162872 0.903195 -0.397129 -0.000160 0.106384 0.384080 0.917151 -0.000068 0.000000 0.000000 0.000000 1.000000
0.983162 -0.182723 -0.002172 0.222979 0.150808 0.818037 -0.555043 -0.000145 0.103195 0.545370 0.831819 -0.000097 0.000000 0.000000 0.000000 1.000000
0.994064 -0.105247 -0.027578 0.222965 0.067151 0.792936 -0.605593 -0.000141 0.085604 0.600146 0.795296 -0.000107 0.000000 0.000000 0.000000 1.000000
0.995757 0.020429 -0.089729 0.222943 -0.068968 0.811210 -0.580674 -0.000144 0.060927 0.584398 0.809177 -0.000104 0.000000 0.000000 0.000000 1.000000
0.978265 0.147616 -0.145623 0.222921 -0.202489 0.831349 -0.517549 -0.000148 0.044665 0.535787 0.843171 -0.000095 0.000000 0.000000 0.000000 1.000000
0.959805 0.223968 -0.169150 0.222907 -0.278272 0.837923 -0.469521 -0.000149 0.036577 0.497718 0.866567 -0.000088 0.000000 0.000000 0.000000 1.000000
0.952175 0.253564 -0.170496 0.222902 -0.304182 0.839445 -0.450340 -0.000149 0.028932 0.480664 0.876428 -0.000085 0.000000 0.000000 0.000000 1.000000
0.946192 0.276469 -0.168185 0.222898 -0.322847 0.842063 -0.432089 -0.000149 0.022163 0.463137 0.886010 -0.000082 0.000000 0.000000 0.000000 1.000000
0.941942 0.293624 -0.162883 0.222894 -0.335395 0.845896 -0.414693 -0.000150 0.016018 0.445247 0.895265 -0.000079 0.000000 0.000000 0.000000 1.000000
0.939313 0.305952 -0.155193 0.222892 -0.342908 0.850883 -0.398010 -0.000151 0.010279 0.427073 0.904159 -0.000076 0.000000 0.000000 0.000000 1.000000
0.938062 0.314359 -0.145665 0.222891 -0.346435 0.856835 -0.381859 -0.000152 0.004770 0.408671 0.912669 -0.000073 0.000000 0.000000 0.000000 1.000000
0.937863 0.319750 -0.134802 0.222890 -0.347003 0.863479 -0.366049 -0.000153 -0.000645 0.390081 0.920780 -0.000069 0.000000 0.000000 0.000000 1.000000
0.938351 0.323033 -0.123070 0.222889 -0.345630 0.870496 -0.350394 -0.000155 -0.006057 0.371330 0.928481 -0.000066 0.000000 0.000000 0.000000 1.000000
0.939145 0.325129 -0.110898 0.222889 -0.343329 0.877543 -0.334729 -0.000156 -0.011513 0.352433 0.935766 -0.000063 0.000000 0.000000 0.000000 1.000000
0.939866 0.326977 -0.098682 0.222889 -0.341120 0.884270 -0.318911 -0.000157 -0.017015 0.333396 0.942633 -0.000059 0.000000 0.000000 0.000000 1.000000
0.940147 0.329532 -0.086785 0.222888 -0.340023 0.890325 -0.302829 -0.000158 -0.022525 0.314213 0.949085 -0.000056 0.000000 0.000000 0.000000 1.000000
0.939626 0.333763 -0.075536 0.222887 -0.341060 0.895353 -0.286395 -0.000159 -0.027957 0.294866 0.955130 -0.000052 0.000000 0.000000 0.000000 1.000000
0.937926 0.340646 -0.065224 0.222886 -0.345243 0.898974 -0.269541 -0.000160 -0.033183 0.275328 0.960777 -0.000049 0.000000 0.000000 0.000000 1.000000</float_array>
          <technique_common>
            <accessor source="#Bip01_Spine1-Matrix-animation-output-transform-array" count="21" stride="16">
              <param type="float4x4"/>
            </accessor>
          </technique_common>
        </source>
        <source id="Bip01_Spine1-Interpolations">
          <Name_array id="Bip01_Spine1-Interpolations-array" count="21">
 LINEAR LINEAR LINEAR LINEAR LINEAR LINEAR LINEAR LINEAR LINEAR LINEAR LINEAR
LINEAR LINEAR LINEAR LINEAR LINEAR LINEAR LINEAR LINEAR LINEAR LINEAR</Name_array>
          <technique_common>
            <accessor source="#Bip01_Spine1-Interpolations-array" count="21">
              <param type="name"/>
            </accessor>
          </technique_common>
        </source>
        <sampler id="Bip01_Spine1-Matrix-animation-transform">
          <input semantic="INPUT" source="#Bip01_Spine1-Matrix-animation-input"/>
          <input semantic="OUTPUT" source="#Bip01_Spine1-Matrix-animation-output-transform"/>
          <input semantic="INTERPOLATION" source="#Bip01_Spine1-Interpolations"/>
        </sampler>
        <channel source="#Bip01_Spine1-Matrix-animation-transform" target="Bip01_Spine1/matrix"/>
      </animation>
    </animation>
    <animation id="Bip01_Neck-anim" name="Bip01_Neck">
      <animation>
        <source id="Bip01_Neck-Matrix-animation-input">
          <float_array id="Bip01_Neck-Matrix-animation-input-array" count="21">

0.000000 0.033333 0.066667 0.100000 0.133333 0.166667 0.200000 0.233333 0.266667 0.300000 0.333333 0.366667 0.400000 0.433333 0.466667 0.500000
0.533333 0.566667 0.600000 0.633333 0.666667</float_array>
          <technique_common>
            <accessor source="#Bip01_Neck-Matrix-animation-input-array" count="21">
              <param name="TIME" type="float"/>
            </accessor>
          </technique_common>
        </source>
        <source id="Bip01_Neck-Matrix-animation-output-transform">
          <float_array id="Bip01_Neck-Matrix-animation-output-transform-array" count="336">

0.965926 -0.258819 -0.000001 0.222970 0.258819 0.965926 -0.000000 -0.000087 0.000001 0.000000 1.000000 0.000000 0.000000 0.000000 0.000000 1.000000
0.965926 -0.258819 -0.000001 0.222970 0.258819 0.965926 -0.000000 -0.000086 0.000001 -0.000000 1.000000 0.000000 0.000000 0.000000 0.000000 1.000000
0.965926 -0.258819 -0.000001 0.222970 0.258819 0.965926 -0.000000 -0.000087 0.000001 -0.000000 1.000000 0.000000 0.000000 0.000000 0.000000 1.000000
0.965926 -0.258819 -0.000001 0.222970 0.258819 0.965926 -0.000000 -0.000087 0.000001 -0.000000 1.000000 0.000000 0.000000 0.000000 0.000000 1.000000
0.965926 -0.258819 -0.000001 0.222970 0.258819 0.965926 -0.000000 -0.000087 0.000001 -0.000000 1.000000 -0.000000 0.000000 0.000000 0.000000 1.000000
0.965926 -0.258819 -0.000001 0.222970 0.258819 0.965926 -0.000000 -0.000087 0.000001 -0.000000 1.000000 -0.000000 0.000000 0.000000 0.000000 1.000000
0.965926 -0.258819 -0.000001 0.222970 0.258819 0.965926 0.000000 -0.000087 0.000001 -0.000000 1.000000 -0.000000 0.000000 0.000000 0.000000 1.000000
0.965926 -0.258819 -0.000001 0.222970 0.258819 0.965926 -0.000000 -0.000087 0.000001 -0.000000 1.000000 0.000000 0.000000 0.000000 0.000000 1.000000
0.965926 -0.258819 -0.000001 0.222970 0.258819 0.965926 -0.000000 -0.000087 0.000001 -0.000000 1.000000 -0.000000 0.000000 0.000000 0.000000 1.000000
0.965926 -0.258819 -0.000001 0.222970 0.258819 0.965926 -0.000000 -0.000087 0.000001 -0.000000 1.000000 -0.000000 0.000000 0.000000 0.000000 1.000000
0.965926 -0.258819 -0.000001 0.222970 0.258819 0.965926 -0.000000 -0.000087 0.000001 -0.000000 1.000000 -0.000000 0.000000 0.000000 0.000000 1.000000
0.965926 -0.258819 -0.000001 0.222970 0.258819 0.965926 -0.000000 -0.000087 0.000001 -0.000000 1.000000 -0.000000 0.000000 0.000000 0.000000 1.000000
0.965926 -0.258819 -0.000001 0.222970 0.258819 0.965926 -0.000000 -0.000087 0.000001 -0.000000 1.000000 0.000000 0.000000 0.000000 0.000000 1.000000
0.965926 -0.258819 -0.000001 0.222970 0.258819 0.965926 -0.000000 -0.000087 0.000001 -0.000000 1.000000 -0.000000 0.000000 0.000000 0.000000 1.000000
0.965926 -0.258819 -0.000001 0.222970 0.258819 0.965926 -0.000000 -0.000087 0.000001 -0.000000 1.000000 -0.000000 0.000000 0.000000 0.000000 1.000000
0.965926 -0.258819 -0.000001 0.222970 0.258819 0.965926 -0.000000 -0.000087 0.000001 -0.000000 1.000000 -0.000000 0.000000 0.000000 0.000000 1.000000
0.965926 -0.258819 -0.000001 0.222970 0.258819 0.965926 -0.000000 -0.000087 0.000001 -0.000000 1.000000 -0.000000 0.000000 0.000000 0.000000 1.000000
0.965926 -0.258819 -0.000001 0.222970 0.258819 0.965926 -0.000000 -0.000087 0.000001 -0.000000 1.000000 0.000000 0.000000 0.000000 0.000000 1.000000
0.965926 -0.258819 -0.000001 0.222970 0.258819 0.965926 -0.000000 -0.000087 0.000001 -0.000000 1.000000 -0.000000 0.000000 0.000000 0.000000 1.000000
0.965926 -0.258819 -0.000001 0.222970 0.258819 0.965926 -0.000000 -0.000087 0.000001 -0.000000 1.000000 -0.000000 0.000000 0.000000 0.000000 1.000000
0.965926 -0.258819 -0.000001 0.222970 0.258819 0.965926 0.000000 -0.000087 0.000001 -0.000000 1.000000 0.000000 0.000000 0.000000 0.000000 1.000000</float_array>
          <technique_common>
            <accessor source="#Bip01_Neck-Matrix-animation-output-transform-array" count="21" stride="16">
              <param type="float4x4"/>
            </accessor>
          </technique_common>
        </source>
        <source id="Bip01_Neck-Interpolations">
          <Name_array id="Bip01_Neck-Interpolations-array" count="21">
 LINEAR LINEAR LINEAR LINEAR LINEAR LINEAR LINEAR LINEAR LINEAR LINEAR LINEAR
LINEAR LINEAR LINEAR LINEAR LINEAR LINEAR LINEAR LINEAR LINEAR LINEAR</Name_array>
          <technique_common>
            <accessor source="#Bip01_Neck-Interpolations-array" count="21">
              <param type="name"/>
            </accessor>
          </technique_common>
        </source>
        <sampler id="Bip01_Neck-Matrix-animation-transform">
          <input semantic="INPUT" source="#Bip01_Neck-Matrix-animation-input"/>
          <input semantic="OUTPUT" source="#Bip01_Neck-Matrix-animation-output-transform"/>
          <input semantic="INTERPOLATION" source="#Bip01_Neck-Interpolations"/>
        </sampler>
        <channel source="#Bip01_Neck-Matrix-animation-transform" target="Bip01_Neck/matrix"/>
      </animation>
    </animation>
    <animation id="Bip01_L_Clavicle-anim" name="Bip01_L_Clavicle">
      <animation>
        <source id="Bip01_L_Clavicle-Matrix-animation-input">
          <float_array id="Bip01_L_Clavicle-Matrix-animation-input-array" count="21">

0.000000 0.033333 0.066667 0.100000 0.133333 0.166667 0.200000 0.233333 0.266667 0.300000 0.333333 0.366667 0.400000 0.433333 0.466667 0.500000
0.533333 0.566667 0.600000 0.633333 0.666667</float_array>
          <technique_common>
            <accessor source="#Bip01_L_Clavicle-Matrix-animation-input-array" count="21">
              <param name="TIME" type="float"/>
            </accessor>
          </technique_common>
        </source>
        <source id="Bip01_L_Clavicle-Matrix-animation-output-transform">
          <float_array id="Bip01_L_Clavicle-Matrix-animation-output-transform-array" count="336">

-0.249947 -0.259588 0.932813 0.000000 0.067184 -0.965719 -0.250744 0.000089 0.965926 -0.000003 0.258818 0.030012 0.000000 0.000000 0.000000 1.000000
-0.249947 -0.259588 0.932813 0.000000 0.067184 -0.965719 -0.250743 0.000089 0.965926 -0.000003 0.258818 0.030012 0.000000 0.000000 0.000000 1.000000
-0.249947 -0.259588 0.932813 0.000000 0.067184 -0.965719 -0.250744 0.000089 0.965926 -0.000003 0.258818 0.030012 0.000000 0.000000 0.000000 1.000000
-0.249947 -0.259588 0.932813 0.000000 0.067184 -0.965720 -0.250744 0.000089 0.965926 -0.000003 0.258818 0.030012 0.000000 0.000000 0.000000 1.000000
-0.249947 -0.259589 0.932813 0.000000 0.067184 -0.965719 -0.250744 0.000089 0.965926 -0.000003 0.258818 0.030012 0.000000 0.000000 0.000000 1.000000
-0.249947 -0.259588 0.932813 0.000000 0.067184 -0.965719 -0.250743 0.000089 0.965926 -0.000003 0.258818 0.030012 0.000000 0.000000 0.000000 1.000000
-0.249947 -0.259588 0.932813 -0.000000 0.067184 -0.965719 -0.250744 0.000090 0.965926 -0.000003 0.258818 0.030012 0.000000 0.000000 0.000000 1.000000
-0.249947 -0.259588 0.932813 -0.000000 0.067184 -0.965719 -0.250744 0.000090 0.965926 -0.000003 0.258818 0.030012 0.000000 0.000000 0.000000 1.000000
-0.249947 -0.259588 0.932813 0.000000 0.067184 -0.965720 -0.250744 0.000089 0.965926 -0.000003 0.258818 0.030012 0.000000 0.000000 0.000000 1.000000
-0.249947 -0.259588 0.932813 0.000000 0.067184 -0.965719 -0.250743 0.000089 0.965926 -0.000003 0.258818 0.030012 0.000000 0.000000 0.000000 1.000000
-0.249947 -0.259588 0.932813 0.000000 0.067184 -0.965719 -0.250744 0.000089 0.965926 -0.000003 0.258818 0.030012 0.000000 0.000000 0.000000 1.000000
-0.249946 -0.259588 0.932813 -0.000000 0.067184 -0.965719 -0.250744 0.000089 0.965926 -0.000003 0.258818 0.030012 0.000000 0.000000 0.000000 1.000000
-0.249947 -0.259588 0.932813 -0.000000 0.067184 -0.965719 -0.250744 0.000089 0.965926 -0.000003 0.258818 0.030012 0.000000 0.000000 0.000000 1.000000
-0.249946 -0.259588 0.932813 0.000000 0.067184 -0.965719 -0.250744 0.000089 0.965926 -0.000003 0.258818 0.030012 0.000000 0.000000 0.000000 1.000000
-0.249947 -0.259588 0.932813 0.000000 0.067184 -0.965719 -0.250744 0.000089 0.965926 -0.000003 0.258818 0.030012 0.000000 0.000000 0.000000 1.000000
-0.249947 -0.259588 0.932813 0.000000 0.067184 -0.965719 -0.250744 0.000089 0.965926 -0.000003 0.258818 0.030012 0.000000 0.000000 0.000000 1.000000
-0.249947 -0.259588 0.932813 0.000000 0.067184 -0.965719 -0.250744 0.000089 0.965926 -0.000003 0.258818 0.030012 0.000000 0.000000 0.000000 1.000000
-0.249947 -0.259588 0.932813 0.000000 0.067184 -0.965719 -0.250744 0.000089 0.965926 -0.000003 0.258818 0.030012 0.000000 0.000000 0.000000 1.000000
-0.249947 -0.259588 0.932813 -0.000000 0.067184 -0.965720 -0.250744 0.000089 0.965926 -0.000003 0.258818 0.030012 0.000000 0.000000 0.000000 1.000000
-0.249947 -0.259588 0.932813 0.000000 0.067184 -0.965719 -0.250744 0.000089 0.965926 -0.000003 0.258818 0.030012 0.000000 0.000000 0.000000 1.000000
-0.249946 -0.259588 0.932813 0.000000 0.067184 -0.965719 -0.250744 0.000090 0.965926 -0.000003 0.258818 0.030012 0.000000 0.000000 0.000000 1.000000</float_array>
          <technique_common>
            <accessor source="#Bip01_L_Clavicle-Matrix-animation-output-transform-array" count="21" stride="16">
              <param type="float4x4"/>
            </accessor>
          </technique_common>
        </source>
        <source id="Bip01_L_Clavicle-Interpolations">
          <Name_array id="Bip01_L_Clavicle-Interpolations-array" count="21">
 LINEAR LINEAR LINEAR LINEAR LINEAR LINEAR LINEAR LINEAR LINEAR LINEAR LINEAR
LINEAR LINEAR LINEAR LINEAR LINEAR LINEAR LINEAR LINEAR LINEAR LINEAR</Name_array>
          <technique_common>
            <accessor source="#Bip01_L_Clavicle-Interpolations-array" count="21">
              <param type="name"/>
            </accessor>
          </technique_common>
        </source>
        <sampler id="Bip01_L_Clavicle-Matrix-animation-transform">
          <input semantic="INPUT" source="#Bip01_L_Clavicle-Matrix-animation-input"/>
          <input semantic="OUTPUT" source="#Bip01_L_Clavicle-Matrix-animation-output-transform"/>
          <input semantic="INTERPOLATION" source="#Bip01_L_Clavicle-Interpolations"/>
        </sampler>
        <channel source="#Bip01_L_Clavicle-Matrix-animation-transform" target="Bip01_L_Clavicle/matrix"/>
      </animation>
    </animation>
    <animation id="Bip01_L_UpperArm-anim" name="Bip01_L_UpperArm">
      <animation>
        <source id="Bip01_L_UpperArm-Matrix-animation-input">
          <float_array id="Bip01_L_UpperArm-Matrix-animation-input-array" count="21">

0.000000 0.033333 0.066667 0.100000 0.133333 0.166667 0.200000 0.233333 0.266667 0.300000 0.333333 0.366667 0.400000 0.433333 0.466667 0.500000
0.533333 0.566667 0.600000 0.633333 0.666667</float_array>
          <technique_common>
            <accessor source="#Bip01_L_UpperArm-Matrix-animation-input-array" count="21">
              <param name="TIME" type="float"/>
            </accessor>
          </technique_common>
        </source>
        <source id="Bip01_L_UpperArm-Matrix-animation-output-transform">
          <float_array id="Bip01_L_UpperArm-Matrix-animation-output-transform-array" count="336">

0.744524 -0.579481 -0.331491 0.172746 0.636627 0.466799 0.613844 0.000000 -0.200971 -0.668058 0.716456 0.000000 0.000000 0.000000 0.000000 1.000000
0.835450 -0.545663 -0.065387 0.172746 0.447356 0.606132 0.657630 0.000000 -0.319211 -0.578668 0.750498 0.000000 0.000000 0.000000 0.000000 1.000000
0.864929 -0.450502 0.221236 0.172746 0.254126 0.773219 0.580992 -0.000000 -0.432802 -0.446295 0.783264 -0.000000 0.000000 0.000000 0.000000 1.000000
0.854463 -0.286097 0.433638 0.172746 0.107202 0.913837 0.391676 -0.000000 -0.508331 -0.288186 0.811510 0.000000 0.000000 0.000000 0.000000 1.000000
0.845715 -0.112877 0.521560 0.172746 0.023472 0.984295 0.174964 0.000000 -0.533118 -0.135727 0.835083 0.000000 0.000000 0.000000 0.000000 1.000000
0.859673 0.007730 0.510786 0.172746 -0.003400 0.999950 -0.009410 -0.000000 -0.510834 0.006353 0.859656 -0.000000 0.000000 0.000000 0.000000 1.000000
0.883198 0.070150 0.463726 0.172746 0.007229 0.986597 -0.163015 0.000000 -0.468946 0.147326 0.870853 0.000000 0.000000 0.000000 0.000000 1.000000
0.899891 0.087506 0.427247 0.172746 0.038386 0.959968 -0.277465 0.000000 -0.434423 0.266089 0.860507 -0.000000 0.000000 0.000000 0.000000 1.000000
0.905309 0.084028 0.416360 0.172746 0.066731 0.939928 -0.334788 -0.000000 -0.419480 0.330871 0.845317 0.000000 0.000000 0.000000 0.000000 1.000000
0.904756 0.076321 0.419036 0.172746 0.083901 0.932605 -0.351012 -0.000000 -0.417585 0.352738 0.837376 0.000000 0.000000 0.000000 0.000000 1.000000
0.903093 0.064475 0.424578 0.172746 0.101390 0.928705 -0.356690 0.000000 -0.417305 0.365172 0.832169 -0.000000 0.000000 0.000000 0.000000 1.000000
0.900439 0.049039 0.432209 0.172746 0.119073 0.927883 -0.353349 0.000000 -0.418368 0.369633 0.829662 0.000000 0.000000 0.000000 0.000000 1.000000
0.896887 0.030499 0.441207 0.172746 0.136858 0.929512 -0.342459 0.000000 -0.420552 0.367530 0.829493 0.000000 0.000000 0.000000 0.000000 1.000000
0.892516 0.009329 0.450919 0.172746 0.154680 0.932818 -0.325462 0.000000 -0.423662 0.360228 0.831111 0.000000 0.000000 0.000000 0.000000 1.000000
0.887406 -0.013964 0.460778 0.172746 0.172490 0.936991 -0.303800 0.000000 -0.427503 0.349073 0.833900 0.000000 0.000000 0.000000 0.000000 1.000000
0.881644 -0.038822 0.470315 0.172746 0.190247 0.941276 -0.278937 0.000000 -0.431867 0.335399 0.837256 0.000000 0.000000 0.000000 0.000000 1.000000
0.875339 -0.064623 0.479172 0.172746 0.207917 0.945030 -0.252367 0.000000 -0.436523 0.320535 0.840658 0.000000 0.000000 0.000000 0.000000 1.000000
0.868620 -0.090681 0.487110 0.172746 0.225465 0.947768 -0.225614 -0.000000 -0.441208 0.305800 0.843695 0.000000 0.000000 0.000000 0.000000 1.000000
0.861645 -0.116259 0.494016 0.172746 0.242860 0.949175 -0.200215 0.000000 -0.445631 0.292491 0.846086 -0.000000 0.000000 0.000000 0.000000 1.000000
0.854597 -0.140575 0.499902 0.172746 0.260071 0.949096 -0.177707 0.000000 -0.449474 0.281878 0.847655 -0.000000 0.000000 0.000000 0.000000 1.000000
0.847684 -0.162830 0.504895 0.172746 0.277074 0.947498 -0.159616 0.000000 -0.452397 0.275197 0.848295 0.000000 0.000000 0.000000 0.000000 1.000000</float_array>
          <technique_common>
            <accessor source="#Bip01_L_UpperArm-Matrix-animation-output-transform-array" count="21" stride="16">
              <param type="float4x4"/>
            </accessor>
          </technique_common>
        </source>
        <source id="Bip01_L_UpperArm-Interpolations">
          <Name_array id="Bip01_L_UpperArm-Interpolations-array" count="21">
 LINEAR LINEAR LINEAR LINEAR LINEAR LINEAR LINEAR LINEAR LINEAR LINEAR LINEAR
LINEAR LINEAR LINEAR LINEAR LINEAR LINEAR LINEAR LINEAR LINEAR LINEAR</Name_array>
          <technique_common>
            <accessor source="#Bip01_L_UpperArm-Interpolations-array" count="21">
              <param type="name"/>
            </accessor>
          </technique_common>
        </source>
        <sampler id="Bip01_L_UpperArm-Matrix-animation-transform">
          <input semantic="INPUT" source="#Bip01_L_UpperArm-Matrix-animation-input"/>
          <input semantic="OUTPUT" source="#Bip01_L_UpperArm-Matrix-animation-output-transform"/>
          <input semantic="INTERPOLATION" source="#Bip01_L_UpperArm-Interpolations"/>
        </sampler>
        <channel source="#Bip01_L_UpperArm-Matrix-animation-transform" target="Bip01_L_UpperArm/matrix"/>
      </animation>
    </animation>
    <animation id="Bip01_L_Forearm-anim" name="Bip01_L_Forearm">
      <animation>
        <source id="Bip01_L_Forearm-Matrix-animation-input">
          <float_array id="Bip01_L_Forearm-Matrix-animation-input-array" count="21">

0.000000 0.033333 0.066667 0.100000 0.133333 0.166667 0.200000 0.233333 0.266667 0.300000 0.333333 0.366667 0.400000 0.433333 0.466667 0.500000
0.533333 0.566667 0.600000 0.633333 0.666667</float_array>
          <technique_common>
            <accessor source="#Bip01_L_Forearm-Matrix-animation-input-array" count="21">
              <param name="TIME" type="float"/>
            </accessor>
          </technique_common>
        </source>
        <source id="Bip01_L_Forearm-Matrix-animation-output-transform">
          <float_array id="Bip01_L_Forearm-Matrix-animation-output-transform-array" count="336">

-0.258752 0.965944 0.000000 0.257246 -0.965944 -0.258752 0.000000 -0.000000 -0.000000 -0.000000 1.000000 0.000000 0.000000 0.000000 0.000000 1.000000
0.111646 0.993748 -0.000000 0.257246 -0.993748 0.111646 -0.000000 0.000000 -0.000000 0.000000 1.000000 0.000000 0.000000 0.000000 0.000000 1.000000
0.481049 0.876694 -0.000000 0.257246 -0.876694 0.481049 0.000000 -0.000000 0.000000 -0.000000 1.000000 -0.000000 0.000000 0.000000 0.000000 1.000000
0.757253 0.653121 -0.000000 0.257246 -0.653121 0.757254 0.000000 0.000000 0.000000 -0.000000 1.000000 0.000000 0.000000 0.000000 0.000000 1.000000
0.906337 0.422556 0.000000 0.257246 -0.422556 0.906337 -0.000000 -0.000000 -0.000000 0.000000 1.000000 0.000000 0.000000 0.000000 0.000000 1.000000
0.965590 0.260070 0.000000 0.257246 -0.260070 0.965590 -0.000000 -0.000000 -0.000000 0.000000 1.000000 0.000000 0.000000 0.000000 0.000000 1.000000
0.986654 0.162828 -0.000000 0.257246 -0.162828 0.986654 0.000000 -0.000000 0.000000 -0.000000 1.000000 -0.000000 0.000000 0.000000 0.000000 1.000000
0.993611 0.112865 -0.000000 0.257246 -0.112865 0.993611 0.000000 0.000000 -0.000000 0.000000 1.000000 0.000000 0.000000 0.000000 0.000000 1.000000
0.996201 0.087088 0.000000 0.257246 -0.087088 0.996201 0.000000 0.000000 -0.000000 0.000000 1.000000 0.000000 0.000000 0.000000 0.000000 1.000000
0.997630 0.068812 0.000000 0.257246 -0.068812 0.997630 -0.000000 0.000000 0.000000 -0.000000 1.000000 -0.000000 0.000000 0.000000 0.000000 1.000000
0.998382 0.056867 0.000000 0.257246 -0.056867 0.998382 0.000000 0.000000 0.000000 -0.000000 1.000000 0.000000 0.000000 0.000000 0.000000 1.000000
0.998731 0.050361 0.000000 0.257246 -0.050361 0.998731 0.000000 0.000000 0.000000 -0.000000 1.000000 0.000000 0.000000 0.000000 0.000000 1.000000
0.998828 0.048395 -0.000000 0.257246 -0.048395 0.998829 0.000000 0.000000 0.000000 -0.000000 1.000000 0.000000 0.000000 0.000000 0.000000 1.000000
0.998746 0.050058 0.000000 0.257246 -0.050058 0.998746 0.000000 0.000000 0.000000 -0.000000 1.000000 0.000000 0.000000 0.000000 0.000000 1.000000
0.998517 0.054446 -0.000000 0.257246 -0.054446 0.998517 0.000000 -0.000000 0.000000 -0.000000 1.000000 0.000000 0.000000 0.000000 0.000000 1.000000
0.998159 0.060648 -0.000000 0.257246 -0.060648 0.998159 0.000000 0.000000 0.000000 -0.000000 1.000000 -0.000000 0.000000 0.000000 0.000000 1.000000
