<?xml version="1.0" encoding="utf-8"?>
<COLLADA xmlns="http://www.collada.org/2005/11/COLLADASchema" version="1.4.0">
  <asset>
    <contributor>
      <author></author>
      <authoring_tool>FBX COLLADA exporter</authoring_tool>
      <comments></comments>
    </contributor>
    <created>2010-06-27T13:10:02Z</created>
    <modified>2010-06-27T13:10:02Z</modified>
    <revision></revision>
    <title></title>
    <subject></subject>
    <keywords></keywords>
    <unit meter="1.000000"/>
    <up_axis>Y_UP</up_axis>
  </asset>
  <library_animations>
    <animation id="Bip01-anim" name="Bip01">
      <animation>
        <source id="Bip01-Matrix-animation-input">
          <float_array id="Bip01-Matrix-animation-input-array" count="21">

0.000000 0.033333 0.066667 0.100000 0.133333 0.166667 0.200000 0.233333 0.266667 0.300000 0.333333 0.366667 0.400000 0.433333 0.466667 0.500000
0.533333 0.566667 0.600000 0.633333 0.666667</float_array>
          <technique_common>
            <accessor source="#Bip01-Matrix-animation-input-array" count="21">
              <param name="TIME" type="float"/>
            </accessor>
          </technique_common>
        </source>
        <source id="Bip01-Matrix-animation-output-transform">
          <float_array id="Bip01-Matrix-animation-output-transform-array" count="336">

0.000000 0.000000 -1.000000 -0.805057 -0.000000 1.000000 0.000000 0.000000 1.000000 -0.000000 0.000000 0.037619 0.000000 0.000000 0.000000 1.000000
-0.000000 -0.000000 -1.000000 -0.805057 -0.246416 0.969164 -0.000000 0.013648 0.969164 0.246416 -0.000000 0.147854 0.000000 0.000000 0.000000 1.000000
-0.000000 -0.000000 -1.000000 -0.805057 -0.482899 0.875676 -0.000000 0.027625 0.875676 0.482899 -0.000000 0.260745 0.000000 0.000000 0.000000 1.000000
-0.000000 -0.000000 -1.000000 -0.805057 -0.679400 0.733768 0.000000 0.040945 0.733768 0.679400 -0.000000 0.368324 0.000000 0.000000 0.000000 1.000000
-0.000000 -0.000000 -1.000000 -0.805057 -0.819151 0.573578 0.000000 0.052620 0.573578 0.819151 -0.000000 0.462621 0.000000 0.000000 0.000000 1.000000
-0.000000 -0.000000 -1.000000 -0.805057 -0.819151 0.573578 0.000000 0.052620 0.573578 0.819151 -0.000000 0.462621 0.000000 0.000000 0.000000 1.000000
-0.000000 -0.000000 -1.000000 -0.805057 -0.912881 0.408226 0.000000 -0.074466 0.408226 0.912881 -0.000000 0.701126 0.000000 0.000000 0.000000 1.000000
-0.000000 -0.000000 -1.000000 -0.805057 -0.972451 0.233107 0.000000 -0.174259 0.233107 0.972451 -0.000000 0.924724 0.000000 0.000000 0.000000 1.000000
-0.000000 -0.000000 -1.000000 -0.805057 -0.999735 0.023038 0.000000 -0.158365 0.023038 0.999735 -0.000000 1.033993 0.000000 0.000000 0.000000 1.000000
-0.000000 -0.000000 -1.000000 -0.805057 -0.969331 -0.245757 0.000000 -0.101404 -0.245757 0.969331 -0.000000 1.095782 0.000000 0.000000 0.000000 1.000000
-0.000000 -0.000000 -1.000000 -0.805057 -0.819153 -0.573575 0.000000 -0.052577 -0.573575 0.819153 -0.000000 1.083727 0.000000 0.000000 0.000000 1.000000
-0.000000 -0.000000 -1.000000 -0.805057 -0.433975 -0.900925 0.000000 -0.024328 -0.900925 0.433975 -0.000000 0.998902 0.000000 0.000000 0.000000 1.000000
0.000000 0.000000 -1.000000 -0.805057 0.188066 -0.982156 -0.000000 0.002347 -0.982156 -0.188066 -0.000000 0.873722 0.000000 0.000000 0.000000 1.000000
0.000000 -0.000000 -1.000000 -0.805057 0.763344 -0.645992 0.000000 0.025417 -0.645992 -0.763344 0.000000 0.728844 0.000000 0.000000 0.000000 1.000000
0.000000 -0.000000 -1.000000 -0.805057 0.997708 -0.067669 0.000000 0.042852 -0.067669 -0.997708 0.000000 0.584925 0.000000 0.000000 0.000000 1.000000
0.000000 -0.000000 -1.000000 -0.805057 0.906308 0.422617 0.000000 0.052620 0.422617 -0.906308 0.000000 0.462621 0.000000 0.000000 0.000000 1.000000
0.000000 -0.000000 -1.000000 -0.805057 0.710555 0.703642 0.000000 0.052196 0.703642 -0.710555 0.000000 0.365070 0.000000 0.000000 0.000000 1.000000
0.000000 0.000000 -1.000000 -0.805057 0.521606 0.853186 0.000000 0.042935 0.853186 -0.521606 -0.000000 0.278501 0.000000 0.000000 0.000000 1.000000
0.000000 0.000000 -1.000000 -0.805057 0.357717 0.933830 0.000000 0.028623 0.933830 -0.357717 -0.000000 0.198207 0.000000 0.000000 0.000000 1.000000
0.000000 0.000000 -1.000000 -0.805057 0.196290 0.980546 0.000000 0.013049 0.980546 -0.196290 -0.000000 0.119482 0.000000 0.000000 0.000000 1.000000
0.000000 0.000000 -1.000000 -0.805057 -0.000000 1.000000 0.000000 0.000000 1.000000 -0.000000 0.000000 0.037619 0.000000 0.000000 0.000000 1.000000</float_array>
          <technique_common>
            <accessor source="#Bip01-Matrix-animation-output-transform-array" count="21" stride="16">
              <param type="float4x4"/>
            </accessor>
          </technique_common>
        </source>
        <source id="Bip01-Interpolations">
          <Name_array id="Bip01-Interpolations-array" count="21">
 LINEAR LINEAR LINEAR LINEAR LINEAR LINEAR LINEAR LINEAR LINEAR LINEAR LINEAR
LINEAR LINEAR LINEAR LINEAR LINEAR LINEAR LINEAR LINEAR LINEAR LINEAR</Name_array>
          <technique_common>
            <accessor source="#Bip01-Interpolations-array" count="21">
              <param type="name"/>
            </accessor>
          </technique_common>
        </source>
        <sampler id="Bip01-Matrix-animation-transform">
          <input semantic="INPUT" source="#Bip01-Matrix-animation-input"/>
          <input semantic="OUTPUT" source="#Bip01-Matrix-animation-output-transform"/>
          <input semantic="INTERPOLATION" source="#Bip01-Interpolations"/>
        </sampler>
        <channel source="#Bip01-Matrix-animation-transform" target="Bip01/matrix"/>
      </animation>
    </animation>
    <animation id="Bip01_Pelvis-anim" name="Bip01_Pelvis">
      <animation>
        <source id="Bip01_Pelvis-Matrix-animation-input">
          <float_array id="Bip01_Pelvis-Matrix-animation-input-array" count="21">

0.000000 0.033333 0.066667 0.100000 0.133333 0.166667 0.200000 0.233333 0.266667 0.300000 0.333333 0.366667 0.400000 0.433333 0.466667 0.500000
0.533333 0.566667 0.600000 0.633333 0.666667</float_array>
          <technique_common>
            <accessor source="#Bip01_Pelvis-Matrix-animation-input-array" count="21">
              <param name="TIME" type="float"/>
            </accessor>
          </technique_common>
        </source>
        <source id="Bip01_Pelvis-Matrix-animation-output-transform">
          <float_array id="Bip01_Pelvis-Matrix-animation-output-transform-array" count="336">

-0.282990 0.774979 0.565088 -0.035612 0.067275 -0.571682 0.817713 0.000000 0.956761 0.269421 0.109644 0.000000 0.000000 0.000000 0.000000 1.000000
-0.214494 0.753658 0.621282 -0.035612 0.056322 -0.625485 0.778201 0.000000 0.975100 0.201911 0.091715 -0.000000 0.000000 0.000000 0.000000 1.000000
-0.143842 0.745544 0.650748 -0.035612 0.032556 -0.653666 0.756083 0.000000 0.989065 0.129942 0.069753 0.000000 0.000000 0.000000 0.000000 1.000000
-0.076889 0.688037 0.721591 -0.035612 0.020251 -0.722506 0.691068 0.000000 0.996834 0.067748 0.041619 0.000000 0.000000 0.000000 0.000000 1.000000
-0.017096 0.493813 0.869400 -0.035612 0.032859 -0.868780 0.494107 0.000000 0.999314 0.037015 -0.001374 0.000000 0.000000 0.000000 0.000000 1.000000
0.066759 -0.110256 0.991659 -0.035612 0.079577 -0.990121 -0.115442 0.000000 0.994591 0.086620 -0.057326 0.000000 0.000000 0.000000 0.000000 1.000000
0.182358 -0.803851 0.566188 -0.035612 0.086371 -0.560521 -0.823623 0.000000 0.979431 0.199097 -0.032786 0.000000 0.000000 0.000000 0.000000 1.000000
0.249257 -0.967365 0.045572 -0.035612 0.051062 -0.033863 -0.998121 -0.000000 0.967090 0.251116 0.040955 0.000000 0.000000 0.000000 0.000000 1.000000
0.265860 -0.963584 0.028715 -0.035612 0.059720 -0.013267 -0.998127 -0.000000 0.962160 0.267077 0.054018 0.000000 0.000000 0.000000 0.000000 1.000000
0.253167 -0.920945 0.296256 -0.035612 0.113308 -0.275897 -0.954485 0.000000 0.960764 0.275213 0.034502 0.000000 0.000000 0.000000 0.000000 1.000000
0.208070 -0.788743 0.578439 -0.035612 0.174275 -0.552024 -0.815413 0.000000 0.962463 0.270470 0.022599 0.000000 0.000000 0.000000 0.000000 1.000000
0.137046 -0.603238 0.785698 -0.035612 0.227032 -0.752940 -0.617688 0.000000 0.964197 0.263030 0.033766 -0.000000 0.000000 0.000000 0.000000 1.000000
0.036892 -0.334963 0.941509 -0.035612 0.259939 -0.906502 -0.332694 0.000000 0.964920 0.257008 0.053627 0.000000 0.000000 0.000000 0.000000 1.000000
-0.072290 -0.028002 0.996990 -0.035612 0.258122 -0.966076 -0.008418 0.000000 0.963404 0.256736 0.077066 0.000000 0.000000 0.000000 0.000000 1.000000
-0.166135 0.254040 0.952818 -0.035612 0.225112 -0.930961 0.287464 0.000000 0.960064 0.262249 0.097477 0.000000 0.000000 0.000000 0.000000 1.000000
-0.228045 0.460766 0.857724 -0.035612 0.180569 -0.845640 0.502283 0.000000 0.956760 0.269421 0.109644 0.000000 0.000000 0.000000 0.000000 1.000000
-0.258875 0.583551 0.769709 -0.035612 0.144218 -0.764590 0.628175 0.000000 0.955084 0.273625 0.113775 0.000000 0.000000 0.000000 0.000000 1.000000
-0.272169 0.653694 0.706122 -0.035612 0.119186 -0.705272 0.698846 0.000000 0.954840 0.274364 0.114042 0.000000 0.000000 0.000000 0.000000 1.000000
-0.276847 0.696871 0.661609 -0.035612 0.102117 -0.663285 0.741367 0.000000 0.955472 0.272807 0.112466 -0.000000 0.000000 0.000000 0.000000 1.000000
-0.279009 0.732354 0.621137 -0.035612 0.087101 -0.624857 0.775865 0.000000 0.956330 0.270575 0.110552 0.000000 0.000000 0.000000 0.000000 1.000000
-0.282990 0.774979 0.565088 -0.035612 0.067275 -0.571682 0.817713 0.000000 0.956761 0.269421 0.109644 0.000000 0.000000 0.000000 0.000000 1.000000</float_array>
          <technique_common>
            <accessor source="#Bip01_Pelvis-Matrix-animation-output-transform-array" count="21" stride="16">
              <param type="float4x4"/>
            </accessor>
          </technique_common>
        </source>
        <source id="Bip01_Pelvis-Interpolations">
          <Name_array id="Bip01_Pelvis-Interpolations-array" count="21">
 LINEAR LINEAR LINEAR LINEAR LINEAR LINEAR LINEAR LINEAR LINEAR LINEAR LINEAR
LINEAR LINEAR LINEAR LINEAR LINEAR LINEAR LINEAR LINEAR LINEAR LINEAR</Name_array>
          <technique_common>
            <accessor source="#Bip01_Pelvis-Interpolations-array" count="21">
              <param type="name"/>
            </accessor>
          </technique_common>
        </source>
        <sampler id="Bip01_Pelvis-Matrix-animation-transform">
          <input semantic="INPUT" source="#Bip01_Pelvis-Matrix-animation-input"/>
          <input semantic="OUTPUT" source="#Bip01_Pelvis-Matrix-animation-output-transform"/>
          <input semantic="INTERPOLATION" source="#Bip01_Pelvis-Interpolations"/>
        </sampler>
        <channel source="#Bip01_Pelvis-Matrix-animation-transform" target="Bip01_Pelvis/matrix"/>
      </animation>
    </animation>
    <animation id="Bip01_Spine-anim" name="Bip01_Spine">
      <animation>
        <source id="Bip01_Spine-Matrix-animation-input">
          <float_array id="Bip01_Spine-Matrix-animation-input-array" count="21">

0.000000 0.033333 0.066667 0.100000 0.133333 0.166667 0.200000 0.233333 0.266667 0.300000 0.333333 0.366667 0.400000 0.433333 0.466667 0.500000
0.533333 0.566667 0.600000 0.633333 0.666667</float_array>
          <technique_common>
            <accessor source="#Bip01_Spine-Matrix-animation-input-array" count="21">
              <param name="TIME" type="float"/>
            </accessor>
          </technique_common>
        </source>
        <source id="Bip01_Spine-Matrix-animation-output-transform">
          <float_array id="Bip01_Spine-Matrix-animation-output-transform-array" count="336">

0.852601 -0.367533 -0.371473 0.094412 0.412280 0.909894 0.046018 0.026406 0.321088 -0.192386 0.927303 0.010846 0.000000 0.000000 0.000000 1.000000
0.876678 -0.298376 -0.377368 0.096209 0.385878 0.904575 0.181222 0.019750 0.287286 -0.304492 0.908158 0.009098 0.000000 0.000000 0.000000 1.000000
0.899405 -0.233785 -0.369344 0.097574 0.363550 0.869215 0.335106 0.012659 0.242696 -0.435671 0.866769 0.006956 0.000000 0.000000 0.000000 1.000000
0.925263 -0.184497 -0.331435 0.098332 0.325087 0.835921 0.442216 0.006532 0.195466 -0.516911 0.833424 0.004196 0.000000 0.000000 0.000000 1.000000
0.953224 -0.160314 -0.256248 0.098572 0.263425 0.856336 0.444180 0.003498 0.148227 -0.490905 0.858511 -0.000048 0.000000 0.000000 0.000000 1.000000
0.977508 -0.187359 -0.096818 0.098111 0.201274 0.965878 0.162999 0.008370 0.062975 -0.178820 0.981864 -0.005621 0.000000 0.000000 0.000000 1.000000
0.959150 -0.257892 0.116292 0.096628 0.281348 0.912552 -0.296805 0.019471 -0.029579 0.317399 0.947831 -0.003289 0.000000 0.000000 0.000000 1.000000
0.914991 -0.310834 0.257244 0.095421 0.401358 0.766419 -0.501511 0.024627 -0.041270 0.562124 0.826022 0.003939 0.000000 0.000000 0.000000 1.000000
0.902752 -0.304117 0.304222 0.094933 0.397881 0.859133 -0.321840 0.026184 -0.163490 0.411586 0.896587 0.005253 0.000000 0.000000 0.000000 1.000000
0.921367 -0.243684 0.302823 0.094785 0.239844 0.969501 0.050419 0.026967 -0.305873 0.026176 0.951712 0.003398 0.000000 0.000000 0.000000 1.000000
0.954496 -0.160020 0.251657 0.094938 0.079066 0.949440 0.303829 0.026503 -0.287552 -0.270106 0.918889 0.002276 0.000000 0.000000 0.000000 1.000000
0.986307 -0.107120 0.125393 0.095099 0.051258 0.921791 0.384283 0.025774 -0.156751 -0.372594 0.914660 0.003396 0.000000 0.000000 0.000000 1.000000
0.993831 -0.095467 -0.056440 0.095169 0.110464 0.897366 0.427239 0.025185 0.009860 -0.430838 0.902376 0.005365 0.000000 0.000000 0.000000 1.000000
0.959946 -0.142276 -0.241375 0.095027 0.237156 0.871339 0.429564 0.025162 0.149203 -0.469601 0.870180 0.007683 0.000000 0.000000 0.000000 1.000000
0.897772 -0.226308 -0.377877 0.094713 0.378016 0.836218 0.397297 0.025712 0.226076 -0.499525 0.836280 0.009701 0.000000 0.000000 0.000000 1.000000
0.842735 -0.301122 -0.446232 0.094400 0.476132 0.803716 0.356847 0.026425 0.251189 -0.513192 0.820694 0.010903 0.000000 0.000000 0.000000 1.000000
0.817988 -0.343471 -0.461435 0.094243 0.512620 0.799206 0.313831 0.026841 0.260990 -0.493251 0.829812 0.011307 0.000000 0.000000 0.000000 1.000000
0.816473 -0.364375 -0.447886 0.094222 0.507808 0.822336 0.256701 0.026909 0.274777 -0.437029 0.856448 0.011323 0.000000 0.000000 0.000000 1.000000
0.828574 -0.368591 -0.421433 0.094286 0.477736 0.857957 0.188890 0.026749 0.291948 -0.357843 0.886969 0.011154 0.000000 0.000000 0.000000 1.000000
0.843776 -0.365185 -0.393297 0.094370 0.439506 0.890739 0.115842 0.026524 0.308021 -0.270601 0.912084 0.010950 0.000000 0.000000 0.000000 1.000000
0.852601 -0.367533 -0.371473 0.094412 0.412280 0.909894 0.046018 0.026406 0.321088 -0.192386 0.927303 0.010846 0.000000 0.000000 0.000000 1.000000</float_array>
          <technique_common>
            <accessor source="#Bip01_Spine-Matrix-animation-output-transform-array" count="21" stride="16">
              <param type="float4x4"/>
            </accessor>
          </technique_common>
        </source>
        <source id="Bip01_Spine-Interpolations">
          <Name_array id="Bip01_Spine-Interpolations-array" count="21">
 LINEAR LINEAR LINEAR LINEAR LINEAR LINEAR LINEAR LINEAR LINEAR LINEAR LINEAR
LINEAR LINEAR LINEAR LINEAR LINEAR LINEAR LINEAR LINEAR LINEAR LINEAR</Name_array>
          <technique_common>
            <accessor source="#Bip01_Spine-Interpolations-array" count="21">
              <param type="name"/>
            </accessor>
          </technique_common>
        </source>
        <sampler id="Bip01_Spine-Matrix-animation-transform">
          <input semantic="INPUT" source="#Bip01_Spine-Matrix-animation-input"/>
          <input semantic="OUTPUT" source="#Bip01_Spine-Matrix-animation-output-transform"/>
          <input semantic="INTERPOLATION" source="#Bip01_Spine-Interpolations"/>
        </sampler>
        <channel source="#Bip01_Spine-Matrix-animation-transform" target="Bip01_Spine/matrix"/>
      </animation>
    </animation>
    <animation id="Bip01_Spine1-anim" name="Bip01_Spine1">
      <animation>
        <source id="Bip01_Spine1-Matrix-animation-input">
          <float_array id="Bip01_Spine1-Matrix-animation-input-array" count="21">

0.000000 0.033333 0.066667 0.100000 0.133333 0.166667 0.200000 0.233333 0.266667 0.300000 0.333333 0.366667 0.400000 0.433333 0.466667 0.500000
0.533333 0.566667 0.600000 0.633333 0.666667</float_array>
          <technique_common>
            <accessor source="#Bip01_Spine1-Matrix-animation-input-array" count="21">
              <param name="TIME" type="float"/>
            </accessor>
          </technique_common>
        </source>
        <source id="Bip01_Spine1-Matrix-animation-output-transform">
          <float_array id="Bip01_Spine1-Matrix-animation-output-transform-array" count="336">

0.984914 0.121871 0.122848 0.222925 -0.123656 0.992301 0.006985 -0.000176 -0.121051 -0.022071 0.992401 0.000004 0.000000 0.000000 0.000000 1.000000
0.986313 0.103260 0.128548 0.222928 -0.111654 0.991941 0.059879 -0.000176 -0.121329 -0.073413 0.989894 0.000013 0.000000 0.000000 0.000000 1.000000
0.987801 0.082706 0.131944 0.222932 -0.096898 0.989737 0.105030 -0.000176 -0.121903 -0.116534 0.985677 0.000021 0.000000 0.000000 0.000000 1.000000
0.988432 0.065203 0.136933 0.222935 -0.087690 0.982352 0.165210 -0.000174 -0.123745 -0.175307 0.976706 0.000031 0.000000 0.000000 0.000000 1.000000
0.987567 0.054976 0.147273 0.222937 -0.092551 0.960611 0.262033 -0.000171 -0.127067 -0.272406 0.953755 0.000048 0.000000 0.000000 0.000000 1.000000
0.982632 0.059070 0.175915 0.222936 -0.134728 0.878987 0.457417 -0.000156 -0.127607 -0.473173 0.871679 0.000084 0.000000 0.000000 0.000000 1.000000
0.974352 0.063075 0.216007 0.222936 -0.194812 0.716896 0.669410 -0.000127 -0.112632 -0.694322 0.710796 0.000123 0.000000 0.000000 0.000000 1.000000
0.970113 0.056960 0.235874 0.222937 -0.221525 0.604614 0.765094 -0.000107 -0.099032 -0.794480 0.599162 0.000141 0.000000 0.000000 0.000000 1.000000
0.975706 0.043713 0.214678 0.222939 -0.187001 0.676689 0.712125 -0.000120 -0.114142 -0.734970 0.668424 0.000131 0.000000 0.000000 0.000000 1.000000
0.983927 0.022863 0.177102 0.222943 -0.119826 0.819867 0.559874 -0.000146 -0.132400 -0.572097 0.809429 0.000101 0.000000 0.000000 0.000000 1.000000
0.988084 0.007931 0.153714 0.222945 -0.073173 0.902805 0.423779 -0.000160 -0.135413 -0.429977 0.892627 0.000076 0.000000 0.000000 0.000000 1.000000
0.988985 0.009132 0.147736 0.222945 -0.063513 0.927722 0.367828 -0.000165 -0.133698 -0.373159 0.918083 0.000066 0.000000 0.000000 0.000000 1.000000
0.989111 0.016725 0.146218 0.222944 -0.065392 0.940006 0.334831 -0.000167 -0.131845 -0.340747 0.930864 0.000060 0.000000 0.000000 0.000000 1.000000
0.988721 0.028533 0.147029 0.222942 -0.074014 0.946524 0.314031 -0.000168 -0.130206 -0.321371 0.937959 0.000057 0.000000 0.000000 0.000000 1.000000
0.988072 0.042123 0.148123 0.222939 -0.084630 0.952122 0.293771 -0.000169 -0.128656 -0.302802 0.944330 0.000054 0.000000 0.000000 0.000000 1.000000
0.987567 0.054976 0.147273 0.222937 -0.092551 0.960611 0.262033 -0.000171 -0.127067 -0.272406 0.953755 0.000048 0.000000 0.000000 0.000000 1.000000
0.987255 0.067356 0.144192 0.222935 -0.097984 0.971196 0.217204 -0.000172 -0.125409 -0.228564 0.965418 0.000041 0.000000 0.000000 0.000000 1.000000
0.986826 0.080852 0.140132 0.222932 -0.104068 0.980418 0.167182 -0.000174 -0.123871 -0.179563 0.975917 0.000032 0.000000 0.000000 0.000000 1.000000
0.986281 0.094834 0.135113 0.222930 -0.110553 0.987308 0.114022 -0.000175 -0.122585 -0.127395 0.984248 0.000023 0.000000 0.000000 0.000000 1.000000
0.985635 0.108695 0.129268 0.222927 -0.117174 0.991304 0.059884 -0.000176 -0.121635 -0.074170 0.989800 0.000013 0.000000 0.000000 0.000000 1.000000
0.984914 0.121871 0.122848 0.222925 -0.123656 0.992301 0.006985 -0.000176 -0.121051 -0.022071 0.992401 0.000004 0.000000 0.000000 0.000000 1.000000</float_array>
          <technique_common>
            <accessor source="#Bip01_Spine1-Matrix-animation-output-transform-array" count="21" stride="16">
              <param type="float4x4"/>
            </accessor>
          </technique_common>
        </source>
        <source id="Bip01_Spine1-Interpolations">
          <Name_array id="Bip01_Spine1-Interpolations-array" count="21">
 LINEAR LINEAR LINEAR LINEAR LINEAR LINEAR LINEAR LINEAR LINEAR LINEAR LINEAR
LINEAR LINEAR LINEAR LINEAR LINEAR LINEAR LINEAR LINEAR LINEAR LINEAR</Name_array>
          <technique_common>
            <accessor source="#Bip01_Spine1-Interpolations-array" count="21">
              <param type="name"/>
            </accessor>
          </technique_common>
        </source>
        <sampler id="Bip01_Spine1-Matrix-animation-transform">
          <input semantic="INPUT" source="#Bip01_Spine1-Matrix-animation-input"/>
          <input semantic="OUTPUT" source="#Bip01_Spine1-Matrix-animation-output-transform"/>
          <input semantic="INTERPOLATION" source="#Bip01_Spine1-Interpolations"/>
        </sampler>
        <channel source="#Bip01_Spine1-Matrix-animation-transform" target="Bip01_Spine1/matrix"/>
      </animation>
    </animation>
    <animation id="Bip01_Neck-anim" name="Bip01_Neck">
      <animation>
        <source id="Bip01_Neck-Matrix-animation-input">
          <float_array id="Bip01_Neck-Matrix-animation-input-array" count="21">

0.000000 0.033333 0.066667 0.100000 0.133333 0.166667 0.200000 0.233333 0.266667 0.300000 0.333333 0.366667 0.400000 0.433333 0.466667 0.500000
0.533333 0.566667 0.600000 0.633333 0.666667</float_array>
          <technique_common>
            <accessor source="#Bip01_Neck-Matrix-animation-input-array" count="21">
              <param name="TIME" type="float"/>
            </accessor>
          </technique_common>
        </source>
        <source id="Bip01_Neck-Matrix-animation-output-transform">
          <float_array id="Bip01_Neck-Matrix-animation-output-transform-array" count="336">

0.965926 -0.258819 -0.000001 0.222970 0.258819 0.965926 -0.000000 -0.000087 0.000001 -0.000000 1.000000 -0.000000 0.000000 0.000000 0.000000 1.000000
0.965926 -0.258819 -0.000001 0.222970 0.258819 0.965926 -0.000000 -0.000087 0.000001 -0.000000 1.000000 0.000000 0.000000 0.000000 0.000000 1.000000
0.965926 -0.258819 -0.000001 0.222970 0.258819 0.965926 -0.000000 -0.000087 0.000001 -0.000000 1.000000 -0.000000 0.000000 0.000000 0.000000 1.000000
0.965926 -0.258819 -0.000001 0.222970 0.258819 0.965926 -0.000000 -0.000087 0.000001 -0.000000 1.000000 0.000000 0.000000 0.000000 0.000000 1.000000
0.965926 -0.258819 -0.000001 0.222970 0.258819 0.965926 -0.000000 -0.000087 0.000001 -0.000000 1.000000 0.000000 0.000000 0.000000 0.000000 1.000000
0.965926 -0.258819 -0.000001 0.222970 0.258819 0.965926 -0.000000 -0.000087 0.000001 0.000000 1.000000 0.000000 0.000000 0.000000 0.000000 1.000000
0.965926 -0.258819 -0.000001 0.222970 0.258819 0.965926 -0.000000 -0.000087 0.000001 -0.000000 1.000000 0.000000 0.000000 0.000000 0.000000 1.000000
0.965926 -0.258819 -0.000001 0.222970 0.258819 0.965926 0.000000 -0.000087 0.000001 -0.000000 1.000000 0.000000 0.000000 0.000000 0.000000 1.000000
0.965926 -0.258819 -0.000001 0.222970 0.258819 0.965926 -0.000000 -0.000087 0.000001 -0.000000 1.000000 0.000000 0.000000 0.000000 0.000000 1.000000
0.965926 -0.258819 -0.000001 0.222970 0.258819 0.965926 -0.000000 -0.000087 0.000001 -0.000000 1.000000 -0.000000 0.000000 0.000000 0.000000 1.000000
0.965926 -0.258819 -0.000001 0.222970 0.258819 0.965926 -0.000000 -0.000086 0.000001 -0.000000 1.000000 -0.000000 0.000000 0.000000 0.000000 1.000000
0.965926 -0.258819 -0.000001 0.222970 0.258819 0.965926 -0.000000 -0.000086 0.000001 -0.000000 1.000000 -0.000000 0.000000 0.000000 0.000000 1.000000
0.965926 -0.258819 -0.000001 0.222970 0.258819 0.965926 -0.000000 -0.000087 0.000001 -0.000000 1.000000 -0.000000 0.000000 0.000000 0.000000 1.000000
0.965926 -0.258819 -0.000001 0.222970 0.258819 0.965926 -0.000000 -0.000086 0.000001 -0.000000 1.000000 -0.000000 0.000000 0.000000 0.000000 1.000000
0.965926 -0.258819 -0.000001 0.222970 0.258819 0.965926 -0.000000 -0.000087 0.000001 -0.000000 1.000000 -0.000000 0.000000 0.000000 0.000000 1.000000
0.965926 -0.258819 -0.000001 0.222970 0.258819 0.965926 -0.000000 -0.000087 0.000001 -0.000000 1.000000 -0.000000 0.000000 0.000000 0.000000 1.000000
0.965926 -0.258819 -0.000001 0.222970 0.258819 0.965926 -0.000000 -0.000087 0.000001 -0.000000 1.000000 0.000000 0.000000 0.000000 0.000000 1.000000
0.965926 -0.258819 -0.000001 0.222970 0.258819 0.965926 -0.000000 -0.000087 0.000001 -0.000000 1.000000 0.000000 0.000000 0.000000 0.000000 1.000000
0.965926 -0.258819 -0.000001 0.222970 0.258819 0.965926 -0.000000 -0.000087 0.000001 -0.000000 1.000000 -0.000000 0.000000 0.000000 0.000000 1.000000
0.965926 -0.258819 -0.000001 0.222970 0.258819 0.965926 -0.000000 -0.000087 0.000001 -0.000000 1.000000 0.000000 0.000000 0.000000 0.000000 1.000000
0.965926 -0.258819 -0.000001 0.222970 0.258819 0.965926 -0.000000 -0.000087 0.000001 -0.000000 1.000000 -0.000000 0.000000 0.000000 0.000000 1.000000</float_array>
          <technique_common>
            <accessor source="#Bip01_Neck-Matrix-animation-output-transform-array" count="21" stride="16">
              <param type="float4x4"/>
            </accessor>
          </technique_common>
        </source>
        <source id="Bip01_Neck-Interpolations">
          <Name_array id="Bip01_Neck-Interpolations-array" count="21">
 LINEAR LINEAR LINEAR LINEAR LINEAR LINEAR LINEAR LINEAR LINEAR LINEAR LINEAR
LINEAR LINEAR LINEAR LINEAR LINEAR LINEAR LINEAR LINEAR LINEAR LINEAR</Name_array>
          <technique_common>
            <accessor source="#Bip01_Neck-Interpolations-array" count="21">
              <param type="name"/>
            </accessor>
          </technique_common>
        </source>
        <sampler id="Bip01_Neck-Matrix-animation-transform">
          <input semantic="INPUT" source="#Bip01_Neck-Matrix-animation-input"/>
          <input semantic="OUTPUT" source="#Bip01_Neck-Matrix-animation-output-transform"/>
          <input semantic="INTERPOLATION" source="#Bip01_Neck-Interpolations"/>
        </sampler>
        <channel source="#Bip01_Neck-Matrix-animation-transform" target="Bip01_Neck/matrix"/>
      </animation>
    </animation>
    <animation id="Bip01_L_Clavicle-anim" name="Bip01_L_Clavicle">
      <animation>
        <source id="Bip01_L_Clavicle-Matrix-animation-input">
          <float_array id="Bip01_L_Clavicle-Matrix-animation-input-array" count="21">

0.000000 0.033333 0.066667 0.100000 0.133333 0.166667 0.200000 0.233333 0.266667 0.300000 0.333333 0.366667 0.400000 0.433333 0.466667 0.500000
0.533333 0.566667 0.600000 0.633333 0.666667</float_array>
          <technique_common>
            <accessor source="#Bip01_L_Clavicle-Matrix-animation-input-array" count="21">
              <param name="TIME" type="float"/>
            </accessor>
          </technique_common>
        </source>
        <source id="Bip01_L_Clavicle-Matrix-animation-output-transform">
          <float_array id="Bip01_L_Clavicle-Matrix-animation-output-transform-array" count="336">

-0.206406 -0.255644 0.944480 -0.000000 0.229165 -0.951048 -0.207340 0.000090 0.951252 0.173646 0.254886 0.030012 0.000000 0.000000 0.000000 1.000000
-0.258151 -0.259449 0.930615 0.000000 0.036663 -0.965202 -0.258922 0.000089 0.965409 -0.032722 0.258680 0.030012 0.000000 0.000000 0.000000 1.000000
-0.314843 -0.250743 0.915424 0.000000 -0.174246 -0.932813 -0.315434 0.000089 0.933012 -0.258822 0.249999 0.030012 0.000000 0.000000 0.000000 1.000000
-0.358388 -0.234056 0.903757 0.000000 -0.336238 -0.870734 -0.358840 0.000090 0.870920 -0.432482 0.233362 0.030012 0.000000 0.000000 0.000000 1.000000
-0.375318 -0.224810 0.899220 -0.000000 -0.399223 -0.836336 -0.375717 0.000090 0.836515 -0.500002 0.224143 0.030012 0.000000 0.000000 0.000000 1.000000
-0.340259 -0.242166 0.908614 0.000000 -0.268795 -0.900903 -0.340769 0.000090 0.901096 -0.360180 0.241447 0.030012 0.000000 0.000000 0.000000 1.000000
-0.264526 -0.259149 0.928907 -0.000000 0.012945 -0.964085 -0.265277 0.000089 0.964292 -0.058148 0.258380 0.030012 0.000000 0.000000 0.000000 1.000000
-0.206406 -0.255644 0.944480 0.000000 0.229165 -0.951048 -0.207341 0.000089 0.951252 0.173646 0.254886 0.030012 0.000000 0.000000 0.000000 1.000000
-0.193700 -0.252972 0.947885 0.000000 0.276433 -0.941109 -0.194675 0.000089 0.941310 0.224319 0.252223 0.030012 0.000000 0.000000 0.000000 1.000000
-0.200036 -0.254394 0.946187 0.000000 0.252861 -0.946395 -0.200992 0.000089 0.946597 0.199048 0.253639 0.030012 0.000000 0.000000 0.000000 1.000000
-0.206406 -0.255644 0.944480 0.000000 0.229165 -0.951049 -0.207341 0.000089 0.951252 0.173646 0.254886 0.030012 0.000000 0.000000 0.000000 1.000000
-0.206406 -0.255644 0.944480 0.000000 0.229165 -0.951049 -0.207341 0.000089 0.951252 0.173646 0.254886 0.030012 0.000000 0.000000 0.000000 1.000000
-0.206405 -0.255644 0.944480 -0.000000 0.229165 -0.951048 -0.207341 0.000089 0.951252 0.173645 0.254886 0.030012 0.000000 0.000000 0.000000 1.000000
-0.206405 -0.255645 0.944480 0.000000 0.229165 -0.951048 -0.207341 0.000089 0.951252 0.173645 0.254886 0.030012 0.000000 0.000000 0.000000 1.000000
-0.206406 -0.255645 0.944480 0.000000 0.229165 -0.951048 -0.207341 0.000090 0.951252 0.173646 0.254886 0.030012 0.000000 0.000000 0.000000 1.000000
-0.206406 -0.255645 0.944480 0.000000 0.229165 -0.951048 -0.207341 0.000090 0.951252 0.173645 0.254886 0.030012 0.000000 0.000000 0.000000 1.000000
-0.206406 -0.255644 0.944480 0.000000 0.229165 -0.951049 -0.207340 0.000090 0.951252 0.173646 0.254886 0.030012 0.000000 0.000000 0.000000 1.000000
-0.206405 -0.255645 0.944480 -0.000000 0.229165 -0.951048 -0.207341 0.000090 0.951252 0.173646 0.254886 0.030012 0.000000 0.000000 0.000000 1.000000
-0.206405 -0.255645 0.944480 0.000000 0.229165 -0.951048 -0.207341 0.000089 0.951252 0.173645 0.254886 0.030012 0.000000 0.000000 0.000000 1.000000
-0.206406 -0.255644 0.944480 0.000000 0.229165 -0.951049 -0.207341 0.000089 0.951252 0.173646 0.254886 0.030012 0.000000 0.000000 0.000000 1.000000
-0.206406 -0.255644 0.944480 -0.000000 0.229165 -0.951048 -0.207340 0.000090 0.951252 0.173646 0.254886 0.030012 0.000000 0.000000 0.000000 1.000000</float_array>
          <technique_common>
            <accessor source="#Bip01_L_Clavicle-Matrix-animation-output-transform-array" count="21" stride="16">
              <param type="float4x4"/>
            </accessor>
          </technique_common>
        </source>
        <source id="Bip01_L_Clavicle-Interpolations">
          <Name_array id="Bip01_L_Clavicle-Interpolations-array" count="21">
 LINEAR LINEAR LINEAR LINEAR LINEAR LINEAR LINEAR LINEAR LINEAR LINEAR LINEAR
LINEAR LINEAR LINEAR LINEAR LINEAR LINEAR LINEAR LINEAR LINEAR LINEAR</Name_array>
          <technique_common>
            <accessor source="#Bip01_L_Clavicle-Interpolations-array" count="21">
              <param type="name"/>
            </accessor>
          </technique_common>
        </source>
        <sampler id="Bip01_L_Clavicle-Matrix-animation-transform">
          <input semantic="INPUT" source="#Bip01_L_Clavicle-Matrix-animation-input"/>
          <input semantic="OUTPUT" source="#Bip01_L_Clavicle-Matrix-animation-output-transform"/>
          <input semantic="INTERPOLATION" source="#Bip01_L_Clavicle-Interpolations"/>
        </sampler>
        <channel source="#Bip01_L_Clavicle-Matrix-animation-transform" target="Bip01_L_Clavicle/matrix"/>
      </animation>
    </animation>
    <animation id="Bip01_L_UpperArm-anim" name="Bip01_L_UpperArm">
      <animation>
        <source id="Bip01_L_UpperArm-Matrix-animation-input">
          <float_array id="Bip01_L_UpperArm-Matrix-animation-input-array" count="21">

0.000000 0.033333 0.066667 0.100000 0.133333 0.166667 0.200000 0.233333 0.266667 0.300000 0.333333 0.366667 0.400000 0.433333 0.466667 0.500000
0.533333 0.566667 0.600000 0.633333 0.666667</float_array>
          <technique_common>
            <accessor source="#Bip01_L_UpperArm-Matrix-animation-input-array" count="21">
              <param name="TIME" type="float"/>
            </accessor>
          </technique_common>
        </source>
        <source id="Bip01_L_UpperArm-Matrix-animation-output-transform">
          <float_array id="Bip01_L_UpperArm-Matrix-animation-output-transform-array" count="336">

0.974351 0.213398 -0.071428 0.172746 -0.225022 0.920561 -0.319270 0.000000 -0.002378 0.327154 0.944968 -0.000000 0.000000 0.000000 0.000000 1.000000
0.995959 0.052581 -0.072812 0.172746 -0.051226 0.998479 0.020363 0.000000 0.073772 -0.016551 0.997138 -0.000000 0.000000 0.000000 0.000000 1.000000
0.987917 -0.096909 -0.120949 0.172746 0.137094 0.910406 0.390342 -0.000000 0.072285 -0.402207 0.912691 -0.000000 0.000000 0.000000 0.000000 1.000000
0.951149 -0.233095 -0.202443 0.172746 0.308718 0.711700 0.631012 0.000000 -0.003007 -0.662684 0.748893 0.000000 0.000000 0.000000 0.000000 1.000000
0.878306 -0.352192 -0.323327 0.172746 0.475692 0.575952 0.664829 -0.000000 -0.047926 -0.737727 0.673396 -0.000000 0.000000 0.000000 0.000000 1.000000
0.734127 -0.613876 -0.290196 0.172746 0.674530 0.610303 0.415379 -0.000000 -0.077883 -0.500687 0.862118 0.000000 0.000000 0.000000 0.000000 1.000000
0.529896 -0.828978 0.178901 0.172746 0.742956 0.555496 0.373419 -0.000000 -0.408935 -0.064958 0.910249 0.000000 0.000000 0.000000 0.000000 1.000000
0.414637 -0.800698 0.432387 0.172746 0.550948 0.599062 0.581018 -0.000000 -0.724246 -0.002689 0.689536 -0.000000 0.000000 0.000000 0.000000 1.000000
0.512544 -0.699280 0.498303 0.172746 0.419245 0.710253 0.565487 -0.000000 -0.749355 -0.080926 0.657205 -0.000000 0.000000 0.000000 0.000000 1.000000
0.677697 -0.511782 0.528021 0.172746 0.333142 0.853828 0.399992 0.000000 -0.655548 -0.095168 0.749133 0.000000 0.000000 0.000000 0.000000 1.000000
0.811134 -0.292296 0.506581 0.172746 0.216140 0.954652 0.204750 0.000000 -0.543456 -0.056588 0.837528 0.000000 0.000000 0.000000 0.000000 1.000000
0.890862 -0.068882 0.449022 0.172746 0.066054 0.997574 0.021981 0.000000 -0.449447 0.010077 0.893250 0.000000 0.000000 0.000000 0.000000 1.000000
0.934394 0.160615 0.317977 0.172746 -0.112889 0.980092 -0.163329 0.000000 -0.337880 0.116717 0.933924 0.000000 0.000000 0.000000 0.000000 1.000000
0.930202 0.341756 0.133891 0.172746 -0.289040 0.906865 -0.306680 -0.000000 -0.226230 0.246575 0.942349 0.000000 0.000000 0.000000 0.000000 1.000000
0.892396 0.448230 -0.052140 0.172746 -0.432415 0.816380 -0.382806 0.000000 -0.129020 0.364161 0.922356 0.000000 0.000000 0.000000 0.000000 1.000000
0.852256 0.490266 -0.182479 0.172746 -0.519937 0.755414 -0.398766 0.000000 -0.057654 0.434728 0.898714 0.000000 0.000000 0.000000 0.000000 1.000000
0.844074 0.485187 -0.228328 0.172746 -0.535987 0.750656 -0.386308 0.000000 -0.016036 0.448453 0.893663 0.000000 0.000000 0.000000 0.000000 1.000000
0.870414 0.444729 -0.211177 0.172746 -0.492316 0.788154 -0.369375 0.000000 0.002168 0.425475 0.904968 0.000000 0.000000 0.000000 0.000000 1.000000
0.912823 0.375377 -0.160767 0.172746 -0.408347 0.841589 -0.353525 0.000000 0.002594 0.388354 0.921507 -0.000000 0.000000 0.000000 0.000000 1.000000
0.951232 0.289597 -0.106264 0.172746 -0.308460 0.889343 -0.337522 -0.000000 -0.003241 0.353840 0.935300 0.000000 0.000000 0.000000 0.000000 1.000000
0.974351 0.213398 -0.071428 0.172746 -0.225022 0.920561 -0.319270 0.000000 -0.002378 0.327154 0.944968 -0.000000 0.000000 0.000000 0.000000 1.000000</float_array>
          <technique_common>
            <accessor source="#Bip01_L_UpperArm-Matrix-animation-output-transform-array" count="21" stride="16">
              <param type="float4x4"/>
            </accessor>
          </technique_common>
        </source>
        <source id="Bip01_L_UpperArm-Interpolations">
          <Name_array id="Bip01_L_UpperArm-Interpolations-array" count="21">
 LINEAR LINEAR LINEAR LINEAR LINEAR LINEAR LINEAR LINEAR LINEAR LINEAR LINEAR
LINEAR LINEAR LINEAR LINEAR LINEAR LINEAR LINEAR LINEAR LINEAR LINEAR</Name_array>
          <technique_common>
            <accessor source="#Bip01_L_UpperArm-Interpolations-array" count="21">
              <param type="name"/>
            </accessor>
          </technique_common>
        </source>
        <sampler id="Bip01_L_UpperArm-Matrix-animation-transform">
          <input semantic="INPUT" source="#Bip01_L_UpperArm-Matrix-animation-input"/>
          <input semantic="OUTPUT" source="#Bip01_L_UpperArm-Matrix-animation-output-transform"/>
          <input semantic="INTERPOLATION" source="#Bip01_L_UpperArm-Interpolations"/>
        </sampler>
        <channel source="#Bip01_L_UpperArm-Matrix-animation-transform" target="Bip01_L_UpperArm/matrix"/>
      </animation>
    </animation>
    <animation id="Bip01_L_Forearm-anim" name="Bip01_L_Forearm">
      <animation>
        <source id="Bip01_L_Forearm-Matrix-animation-input">
          <float_array id="Bip01_L_Forearm-Matrix-animation-input-array" count="21">

0.000000 0.033333 0.066667 0.100000 0.133333 0.166667 0.200000 0.233333 0.266667 0.300000 0.333333 0.366667 0.400000 0.433333 0.466667 0.500000
0.533333 0.566667 0.600000 0.633333 0.666667</float_array>
          <technique_common>
            <accessor source="#Bip01_L_Forearm-Matrix-animation-input-array" count="21">
              <param name="TIME" type="float"/>
            </accessor>
          </technique_common>
        </source>
        <source id="Bip01_L_Forearm-Matrix-animation-output-transform">
          <float_array id="Bip01_L_Forearm-Matrix-animation-output-transform-array" count="336">

0.934456 0.356079 -0.000000 0.257246 -0.356079 0.934456 0.000000 0.000000 0.000000 -0.000000 1.000000 0.000000 0.000000 0.000000 0.000000 1.000000
0.806417 0.591347 0.000000 0.257246 -0.591347 0.806417 -0.000000 0.000000 -0.000000 0.000000 1.000000 0.000000 0.000000 0.000000 0.000000 1.000000
0.616930 0.787018 -0.000000 0.257246 -0.787018 0.616930 -0.000000 -0.000000 -0.000000 0.000000 1.000000 -0.000000 0.000000 0.000000 0.000000 1.000000
0.390108 0.920769 -0.000000 0.257246 -0.920769 0.390108 -0.000000 -0.000000 -0.000000 0.000000 1.000000 0.000000 0.000000 0.000000 0.000000 1.000000
0.158855 0.987302 -0.000000 0.257246 -0.987302 0.158855 -0.000000 -0.000000 0.000000 -0.000000 1.000000 -0.000000 0.000000 0.000000 0.000000 1.000000
-0.129137 0.991627 0.000000 0.257246 -0.991627 -0.129137 0.000000 0.000000 0.000000 0.000000 1.000000 -0.000000 0.000000 0.000000 0.000000 1.000000
-0.376491 0.926420 -0.000000 0.257246 -0.926420 -0.376491 0.000000 -0.000000 0.000000 0.000000 1.000000 -0.000000 0.000000 0.000000 0.000000 1.000000
-0.361385 0.932416 -0.000000 0.257246 -0.932417 -0.361385 0.000000 0.000000 -0.000000 -0.000000 1.000000 -0.000000 0.000000 0.000000 0.000000 1.000000
0.216461 0.976291 0.000000 0.257246 -0.976292 0.216460 -0.000000 0.000000 -0.000000 0.000000 1.000000 -0.000000 0.000000 0.000000 0.000000 1.000000
0.881433 0.472310 -0.000000 0.257246 -0.472310 0.881432 0.000000 -0.000000 0.000000 -0.000000 1.000000 -0.000000 0.000000 0.000000 0.000000 1.000000
0.999887 0.015002 -0.000000 0.257246 -0.015002 0.999887 0.000000 0.000000 0.000000 -0.000000 1.000000 0.000000 0.000000 0.000000 0.000000 1.000000
0.993702 0.112050 0.000000 0.257246 -0.112050 0.993703 -0.000000 0.000000 -0.000000 0.000000 1.000000 0.000000 0.000000 0.000000 0.000000 1.000000
0.903857 0.427835 -0.000000 0.257246 -0.427835 0.903857 -0.000000 0.000000 -0.000000 0.000000 1.000000 0.000000 0.000000 0.000000 0.000000 1.000000
0.650243 0.759726 0.000000 0.257246 -0.759726 0.650243 0.000000 -0.000000 0.000000 -0.000000 1.000000 0.000000 0.000000 0.000000 0.000000 1.000000
0.331287 0.943530 -0.000000 0.257246 -0.943530 0.331287 0.000000 0.000000 0.000000 -0.000000 1.000000 0.000000 0.000000 0.000000 0.000000 1.000000
0.158855 0.987302 0.000000 0.257246 -0.987302 0.158855 -0.000000 0.000000 -0.000000 0.000000 1.000000 0.000000 0.000000 0.000000 0.000000 1.000000
