<?xml version="1.0" encoding="utf-8"?>
<COLLADA xmlns="http://www.collada.org/2005/11/COLLADASchema" version="1.4.0">
  <asset>
    <contributor>
      <author></author>
      <authoring_tool>FBX COLLADA exporter</authoring_tool>
      <comments></comments>
    </contributor>
    <created>2010-07-12T11:10:48Z</created>
    <modified>2010-07-12T11:10:48Z</modified>
    <revision></revision>
    <title></title>
    <subject></subject>
    <keywords></keywords>
    <unit meter="1.000000"/>
    <up_axis>Y_UP</up_axis>
  </asset>
  <library_animations>
    <animation id="Bip01-anim" name="Bip01">
      <animation>
        <source id="Bip01-Matrix-animation-input">
          <float_array id="Bip01-Matrix-animation-input-array" count="26">

0.000000 0.033333 0.066667 0.100000 0.133333 0.166667 0.200000 0.233333 0.266667 0.300000 0.333333 0.366667 0.400000 0.433333 0.466667 0.500000
0.533333 0.566667 0.600000 0.633333 0.666667 0.700000 0.733333 0.766667 0.800000 0.833333</float_array>
          <technique_common>
            <accessor source="#Bip01-Matrix-animation-input-array" count="26">
              <param name="TIME" type="float"/>
            </accessor>
          </technique_common>
        </source>
        <source id="Bip01-Matrix-animation-output-transform">
          <float_array id="Bip01-Matrix-animation-output-transform-array" count="416">

0.000000 0.000000 -1.000000 -0.479685 -0.000000 1.000000 0.000000 0.000000 1.000000 -0.000000 0.000000 -0.119273 0.000000 0.000000 0.000000 1.000000
0.000000 0.000000 -1.000000 -0.475681 -0.000000 1.000000 0.000000 0.000000 1.000000 -0.000000 0.000000 -0.252917 0.000000 0.000000 0.000000 1.000000
0.000000 0.000000 -1.000000 -0.471676 -0.000000 1.000000 0.000000 0.000000 1.000000 -0.000000 0.000000 -0.386562 0.000000 0.000000 0.000000 1.000000
0.000000 0.000000 -1.000000 -0.469856 -0.000000 1.000000 0.000000 -0.000000 1.000000 -0.000000 0.000000 -0.447309 0.000000 0.000000 0.000000 1.000000
0.000000 0.000000 -1.000000 -0.467932 -0.000000 1.000000 0.000000 -0.000000 1.000000 -0.000000 0.000000 -0.411110 0.000000 0.000000 0.000000 1.000000
0.000000 0.000000 -1.000000 -0.468192 -0.000000 1.000000 0.000000 0.000000 1.000000 -0.000000 0.000000 -0.302014 0.000000 0.000000 0.000000 1.000000
0.000000 0.000000 -1.000000 -0.479685 -0.000000 1.000000 0.000000 0.000000 1.000000 -0.000000 0.000000 -0.119273 0.000000 0.000000 0.000000 1.000000
0.000000 0.000000 -1.000000 -0.507915 -0.000000 1.000000 0.000000 0.000000 1.000000 -0.000000 0.000000 0.145646 0.000000 0.000000 0.000000 1.000000
0.000000 0.000000 -1.000000 -0.545761 -0.000000 1.000000 0.000000 0.000000 1.000000 -0.000000 0.000000 0.468251 0.000000 0.000000 0.000000 1.000000
0.000000 0.000000 -1.000000 -0.583332 -0.000000 1.000000 0.000000 0.000000 1.000000 -0.000000 0.000000 0.799759 0.000000 0.000000 0.000000 1.000000
0.000000 0.000000 -1.000000 -0.610742 -0.000000 1.000000 0.000000 0.000000 1.000000 -0.000000 0.000000 1.091384 0.000000 0.000000 0.000000 1.000000
0.000000 0.000000 -1.000000 -0.574849 -0.000000 1.000000 0.000000 0.000000 1.000000 -0.000000 0.000000 1.157833 0.000000 0.000000 0.000000 1.000000
0.000000 0.000000 -1.000000 -0.574930 -0.000000 1.000000 0.000000 0.000000 1.000000 -0.000000 0.000000 1.013545 0.000000 0.000000 0.000000 1.000000
0.000000 0.000000 -1.000000 -0.581377 -0.000000 1.000000 0.000000 0.000000 1.000000 -0.000000 0.000000 0.832391 0.000000 0.000000 0.000000 1.000000
0.000000 0.000000 -1.000000 -0.581757 -0.000000 1.000000 0.000000 0.000000 1.000000 -0.000000 0.000000 0.693588 0.000000 0.000000 0.000000 1.000000
0.000000 0.000000 -1.000000 -0.574529 -0.000000 1.000000 0.000000 0.000000 1.000000 -0.000000 0.000000 0.605373 0.000000 0.000000 0.000000 1.000000
0.000000 0.000000 -1.000000 -0.566521 -0.000000 1.000000 0.000000 0.000000 1.000000 -0.000000 0.000000 0.522599 0.000000 0.000000 0.000000 1.000000
0.000000 0.000000 -1.000000 -0.557857 -0.000000 1.000000 0.000000 0.000000 1.000000 -0.000000 0.000000 0.444407 0.000000 0.000000 0.000000 1.000000
0.000000 0.000000 -1.000000 -0.548660 -0.000000 1.000000 0.000000 0.000000 1.000000 -0.000000 0.000000 0.369938 0.000000 0.000000 0.000000 1.000000
0.000000 0.000000 -1.000000 -0.539053 -0.000000 1.000000 0.000000 0.000000 1.000000 -0.000000 0.000000 0.298332 0.000000 0.000000 0.000000 1.000000
0.000000 0.000000 -1.000000 -0.529158 -0.000000 1.000000 0.000000 0.000000 1.000000 -0.000000 0.000000 0.228731 0.000000 0.000000 0.000000 1.000000
0.000000 0.000000 -1.000000 -0.519099 -0.000000 1.000000 0.000000 0.000000 1.000000 -0.000000 0.000000 0.160276 0.000000 0.000000 0.000000 1.000000
0.000000 0.000000 -1.000000 -0.509000 -0.000000 1.000000 0.000000 0.000000 1.000000 -0.000000 0.000000 0.092107 0.000000 0.000000 0.000000 1.000000
0.000000 0.000000 -1.000000 -0.498982 -0.000000 1.000000 0.000000 0.000000 1.000000 -0.000000 0.000000 0.023365 0.000000 0.000000 0.000000 1.000000
0.000000 0.000000 -1.000000 -0.489170 -0.000000 1.000000 0.000000 0.000000 1.000000 -0.000000 0.000000 -0.046809 0.000000 0.000000 0.000000 1.000000
0.000000 0.000000 -1.000000 -0.479685 -0.000000 1.000000 0.000000 0.000000 1.000000 -0.000000 0.000000 -0.119273 0.000000 0.000000 0.000000 1.000000</float_array>
          <technique_common>
            <accessor source="#Bip01-Matrix-animation-output-transform-array" count="26" stride="16">
              <param type="float4x4"/>
            </accessor>
          </technique_common>
        </source>
        <source id="Bip01-Interpolations">
          <Name_array id="Bip01-Interpolations-array" count="26">
 LINEAR LINEAR LINEAR LINEAR LINEAR LINEAR LINEAR LINEAR LINEAR LINEAR LINEAR
LINEAR LINEAR LINEAR LINEAR LINEAR LINEAR LINEAR LINEAR LINEAR LINEAR LINEAR LINEAR
LINEAR LINEAR LINEAR</Name_array>
          <technique_common>
            <accessor source="#Bip01-Interpolations-array" count="26">
              <param type="name"/>
            </accessor>
          </technique_common>
        </source>
        <sampler id="Bip01-Matrix-animation-transform">
          <input semantic="INPUT" source="#Bip01-Matrix-animation-input"/>
          <input semantic="OUTPUT" source="#Bip01-Matrix-animation-output-transform"/>
          <input semantic="INTERPOLATION" source="#Bip01-Interpolations"/>
        </sampler>
        <channel source="#Bip01-Matrix-animation-transform" target="Bip01/matrix"/>
      </animation>
    </animation>
    <animation id="Bip01_Pelvis-anim" name="Bip01_Pelvis">
      <animation>
        <source id="Bip01_Pelvis-Matrix-animation-input">
          <float_array id="Bip01_Pelvis-Matrix-animation-input-array" count="26">

0.000000 0.033333 0.066667 0.100000 0.133333 0.166667 0.200000 0.233333 0.266667 0.300000 0.333333 0.366667 0.400000 0.433333 0.466667 0.500000
0.533333 0.566667 0.600000 0.633333 0.666667 0.700000 0.733333 0.766667 0.800000 0.833333</float_array>
          <technique_common>
            <accessor source="#Bip01_Pelvis-Matrix-animation-input-array" count="26">
              <param name="TIME" type="float"/>
            </accessor>
          </technique_common>
        </source>
        <source id="Bip01_Pelvis-Matrix-animation-output-transform">
          <float_array id="Bip01_Pelvis-Matrix-animation-output-transform-array" count="416">

-0.290372 0.862477 0.414509 -0.035612 0.100434 -0.403311 0.909534 0.000000 0.951629 0.305735 0.030488 0.000000 0.000000 0.000000 0.000000 1.000000
-0.299322 0.841073 0.450558 -0.035612 0.109284 -0.438880 0.891875 0.000000 0.947873 0.316197 0.039450 0.000000 0.000000 0.000000 0.000000 1.000000
-0.307852 0.818101 0.485734 -0.035612 0.118502 -0.473582 0.872741 0.000000 0.944026 0.326235 0.048847 -0.000000 0.000000 0.000000 0.000000 1.000000
-0.311586 0.807153 0.501416 -0.035612 0.122808 -0.489053 0.863566 0.000000 0.942248 0.330653 0.053257 0.000000 0.000000 0.000000 0.000000 1.000000
-0.315435 0.795241 0.517777 -0.035612 0.127437 -0.505191 0.853546 0.000000 0.940351 0.335222 0.058011 0.000000 0.000000 0.000000 0.000000 1.000000
-0.314921 0.796871 0.515579 -0.035612 0.126807 -0.503023 0.854919 0.000000 0.940609 0.334611 0.057363 0.000000 0.000000 0.000000 0.000000 1.000000
-0.290372 0.862477 0.414509 -0.035612 0.100434 -0.403311 0.909534 0.000000 0.951629 0.305735 0.030488 0.000000 0.000000 0.000000 0.000000 1.000000
-0.221526 0.962312 0.157739 -0.035612 0.052060 -0.149856 0.987336 0.000000 0.973764 0.226932 -0.016901 -0.000000 0.000000 0.000000 0.000000 1.000000
-0.113126 0.973210 -0.200159 -0.035612 0.020376 0.203682 0.978825 0.000000 0.993372 0.106652 -0.042872 0.000000 0.000000 0.000000 0.000000 1.000000
0.006948 0.835685 -0.549164 -0.035612 0.030768 0.548739 0.835427 0.000000 0.999502 -0.022702 -0.021900 -0.000000 0.000000 0.000000 0.000000 1.000000
0.102059 0.607445 -0.787778 -0.035612 0.075277 0.784927 0.614999 0.000000 0.991926 -0.122068 0.034382 0.000000 0.000000 0.000000 0.000000 1.000000
0.120801 0.545442 -0.829398 -0.035612 0.089225 0.826168 0.556314 0.000000 0.988659 -0.141206 0.051134 -0.000000 0.000000 0.000000 0.000000 1.000000
0.106162 0.594468 -0.797080 -0.035612 0.078149 0.794143 0.602686 0.000000 0.991273 -0.126274 0.037851 0.000000 0.000000 0.000000 0.000000 1.000000
0.083918 0.661195 -0.745505 -0.035612 0.063681 0.743057 0.666192 0.000000 0.994436 -0.103380 0.020250 -0.000000 0.000000 0.000000 0.000000 1.000000
0.056357 0.732810 -0.678096 -0.035612 0.049119 0.676318 0.734970 0.000000 0.997202 -0.074728 0.002120 0.000000 0.000000 0.000000 0.000000 1.000000
0.026115 0.799341 -0.600310 -0.035612 0.036803 0.599338 0.799649 0.000000 0.998981 -0.042976 -0.013767 0.000000 0.000000 0.000000 0.000000 1.000000
-0.005829 0.857574 -0.514327 -0.035612 0.027457 0.514280 0.857183 0.000000 0.999606 -0.009125 -0.026544 0.000000 0.000000 0.000000 0.000000 1.000000
-0.039055 0.906174 -0.421098 -0.035612 0.021375 0.422081 0.906306 0.000000 0.999008 0.026395 -0.035853 0.000000 0.000000 0.000000 0.000000 1.000000
-0.073090 0.943983 -0.321798 -0.035612 0.018786 0.323907 0.945902 0.000000 0.997148 0.063091 -0.041408 0.000000 0.000000 0.000000 0.000000 1.000000
-0.107425 0.970063 -0.217802 -0.035612 0.019842 0.221117 0.975045 0.000000 0.994015 0.100423 -0.043001 0.000000 0.000000 0.000000 0.000000 1.000000
-0.141525 0.983733 -0.110637 -0.035612 0.024609 0.115224 0.993035 0.000000 0.989629 0.137817 -0.040516 0.000000 0.000000 0.000000 0.000000 1.000000
-0.174850 0.984593 -0.001945 -0.035612 0.033069 0.007847 0.999422 0.000000 0.984040 0.174685 -0.033932 0.000000 0.000000 0.000000 0.000000 1.000000
-0.206873 0.972545 0.106580 -0.035612 0.045113 -0.099339 0.994030 0.000000 0.977327 0.210446 -0.023324 0.000000 0.000000 0.000000 0.000000 1.000000
-0.237093 0.947795 0.213242 -0.035612 0.060548 -0.204657 0.976959 0.000000 0.969598 0.244541 -0.008864 0.000000 0.000000 0.000000 0.000000 1.000000
-0.265057 0.910845 0.316396 -0.035612 0.079102 -0.306487 0.948583 0.000000 0.960983 0.276456 0.009187 -0.000000 0.000000 0.000000 0.000000 1.000000
-0.290372 0.862477 0.414509 -0.035612 0.100434 -0.403312 0.909534 0.000000 0.951629 0.305735 0.030488 0.000000 0.000000 0.000000 0.000000 1.000000</float_array>
          <technique_common>
            <accessor source="#Bip01_Pelvis-Matrix-animation-output-transform-array" count="26" stride="16">
              <param type="float4x4"/>
            </accessor>
          </technique_common>
        </source>
        <source id="Bip01_Pelvis-Interpolations">
          <Name_array id="Bip01_Pelvis-Interpolations-array" count="26">
 LINEAR LINEAR LINEAR LINEAR LINEAR LINEAR LINEAR LINEAR LINEAR LINEAR LINEAR
LINEAR LINEAR LINEAR LINEAR LINEAR LINEAR LINEAR LINEAR LINEAR LINEAR LINEAR LINEAR
LINEAR LINEAR LINEAR</Name_array>
          <technique_common>
            <accessor source="#Bip01_Pelvis-Interpolations-array" count="26">
              <param type="name"/>
            </accessor>
          </technique_common>
        </source>
        <sampler id="Bip01_Pelvis-Matrix-animation-transform">
          <input semantic="INPUT" source="#Bip01_Pelvis-Matrix-animation-input"/>
          <input semantic="OUTPUT" source="#Bip01_Pelvis-Matrix-animation-output-transform"/>
          <input semantic="INTERPOLATION" source="#Bip01_Pelvis-Interpolations"/>
        </sampler>
        <channel source="#Bip01_Pelvis-Matrix-animation-transform" target="Bip01_Pelvis/matrix"/>
      </animation>
    </animation>
    <animation id="Bip01_Spine-anim" name="Bip01_Spine">
      <animation>
        <source id="Bip01_Spine-Matrix-animation-input">
          <float_array id="Bip01_Spine-Matrix-animation-input-array" count="26">

0.000000 0.033333 0.066667 0.100000 0.133333 0.166667 0.200000 0.233333 0.266667 0.300000 0.333333 0.366667 0.400000 0.433333 0.466667 0.500000
0.533333 0.566667 0.600000 0.633333 0.666667 0.700000 0.733333 0.766667 0.800000 0.833333</float_array>
          <technique_common>
            <accessor source="#Bip01_Spine-Matrix-animation-input-array" count="26">
              <param name="TIME" type="float"/>
            </accessor>
          </technique_common>
        </source>
        <source id="Bip01_Spine-Matrix-animation-output-transform">
          <float_array id="Bip01_Spine-Matrix-animation-output-transform-array" count="416">

0.998573 0.024449 0.047477 0.093837 -0.039928 0.932190 0.359761 0.029983 -0.035462 -0.361143 0.931836 0.003071 0.000000 0.000000 0.000000 1.000000
0.998299 0.020273 0.054664 0.093467 -0.037146 0.943825 0.328353 0.031013 -0.044937 -0.329825 0.942972 0.003949 0.000000 0.000000 0.000000 1.000000
0.997931 0.016028 0.062256 0.093088 -0.033839 0.954369 0.296707 0.032001 -0.054660 -0.298200 0.952937 0.004870 0.000000 0.000000 0.000000 1.000000
0.997252 0.019587 0.071448 0.092912 -0.039078 0.958411 0.282705 0.032436 -0.062939 -0.284720 0.956542 0.005302 0.000000 0.000000 0.000000 1.000000
0.993618 0.047418 0.102350 0.092721 -0.073650 0.959969 0.270250 0.032886 -0.085438 -0.276063 0.957335 0.005770 0.000000 0.000000 0.000000 1.000000
0.987454 0.082782 0.134466 0.092740 -0.117352 0.954499 0.274153 0.032827 -0.105653 -0.286493 0.952239 0.005708 0.000000 0.000000 0.000000 1.000000
0.990393 0.085292 0.108843 0.093826 -0.119375 0.924638 0.361654 0.029985 -0.069794 -0.371172 0.925937 0.003072 0.000000 0.000000 0.000000 1.000000
0.945979 -0.263464 -0.188973 0.096070 0.320890 0.844202 0.429363 0.022228 0.046410 -0.466808 0.883140 -0.001584 0.000000 0.000000 0.000000 1.000000
0.848698 -0.490932 -0.196717 0.098044 0.518463 0.698838 0.492769 0.010393 -0.104442 -0.520202 0.847633 -0.004135 0.000000 0.000000 0.000000 1.000000
0.768131 -0.631669 -0.104732 0.098674 0.559201 0.582141 0.590260 -0.002342 -0.311881 -0.511963 0.800390 -0.002069 0.000000 0.000000 0.000000 1.000000
0.787485 -0.612603 -0.067712 0.097924 0.470515 0.526573 0.708051 -0.012131 -0.398099 -0.589439 0.702907 0.003495 0.000000 0.000000 0.000000 1.000000
0.767148 -0.638928 -0.057051 0.097606 0.453109 0.476781 0.753242 -0.014009 -0.454066 -0.603698 0.655265 0.005150 0.000000 0.000000 0.000000 1.000000
0.784918 -0.615685 -0.069546 0.097860 0.457813 0.500665 0.734671 -0.012541 -0.417506 -0.608496 0.674849 0.003841 0.000000 0.000000 0.000000 1.000000
0.808971 -0.581762 -0.084368 0.098166 0.461991 0.540446 0.703194 -0.010290 -0.363496 -0.607841 0.705974 0.002105 0.000000 0.000000 0.000000 1.000000
0.836201 -0.539274 -0.099755 0.098431 0.455930 0.582488 0.672931 -0.007472 -0.304788 -0.608187 0.732948 0.000317 0.000000 0.000000 0.000000 1.000000
0.863480 -0.491643 -0.112648 0.098598 0.438775 0.622043 0.648489 -0.004348 -0.248753 -0.609385 0.752843 -0.001249 0.000000 0.000000 0.000000 1.000000
0.889114 -0.441472 -0.120746 0.098651 0.413913 0.663001 0.623783 -0.001018 -0.195329 -0.604593 0.772214 -0.002510 0.000000 0.000000 0.000000 1.000000
0.912767 -0.389303 -0.123691 0.098582 0.381503 0.704243 0.598746 0.002478 -0.145985 -0.593704 0.791330 -0.003430 0.000000 0.000000 0.000000 1.000000
0.934127 -0.335726 -0.121221 0.098389 0.342002 0.744618 0.573218 0.006089 -0.102181 -0.576916 0.810387 -0.003981 0.000000 0.000000 0.000000 1.000000
0.952901 -0.281373 -0.113176 0.098071 0.296172 0.783017 0.546961 0.009764 -0.065282 -0.554719 0.829473 -0.004142 0.000000 0.000000 0.000000 1.000000
0.968822 -0.226898 -0.099504 0.097629 0.245058 0.818455 0.519690 0.013445 -0.036477 -0.527872 0.848540 -0.003902 0.000000 0.000000 0.000000 1.000000
0.981652 -0.172965 -0.080263 0.097068 0.189947 0.850135 0.491111 0.017075 -0.016710 -0.497346 0.867391 -0.003258 0.000000 0.000000 0.000000 1.000000
0.991186 -0.120236 -0.055619 0.096397 0.132311 0.877503 0.460958 0.020597 -0.006618 -0.464255 0.885677 -0.002218 0.000000 0.000000 0.000000 1.000000
0.997257 -0.069354 -0.025846 0.095625 0.073728 0.900269 0.429046 0.023955 -0.006488 -0.429775 0.902913 -0.000798 0.000000 0.000000 0.000000 1.000000
0.999743 -0.020936 0.008678 0.094767 0.015801 0.918419 0.395294 0.027099 -0.016246 -0.395056 0.918513 0.000976 0.000000 0.000000 0.000000 1.000000
0.998573 0.024449 0.047477 0.093837 -0.039928 0.932190 0.359761 0.029983 -0.035462 -0.361143 0.931836 0.003071 0.000000 0.000000 0.000000 1.000000</float_array>
          <technique_common>
            <accessor source="#Bip01_Spine-Matrix-animation-output-transform-array" count="26" stride="16">
              <param type="float4x4"/>
            </accessor>
          </technique_common>
        </source>
        <source id="Bip01_Spine-Interpolations">
          <Name_array id="Bip01_Spine-Interpolations-array" count="26">
 LINEAR LINEAR LINEAR LINEAR LINEAR LINEAR LINEAR LINEAR LINEAR LINEAR LINEAR
LINEAR LINEAR LINEAR LINEAR LINEAR LINEAR LINEAR LINEAR LINEAR LINEAR LINEAR LINEAR
LINEAR LINEAR LINEAR</Name_array>
          <technique_common>
            <accessor source="#Bip01_Spine-Interpolations-array" count="26">
              <param type="name"/>
            </accessor>
          </technique_common>
        </source>
        <sampler id="Bip01_Spine-Matrix-animation-transform">
          <input semantic="INPUT" source="#Bip01_Spine-Matrix-animation-input"/>
          <input semantic="OUTPUT" source="#Bip01_Spine-Matrix-animation-output-transform"/>
          <input semantic="INTERPOLATION" source="#Bip01_Spine-Interpolations"/>
        </sampler>
        <channel source="#Bip01_Spine-Matrix-animation-transform" target="Bip01_Spine/matrix"/>
      </animation>
    </animation>
    <animation id="Bip01_Spine1-anim" name="Bip01_Spine1">
      <animation>
        <source id="Bip01_Spine1-Matrix-animation-input">
          <float_array id="Bip01_Spine1-Matrix-animation-input-array" count="26">

0.000000 0.033333 0.066667 0.100000 0.133333 0.166667 0.200000 0.233333 0.266667 0.300000 0.333333 0.366667 0.400000 0.433333 0.466667 0.500000
0.533333 0.566667 0.600000 0.633333 0.666667 0.700000 0.733333 0.766667 0.800000 0.833333</float_array>
          <technique_common>
            <accessor source="#Bip01_Spine1-Matrix-animation-input-array" count="26">
              <param name="TIME" type="float"/>
            </accessor>
          </technique_common>
        </source>
        <source id="Bip01_Spine1-Matrix-animation-output-transform">
          <float_array id="Bip01_Spine1-Matrix-animation-output-transform-array" count="416">

0.996985 0.047978 0.060982 0.222938 -0.045135 0.997867 -0.047160 -0.000177 -0.063115 0.044266 0.997024 -0.000008 0.000000 0.000000 0.000000 1.000000
0.997050 0.040565 0.065157 0.222939 -0.038290 0.998625 -0.035802 -0.000177 -0.066520 0.033201 0.997233 -0.000006 0.000000 0.000000 0.000000 1.000000
0.997050 0.033105 0.069246 0.222941 -0.031481 0.999206 -0.024410 -0.000177 -0.069999 0.022158 0.997301 -0.000004 0.000000 0.000000 0.000000 1.000000
0.997029 0.029699 0.071076 0.222941 -0.028399 0.999412 -0.019222 -0.000177 -0.071605 0.017146 0.997286 -0.000003 0.000000 0.000000 0.000000 1.000000
0.996961 0.023886 0.074146 0.222942 -0.023179 0.999677 -0.010388 -0.000177 -0.074370 0.008637 0.997193 -0.000001 0.000000 0.000000 0.000000 1.000000
0.996934 0.022171 0.075039 0.222943 -0.021648 0.999735 -0.007786 -0.000178 -0.075192 0.006138 0.997150 -0.000001 0.000000 0.000000 0.000000 1.000000
0.996985 0.047977 0.060982 0.222938 -0.045135 0.997867 -0.047160 -0.000177 -0.063115 0.044266 0.997024 -0.000008 0.000000 0.000000 0.000000 1.000000
0.977864 0.201581 -0.056098 0.222911 -0.209129 0.932786 -0.293556 -0.000166 -0.006848 0.298790 0.954295 -0.000053 0.000000 0.000000 0.000000 1.000000
0.994607 0.102619 -0.015062 0.222928 -0.089051 0.770460 -0.631238 -0.000137 -0.053172 0.629175 0.775443 -0.000112 0.000000 0.000000 0.000000 1.000000
0.998314 0.031477 0.048773 0.222941 0.027990 0.475068 -0.879504 -0.000084 -0.050854 0.879386 0.473386 -0.000156 0.000000 0.000000 0.000000 1.000000
0.972612 0.122166 -0.197743 0.222925 -0.213496 0.133164 -0.967826 -0.000024 -0.091903 0.983536 0.155599 -0.000175 0.000000 0.000000 0.000000 1.000000
0.966637 0.129442 -0.221039 0.222924 -0.236557 0.120094 -0.964167 -0.000021 -0.098258 0.984288 0.146708 -0.000175 0.000000 0.000000 0.000000 1.000000
0.969399 0.131477 -0.207316 0.222923 -0.227516 0.163957 -0.959872 -0.000029 -0.092210 0.977667 0.188853 -0.000174 0.000000 0.000000 0.000000 1.000000
0.973591 0.131708 -0.186476 0.222923 -0.212100 0.219634 -0.952247 -0.000039 -0.084462 0.966651 0.241770 -0.000172 0.000000 0.000000 0.000000 1.000000
0.977348 0.133883 -0.163911 0.222923 -0.197545 0.299193 -0.933520 -0.000053 -0.075941 0.944754 0.318863 -0.000168 0.000000 0.000000 0.000000 1.000000
0.980322 0.137352 -0.141787 0.222922 -0.185430 0.394346 -0.900059 -0.000070 -0.067712 0.908639 0.412055 -0.000161 0.000000 0.000000 0.000000 1.000000
0.983127 0.138824 -0.119120 0.222922 -0.172604 0.488353 -0.855406 -0.000087 -0.060578 0.861533 0.504074 -0.000153 0.000000 0.000000 0.000000 1.000000
0.985740 0.138094 -0.096162 0.222922 -0.159140 0.579283 -0.799441 -0.000103 -0.054693 0.803344 0.592998 -0.000143 0.000000 0.000000 0.000000 1.000000
0.988136 0.135012 -0.073200 0.222923 -0.145145 0.665201 -0.732421 -0.000118 -0.050193 0.734356 0.676906 -0.000130 0.000000 0.000000 0.000000 1.000000
0.990292 0.129487 -0.050551 0.222924 -0.130749 0.744247 -0.654981 -0.000132 -0.047189 0.655232 0.753952 -0.000116 0.000000 0.000000 0.000000 1.000000
0.992182 0.121491 -0.028544 0.222925 -0.116104 0.814712 -0.568123 -0.000145 -0.045767 0.566996 0.822448 -0.000101 0.000000 0.000000 0.000000 1.000000
0.993785 0.111065 -0.007510 0.222927 -0.101378 0.875117 -0.473173 -0.000155 -0.045980 0.470994 0.880937 -0.000084 0.000000 0.000000 0.000000 1.000000
0.995081 0.098311 0.012231 0.222929 -0.086746 0.924277 -0.371736 -0.000164 -0.047850 0.368846 0.928258 -0.000065 0.000000 0.000000 0.000000 1.000000
0.996053 0.083393 0.030388 0.222932 -0.072385 0.961356 -0.265620 -0.000171 -0.051365 0.262372 0.963599 -0.000047 0.000000 0.000000 0.000000 1.000000
0.996691 0.066529 0.046707 0.222935 -0.058462 0.985904 -0.156767 -0.000175 -0.056478 0.153518 0.986531 -0.000027 0.000000 0.000000 0.000000 1.000000
0.996985 0.047978 0.060982 0.222938 -0.045135 0.997867 -0.047160 -0.000177 -0.063115 0.044266 0.997024 -0.000008 0.000000 0.000000 0.000000 1.000000</float_array>
          <technique_common>
            <accessor source="#Bip01_Spine1-Matrix-animation-output-transform-array" count="26" stride="16">
              <param type="float4x4"/>
            </accessor>
          </technique_common>
        </source>
        <source id="Bip01_Spine1-Interpolations">
          <Name_array id="Bip01_Spine1-Interpolations-array" count="26">
 LINEAR LINEAR LINEAR LINEAR LINEAR LINEAR LINEAR LINEAR LINEAR LINEAR LINEAR
LINEAR LINEAR LINEAR LINEAR LINEAR LINEAR LINEAR LINEAR LINEAR LINEAR LINEAR LINEAR
LINEAR LINEAR LINEAR</Name_array>
          <technique_common>
            <accessor source="#Bip01_Spine1-Interpolations-array" count="26">
              <param type="name"/>
            </accessor>
          </technique_common>
        </source>
        <sampler id="Bip01_Spine1-Matrix-animation-transform">
          <input semantic="INPUT" source="#Bip01_Spine1-Matrix-animation-input"/>
          <input semantic="OUTPUT" source="#Bip01_Spine1-Matrix-animation-output-transform"/>
          <input semantic="INTERPOLATION" source="#Bip01_Spine1-Interpolations"/>
        </sampler>
        <channel source="#Bip01_Spine1-Matrix-animation-transform" target="Bip01_Spine1/matrix"/>
      </animation>
    </animation>
    <animation id="Bip01_Neck-anim" name="Bip01_Neck">
      <animation>
        <source id="Bip01_Neck-Matrix-animation-input">
          <float_array id="Bip01_Neck-Matrix-animation-input-array" count="26">

0.000000 0.033333 0.066667 0.100000 0.133333 0.166667 0.200000 0.233333 0.266667 0.300000 0.333333 0.366667 0.400000 0.433333 0.466667 0.500000
0.533333 0.566667 0.600000 0.633333 0.666667 0.700000 0.733333 0.766667 0.800000 0.833333</float_array>
          <technique_common>
            <accessor source="#Bip01_Neck-Matrix-animation-input-array" count="26">
              <param name="TIME" type="float"/>
            </accessor>
          </technique_common>
        </source>
        <source id="Bip01_Neck-Matrix-animation-output-transform">
          <float_array id="Bip01_Neck-Matrix-animation-output-transform-array" count="416">

0.965926 -0.258819 -0.000001 0.222970 0.258819 0.965926 -0.000000 -0.000087 0.000001 -0.000000 1.000000 0.000000 0.000000 0.000000 0.000000 1.000000
0.965926 -0.258819 -0.000001 0.222970 0.258819 0.965926 -0.000000 -0.000087 0.000001 -0.000000 1.000000 -0.000000 0.000000 0.000000 0.000000 1.000000
0.965926 -0.258819 -0.000001 0.222970 0.258819 0.965926 0.000000 -0.000087 0.000001 -0.000000 1.000000 0.000000 0.000000 0.000000 0.000000 1.000000
0.965926 -0.258819 -0.000001 0.222970 0.258819 0.965926 -0.000000 -0.000087 0.000001 -0.000000 1.000000 -0.000000 0.000000 0.000000 0.000000 1.000000
0.965926 -0.258819 -0.000001 0.222970 0.258819 0.965926 -0.000000 -0.000087 0.000001 -0.000000 1.000000 -0.000000 0.000000 0.000000 0.000000 1.000000
0.965926 -0.258819 -0.000001 0.222970 0.258819 0.965926 -0.000000 -0.000087 0.000001 -0.000000 1.000000 -0.000000 0.000000 0.000000 0.000000 1.000000
0.965926 -0.258819 -0.000001 0.222970 0.258819 0.965926 -0.000000 -0.000087 0.000001 -0.000000 1.000000 -0.000000 0.000000 0.000000 0.000000 1.000000
0.965926 -0.258819 -0.000001 0.222970 0.258819 0.965926 -0.000000 -0.000087 0.000001 -0.000000 1.000000 0.000000 0.000000 0.000000 0.000000 1.000000
0.965926 -0.258819 -0.000001 0.222970 0.258819 0.965926 -0.000000 -0.000087 0.000001 -0.000000 1.000000 -0.000000 0.000000 0.000000 0.000000 1.000000
0.965926 -0.258819 -0.000001 0.222970 0.258819 0.965926 -0.000000 -0.000087 0.000001 0.000000 1.000000 0.000000 0.000000 0.000000 0.000000 1.000000
0.965926 -0.258819 -0.000001 0.222970 0.258819 0.965926 -0.000000 -0.000087 0.000001 -0.000000 1.000000 0.000000 0.000000 0.000000 0.000000 1.000000
0.965926 -0.258819 -0.000001 0.222970 0.258819 0.965926 -0.000000 -0.000087 0.000001 -0.000000 1.000000 -0.000000 0.000000 0.000000 0.000000 1.000000
0.965926 -0.258819 -0.000001 0.222970 0.258819 0.965926 -0.000000 -0.000087 0.000001 -0.000000 1.000000 -0.000000 0.000000 0.000000 0.000000 1.000000
0.965926 -0.258819 -0.000001 0.222970 0.258819 0.965926 0.000000 -0.000087 0.000001 -0.000000 1.000000 -0.000000 0.000000 0.000000 0.000000 1.000000
0.965926 -0.258819 -0.000001 0.222970 0.258819 0.965926 -0.000000 -0.000087 0.000001 -0.000000 1.000000 0.000000 0.000000 0.000000 0.000000 1.000000
0.965926 -0.258819 -0.000001 0.222970 0.258819 0.965926 -0.000000 -0.000087 0.000001 -0.000000 1.000000 0.000000 0.000000 0.000000 0.000000 1.000000
0.965926 -0.258819 -0.000001 0.222970 0.258819 0.965926 -0.000000 -0.000087 0.000001 -0.000000 1.000000 0.000000 0.000000 0.000000 0.000000 1.000000
0.965926 -0.258819 -0.000001 0.222970 0.258819 0.965926 -0.000000 -0.000087 0.000001 -0.000000 1.000000 0.000000 0.000000 0.000000 0.000000 1.000000
0.965926 -0.258819 -0.000001 0.222970 0.258819 0.965926 -0.000000 -0.000087 0.000001 -0.000000 1.000000 -0.000000 0.000000 0.000000 0.000000 1.000000
0.965926 -0.258819 -0.000001 0.222970 0.258819 0.965926 -0.000000 -0.000087 0.000001 -0.000000 1.000000 -0.000000 0.000000 0.000000 0.000000 1.000000
0.965926 -0.258819 -0.000001 0.222970 0.258819 0.965926 -0.000000 -0.000087 0.000001 0.000000 1.000000 0.000000 0.000000 0.000000 0.000000 1.000000
0.965926 -0.258819 -0.000001 0.222970 0.258819 0.965926 -0.000000 -0.000087 0.000001 0.000000 1.000000 -0.000000 0.000000 0.000000 0.000000 1.000000
0.965926 -0.258819 -0.000001 0.222970 0.258819 0.965926 -0.000000 -0.000087 0.000001 -0.000000 1.000000 -0.000000 0.000000 0.000000 0.000000 1.000000
0.965926 -0.258819 -0.000001 0.222970 0.258819 0.965926 -0.000000 -0.000087 0.000001 -0.000000 1.000000 -0.000000 0.000000 0.000000 0.000000 1.000000
0.965926 -0.258819 -0.000001 0.222970 0.258819 0.965926 -0.000000 -0.000087 0.000001 -0.000000 1.000000 0.000000 0.000000 0.000000 0.000000 1.000000
0.965926 -0.258819 -0.000001 0.222970 0.258819 0.965926 -0.000000 -0.000087 0.000001 -0.000000 1.000000 0.000000 0.000000 0.000000 0.000000 1.000000</float_array>
          <technique_common>
            <accessor source="#Bip01_Neck-Matrix-animation-output-transform-array" count="26" stride="16">
              <param type="float4x4"/>
            </accessor>
          </technique_common>
        </source>
        <source id="Bip01_Neck-Interpolations">
          <Name_array id="Bip01_Neck-Interpolations-array" count="26">
 LINEAR LINEAR LINEAR LINEAR LINEAR LINEAR LINEAR LINEAR LINEAR LINEAR LINEAR
LINEAR LINEAR LINEAR LINEAR LINEAR LINEAR LINEAR LINEAR LINEAR LINEAR LINEAR LINEAR
LINEAR LINEAR LINEAR</Name_array>
          <technique_common>
            <accessor source="#Bip01_Neck-Interpolations-array" count="26">
              <param type="name"/>
            </accessor>
          </technique_common>
        </source>
        <sampler id="Bip01_Neck-Matrix-animation-transform">
          <input semantic="INPUT" source="#Bip01_Neck-Matrix-animation-input"/>
          <input semantic="OUTPUT" source="#Bip01_Neck-Matrix-animation-output-transform"/>
          <input semantic="INTERPOLATION" source="#Bip01_Neck-Interpolations"/>
        </sampler>
        <channel source="#Bip01_Neck-Matrix-animation-transform" target="Bip01_Neck/matrix"/>
      </animation>
    </animation>
    <animation id="Bip01_L_Clavicle-anim" name="Bip01_L_Clavicle">
      <animation>
        <source id="Bip01_L_Clavicle-Matrix-animation-input">
          <float_array id="Bip01_L_Clavicle-Matrix-animation-input-array" count="26">

0.000000 0.033333 0.066667 0.100000 0.133333 0.166667 0.200000 0.233333 0.266667 0.300000 0.333333 0.366667 0.400000 0.433333 0.466667 0.500000
0.533333 0.566667 0.600000 0.633333 0.666667 0.700000 0.733333 0.766667 0.800000 0.833333</float_array>
          <technique_common>
            <accessor source="#Bip01_L_Clavicle-Matrix-animation-input-array" count="26">
              <param name="TIME" type="float"/>
            </accessor>
          </technique_common>
        </source>
        <source id="Bip01_L_Clavicle-Matrix-animation-output-transform">
          <float_array id="Bip01_L_Clavicle-Matrix-animation-output-transform-array" count="416">

-0.206406 -0.255645 0.944480 -0.000000 0.229165 -0.951049 -0.207341 0.000089 0.951252 0.173646 0.254887 0.030012 0.000000 0.000000 0.000000 1.000000
-0.206406 -0.255645 0.944480 0.000000 0.229165 -0.951048 -0.207341 0.000089 0.951252 0.173646 0.254886 0.030012 0.000000 0.000000 0.000000 1.000000
-0.206406 -0.255645 0.944480 0.000000 0.229165 -0.951048 -0.207341 0.000090 0.951252 0.173645 0.254887 0.030012 0.000000 0.000000 0.000000 1.000000
-0.206406 -0.255644 0.944480 0.000000 0.229165 -0.951048 -0.207341 0.000089 0.951252 0.173646 0.254886 0.030012 0.000000 0.000000 0.000000 1.000000
-0.206406 -0.255644 0.944480 0.000000 0.229165 -0.951048 -0.207341 0.000089 0.951252 0.173646 0.254886 0.030012 0.000000 0.000000 0.000000 1.000000
-0.206406 -0.255645 0.944480 -0.000000 0.229165 -0.951048 -0.207341 0.000089 0.951252 0.173646 0.254887 0.030012 0.000000 0.000000 0.000000 1.000000
-0.206406 -0.255644 0.944480 0.000000 0.229165 -0.951048 -0.207341 0.000089 0.951252 0.173645 0.254886 0.030012 0.000000 0.000000 0.000000 1.000000
-0.206406 -0.255644 0.944480 0.000000 0.229165 -0.951048 -0.207341 0.000089 0.951252 0.173646 0.254886 0.030012 0.000000 0.000000 0.000000 1.000000
-0.206406 -0.255645 0.944480 0.000000 0.229165 -0.951049 -0.207341 0.000090 0.951252 0.173646 0.254886 0.030012 0.000000 0.000000 0.000000 1.000000
-0.206406 -0.255644 0.944480 0.000000 0.229165 -0.951048 -0.207341 0.000089 0.951252 0.173646 0.254886 0.030012 0.000000 0.000000 0.000000 1.000000
-0.206406 -0.255644 0.944480 0.000000 0.229165 -0.951048 -0.207341 0.000090 0.951252 0.173646 0.254886 0.030012 0.000000 0.000000 0.000000 1.000000
-0.206405 -0.255645 0.944480 -0.000000 0.229165 -0.951048 -0.207341 0.000090 0.951252 0.173645 0.254886 0.030012 0.000000 0.000000 0.000000 1.000000
-0.206406 -0.255644 0.944480 0.000000 0.229165 -0.951049 -0.207341 0.000089 0.951252 0.173646 0.254886 0.030012 0.000000 0.000000 0.000000 1.000000
-0.206406 -0.255644 0.944480 0.000000 0.229165 -0.951049 -0.207341 0.000090 0.951252 0.173646 0.254886 0.030012 0.000000 0.000000 0.000000 1.000000
-0.206406 -0.255645 0.944480 0.000000 0.229165 -0.951048 -0.207341 0.000089 0.951252 0.173646 0.254887 0.030012 0.000000 0.000000 0.000000 1.000000
-0.206406 -0.255644 0.944480 -0.000000 0.229165 -0.951048 -0.207341 0.000090 0.951252 0.173645 0.254886 0.030012 0.000000 0.000000 0.000000 1.000000
-0.206406 -0.255644 0.944480 0.000000 0.229165 -0.951048 -0.207341 0.000089 0.951252 0.173645 0.254886 0.030012 0.000000 0.000000 0.000000 1.000000
-0.206406 -0.255644 0.944480 -0.000000 0.229165 -0.951048 -0.207341 0.000089 0.951252 0.173645 0.254886 0.030012 0.000000 0.000000 0.000000 1.000000
-0.206406 -0.255644 0.944480 0.000000 0.229165 -0.951048 -0.207341 0.000089 0.951252 0.173646 0.254886 0.030012 0.000000 0.000000 0.000000 1.000000
-0.206406 -0.255644 0.944480 0.000000 0.229165 -0.951048 -0.207341 0.000090 0.951252 0.173646 0.254886 0.030012 0.000000 0.000000 0.000000 1.000000
-0.206406 -0.255644 0.944480 0.000000 0.229165 -0.951048 -0.207341 0.000089 0.951252 0.173645 0.254886 0.030012 0.000000 0.000000 0.000000 1.000000
-0.206406 -0.255644 0.944480 0.000000 0.229165 -0.951048 -0.207341 0.000090 0.951252 0.173646 0.254886 0.030012 0.000000 0.000000 0.000000 1.000000
-0.206406 -0.255644 0.944480 0.000000 0.229165 -0.951049 -0.207340 0.000089 0.951252 0.173646 0.254886 0.030012 0.000000 0.000000 0.000000 1.000000
-0.206406 -0.255644 0.944480 0.000000 0.229165 -0.951048 -0.207341 0.000089 0.951252 0.173646 0.254886 0.030012 0.000000 0.000000 0.000000 1.000000
-0.206406 -0.255644 0.944480 0.000000 0.229165 -0.951048 -0.207341 0.000089 0.951252 0.173646 0.254887 0.030012 0.000000 0.000000 0.000000 1.000000
-0.206406 -0.255645 0.944480 -0.000000 0.229165 -0.951049 -0.207341 0.000089 0.951252 0.173646 0.254887 0.030012 0.000000 0.000000 0.000000 1.000000</float_array>
          <technique_common>
            <accessor source="#Bip01_L_Clavicle-Matrix-animation-output-transform-array" count="26" stride="16">
              <param type="float4x4"/>
            </accessor>
          </technique_common>
        </source>
        <source id="Bip01_L_Clavicle-Interpolations">
          <Name_array id="Bip01_L_Clavicle-Interpolations-array" count="26">
 LINEAR LINEAR LINEAR LINEAR LINEAR LINEAR LINEAR LINEAR LINEAR LINEAR LINEAR
LINEAR LINEAR LINEAR LINEAR LINEAR LINEAR LINEAR LINEAR LINEAR LINEAR LINEAR LINEAR
LINEAR LINEAR LINEAR</Name_array>
          <technique_common>
            <accessor source="#Bip01_L_Clavicle-Interpolations-array" count="26">
              <param type="name"/>
            </accessor>
          </technique_common>
        </source>
        <sampler id="Bip01_L_Clavicle-Matrix-animation-transform">
          <input semantic="INPUT" source="#Bip01_L_Clavicle-Matrix-animation-input"/>
          <input semantic="OUTPUT" source="#Bip01_L_Clavicle-Matrix-animation-output-transform"/>
          <input semantic="INTERPOLATION" source="#Bip01_L_Clavicle-Interpolations"/>
        </sampler>
        <channel source="#Bip01_L_Clavicle-Matrix-animation-transform" target="Bip01_L_Clavicle/matrix"/>
      </animation>
    </animation>
    <animation id="Bip01_L_UpperArm-anim" name="Bip01_L_UpperArm">
      <animation>
        <source id="Bip01_L_UpperArm-Matrix-animation-input">
          <float_array id="Bip01_L_UpperArm-Matrix-animation-input-array" count="26">

0.000000 0.033333 0.066667 0.100000 0.133333 0.166667 0.200000 0.233333 0.266667 0.300000 0.333333 0.366667 0.400000 0.433333 0.466667 0.500000
0.533333 0.566667 0.600000 0.633333 0.666667 0.700000 0.733333 0.766667 0.800000 0.833333</float_array>
          <technique_common>
            <accessor source="#Bip01_L_UpperArm-Matrix-animation-input-array" count="26">
              <param name="TIME" type="float"/>
            </accessor>
          </technique_common>
        </source>
        <source id="Bip01_L_UpperArm-Matrix-animation-output-transform">
          <float_array id="Bip01_L_UpperArm-Matrix-animation-output-transform-array" count="416">

0.813068 0.331218 0.478764 0.172746 -0.150703 0.914095 -0.376455 -0.000000 -0.562325 0.233932 0.793137 0.000000 0.000000 0.000000 0.000000 1.000000
0.797403 0.337426 0.500291 0.172746 -0.154475 0.915572 -0.371302 0.000000 -0.583340 0.218795 0.782204 -0.000000 0.000000 0.000000 0.000000 1.000000
0.765651 0.366986 0.528299 0.172746 -0.178506 0.910250 -0.373605 0.000000 -0.617991 0.191747 0.762444 0.000000 0.000000 0.000000 0.000000 1.000000
0.730060 0.402545 0.552241 0.172746 -0.204883 0.899855 -0.385077 0.000000 -0.651947 0.167984 0.739423 0.000000 0.000000 0.000000 0.000000 1.000000
0.694440 0.408551 0.592317 0.172746 -0.192555 0.898668 -0.394104 -0.000000 -0.693308 0.159629 0.702740 0.000000 0.000000 0.000000 0.000000 1.000000
0.690177 0.378040 0.617043 0.172746 -0.143387 0.907229 -0.395445 -0.000000 -0.709293 0.184451 0.680354 0.000000 0.000000 0.000000 0.000000 1.000000
0.775028 0.329888 0.538986 0.172746 -0.105018 0.908302 -0.404919 -0.000000 -0.623140 0.257221 0.738603 0.000000 0.000000 0.000000 0.000000 1.000000
0.859135 -0.325579 -0.394824 0.172746 0.314084 0.944582 -0.095474 -0.000000 0.404028 -0.041982 0.913783 0.000000 0.000000 0.000000 0.000000 1.000000
0.983265 -0.181127 0.019580 0.172746 0.181506 0.983193 -0.019690 0.000000 -0.015684 0.022914 0.999614 0.000000 0.000000 0.000000 0.000000 1.000000
0.910589 0.297917 0.286483 0.172746 -0.105178 0.837347 -0.536458 0.000000 -0.399706 0.458362 0.793813 0.000000 0.000000 0.000000 0.000000 1.000000
0.929038 0.330408 -0.166490 0.172746 -0.257346 0.253775 -0.932401 -0.000000 -0.265822 0.909082 0.320796 -0.000000 0.000000 0.000000 0.000000 1.000000
0.881329 0.397612 -0.255274 0.172746 -0.312141 0.084346 -0.946284 0.000000 -0.354722 0.913669 0.198448 0.000000 0.000000 0.000000 0.000000 1.000000
0.769682 0.522500 -0.366856 0.172746 -0.421172 -0.016286 -0.906835 0.000000 -0.479796 0.852484 0.207527 -0.000000 0.000000 0.000000 0.000000 1.000000
0.602824 0.654596 -0.456187 0.172746 -0.541641 -0.084080 -0.836395 -0.000000 -0.585857 0.751288 0.303870 0.000000 0.000000 0.000000 0.000000 1.000000
0.514155 0.728886 -0.452073 0.172746 -0.587732 -0.084469 -0.804634 0.000000 -0.624672 0.679405 0.384959 0.000000 0.000000 0.000000 0.000000 1.000000
0.523610 0.759953 -0.385102 0.172746 -0.570820 -0.022621 -0.820764 -0.000000 -0.632453 0.649585 0.421951 -0.000000 0.000000 0.000000 0.000000 1.000000
0.542602 0.782832 -0.304563 0.172746 -0.550086 0.057140 -0.833151 -0.000000 -0.634814 0.619605 0.461629 -0.000000 0.000000 0.000000 0.000000 1.000000
