<?xml version="1.0" encoding="utf-8"?>
<COLLADA xmlns="http://www.collada.org/2005/11/COLLADASchema" version="1.4.0">
  <asset>
    <contributor>
      <author></author>
      <authoring_tool>FBX COLLADA exporter</authoring_tool>
      <comments></comments>
    </contributor>
    <created>2010-07-12T10:11:58Z</created>
    <modified>2010-07-12T10:11:58Z</modified>
    <revision></revision>
    <title></title>
    <subject></subject>
    <keywords></keywords>
    <unit meter="1.000000"/>
    <up_axis>Y_UP</up_axis>
  </asset>
  <library_animations>
    <animation id="Bip01-anim" name="Bip01">
      <animation>
        <source id="Bip01-Matrix-animation-input">
          <float_array id="Bip01-Matrix-animation-input-array" count="21">

0.000000 0.033333 0.066667 0.100000 0.133333 0.166667 0.200000 0.233333 0.266667 0.300000 0.333333 0.366667 0.400000 0.433333 0.466667 0.500000
0.533333 0.566667 0.600000 0.633333 0.666667</float_array>
          <technique_common>
            <accessor source="#Bip01-Matrix-animation-input-array" count="21">
              <param name="TIME" type="float"/>
            </accessor>
          </technique_common>
        </source>
        <source id="Bip01-Matrix-animation-output-transform">
          <float_array id="Bip01-Matrix-animation-output-transform-array" count="336">

0.000000 0.000000 -1.000000 -0.641088 -0.000000 1.000000 0.000000 0.000000 1.000000 -0.000000 0.000000 -0.108623 0.000000 0.000000 0.000000 1.000000
0.000000 0.000000 -1.000000 -0.614080 -0.000000 1.000000 0.000000 0.000000 1.000000 -0.000000 0.000000 -0.010372 0.000000 0.000000 0.000000 1.000000
0.000000 0.000000 -1.000000 -0.619323 -0.000000 1.000000 0.000000 0.000000 1.000000 -0.000000 0.000000 0.085357 0.000000 0.000000 0.000000 1.000000
0.000000 0.000000 -1.000000 -0.690789 -0.000000 1.000000 0.000000 -0.000127 1.000000 -0.000000 0.000000 0.174494 0.000000 0.000000 0.000000 1.000000
0.000000 0.000000 -1.000000 -0.784900 -0.000000 1.000000 0.000000 -0.000338 1.000000 -0.000000 0.000000 0.260917 0.000000 0.000000 0.000000 1.000000
0.000000 0.000000 -1.000000 -0.882097 -0.000000 1.000000 0.000000 -0.000380 1.000000 -0.000000 0.000000 0.348984 0.000000 0.000000 0.000000 1.000000
0.000000 0.000000 -1.000000 -0.962819 -0.000000 1.000000 0.000000 0.000000 1.000000 -0.000000 0.000000 0.443051 0.000000 0.000000 0.000000 1.000000
0.000000 0.000000 -1.000000 -1.010650 -0.000000 1.000000 0.000000 0.002196 1.000000 -0.000000 0.000000 0.562790 0.000000 0.000000 0.000000 1.000000
0.000000 0.000000 -1.000000 -1.015100 -0.000000 1.000000 0.000000 0.004054 1.000000 -0.000000 0.000000 0.676471 0.000000 0.000000 0.000000 1.000000
0.000000 0.000000 -1.000000 -0.958674 -0.000000 1.000000 0.000000 0.004898 1.000000 -0.000000 0.000000 0.770811 0.000000 0.000000 0.000000 1.000000
0.000000 0.000000 -1.000000 -0.879614 -0.000000 1.000000 0.000000 0.000000 1.000000 -0.000000 0.000000 0.788655 0.000000 0.000000 0.000000 1.000000
0.000000 0.000000 -1.000000 -0.803391 -0.000000 1.000000 0.000000 -0.015378 1.000000 -0.000000 0.000000 0.686824 0.000000 0.000000 0.000000 1.000000
0.000000 0.000000 -1.000000 -0.720676 -0.000000 1.000000 0.000000 -0.034928 1.000000 -0.000000 0.000000 0.541052 0.000000 0.000000 0.000000 1.000000
0.000000 0.000000 -1.000000 -0.652200 -0.000000 1.000000 0.000000 -0.053228 1.000000 -0.000000 0.000000 0.391150 0.000000 0.000000 0.000000 1.000000
0.000000 0.000000 -1.000000 -0.618689 -0.000000 1.000000 0.000000 -0.064857 1.000000 -0.000000 0.000000 0.276928 0.000000 0.000000 0.000000 1.000000
0.000000 0.000000 -1.000000 -0.621000 -0.000000 1.000000 0.000000 -0.069361 1.000000 -0.000000 0.000000 0.202948 0.000000 0.000000 0.000000 1.000000
0.000000 0.000000 -1.000000 -0.642016 -0.000000 1.000000 0.000000 -0.070622 1.000000 -0.000000 0.000000 0.143907 0.000000 0.000000 0.000000 1.000000
0.000000 0.000000 -1.000000 -0.675502 -0.000000 1.000000 0.000000 -0.069721 1.000000 -0.000000 0.000000 0.094827 0.000000 0.000000 0.000000 1.000000
0.000000 0.000000 -1.000000 -0.715222 -0.000000 1.000000 0.000000 -0.067739 1.000000 -0.000000 0.000000 0.050727 0.000000 0.000000 0.000000 1.000000
0.000000 0.000000 -1.000000 -0.754942 -0.000000 1.000000 0.000000 -0.065758 1.000000 -0.000000 0.000000 0.006627 0.000000 0.000000 0.000000 1.000000
0.000000 0.000000 -1.000000 -0.788427 -0.000000 1.000000 0.000000 -0.064857 1.000000 -0.000000 0.000000 -0.042453 0.000000 0.000000 0.000000 1.000000</float_array>
          <technique_common>
            <accessor source="#Bip01-Matrix-animation-output-transform-array" count="21" stride="16">
              <param type="float4x4"/>
            </accessor>
          </technique_common>
        </source>
        <source id="Bip01-Interpolations">
          <Name_array id="Bip01-Interpolations-array" count="21">
 LINEAR LINEAR LINEAR LINEAR LINEAR LINEAR LINEAR LINEAR LINEAR LINEAR LINEAR
LINEAR LINEAR LINEAR LINEAR LINEAR LINEAR LINEAR LINEAR LINEAR LINEAR</Name_array>
          <technique_common>
            <accessor source="#Bip01-Interpolations-array" count="21">
              <param type="name"/>
            </accessor>
          </technique_common>
        </source>
        <sampler id="Bip01-Matrix-animation-transform">
          <input semantic="INPUT" source="#Bip01-Matrix-animation-input"/>
          <input semantic="OUTPUT" source="#Bip01-Matrix-animation-output-transform"/>
          <input semantic="INTERPOLATION" source="#Bip01-Interpolations"/>
        </sampler>
        <channel source="#Bip01-Matrix-animation-transform" target="Bip01/matrix"/>
      </animation>
    </animation>
    <animation id="Bip01_Pelvis-anim" name="Bip01_Pelvis">
      <animation>
        <source id="Bip01_Pelvis-Matrix-animation-input">
          <float_array id="Bip01_Pelvis-Matrix-animation-input-array" count="21">

0.000000 0.033333 0.066667 0.100000 0.133333 0.166667 0.200000 0.233333 0.266667 0.300000 0.333333 0.366667 0.400000 0.433333 0.466667 0.500000
0.533333 0.566667 0.600000 0.633333 0.666667</float_array>
          <technique_common>
            <accessor source="#Bip01_Pelvis-Matrix-animation-input-array" count="21">
              <param name="TIME" type="float"/>
            </accessor>
          </technique_common>
        </source>
        <source id="Bip01_Pelvis-Matrix-animation-output-transform">
          <float_array id="Bip01_Pelvis-Matrix-animation-output-transform-array" count="336">

-0.262863 0.775665 -0.573801 -0.035612 0.012714 0.597448 0.801807 0.000000 0.964749 0.203470 -0.166908 0.000000 0.000000 0.000000 0.000000 1.000000
-0.263101 0.760208 -0.594021 -0.035612 0.006020 0.616995 0.786944 0.000000 0.964750 0.203470 -0.166908 0.000000 0.000000 0.000000 0.000000 1.000000
-0.262863 0.775665 -0.573801 -0.035612 0.012714 0.597448 0.801807 0.000000 0.964749 0.203470 -0.166908 0.000000 0.000000 0.000000 0.000000 1.000000
-0.257821 0.857952 -0.444349 -0.035612 0.052788 0.471718 0.880168 0.000000 0.964749 0.203470 -0.166908 -0.000000 0.000000 0.000000 0.000000 1.000000
-0.241663 0.936053 -0.255742 -0.035612 0.104199 0.287062 0.952228 0.000000 0.964749 0.203470 -0.166908 0.000000 0.000000 0.000000 0.000000 1.000000
-0.219326 0.972146 -0.082634 -0.035612 0.145445 0.116329 0.982504 0.000000 0.964749 0.203470 -0.166908 -0.000000 0.000000 0.000000 0.000000 1.000000
-0.208033 0.978069 -0.010133 -0.035612 0.161186 0.044498 0.985920 0.000000 0.964749 0.203470 -0.166908 -0.000000 0.000000 0.000000 0.000000 1.000000
-0.249217 0.910121 -0.331015 -0.035612 0.084555 0.360943 0.928747 0.000000 0.964749 0.203470 -0.166908 0.000000 0.000000 0.000000 0.000000 1.000000
-0.263121 0.757960 -0.596879 -0.035612 0.005063 0.619755 0.784779 0.000000 0.964750 0.203470 -0.166908 0.000000 0.000000 0.000000 0.000000 1.000000
-0.241537 0.936400 -0.254587 -0.035612 0.104492 0.285927 0.952537 0.000000 0.964749 0.203470 -0.166908 0.000000 0.000000 0.000000 0.000000 1.000000
-0.176883 0.970937 0.161224 -0.035612 0.194862 -0.126018 0.972702 0.000000 0.964749 0.203470 -0.166908 -0.000000 0.000000 0.000000 0.000000 1.000000
-0.205965 0.978556 0.002415 -0.035612 0.163820 0.032048 0.985969 0.000000 0.964749 0.203470 -0.166908 0.000000 0.000000 0.000000 0.000000 1.000000
-0.232862 0.955483 -0.181182 -0.035612 0.122613 0.213662 0.969182 0.000000 0.964749 0.203470 -0.166908 0.000000 0.000000 0.000000 0.000000 1.000000
-0.194577 0.974939 0.107862 -0.035612 0.193776 -0.069591 0.978574 0.000000 0.961556 0.211309 -0.175379 0.000000 0.000000 0.000000 0.000000 1.000000
-0.120422 0.905237 0.407484 -0.035612 0.234002 -0.373021 0.897830 0.000000 0.964749 0.203471 -0.166908 0.000000 0.000000 0.000000 0.000000 1.000000
-0.075877 0.869786 0.487561 -0.035612 0.199842 -0.465784 0.862037 0.000000 0.976886 0.162844 -0.138478 -0.000000 0.000000 0.000000 0.000000 1.000000
-0.037944 0.842026 0.538101 -0.035612 0.152304 -0.527325 0.835902 0.000000 0.987605 0.113673 -0.108236 0.000000 0.000000 0.000000 0.000000 1.000000
-0.004649 0.821340 0.570419 -0.035612 0.096450 -0.567398 0.817775 0.000000 0.995327 0.058819 -0.076581 0.000000 0.000000 0.000000 0.000000 1.000000
0.025813 0.803814 0.594320 -0.035612 0.036295 -0.594880 0.802995 0.000000 0.999008 0.000843 -0.044530 0.000000 0.000000 0.000000 0.000000 1.000000
0.054391 0.783830 0.618589 -0.035612 -0.024867 -0.618251 0.785587 0.000000 0.998210 -0.058111 -0.014136 -0.000000 0.000000 0.000000 0.000000 1.000000
0.080950 0.754665 0.651098 -0.035612 -0.084365 -0.645710 0.758908 0.000000 0.993141 -0.116363 0.011397 0.000000 0.000000 0.000000 0.000000 1.000000</float_array>
          <technique_common>
            <accessor source="#Bip01_Pelvis-Matrix-animation-output-transform-array" count="21" stride="16">
              <param type="float4x4"/>
            </accessor>
          </technique_common>
        </source>
        <source id="Bip01_Pelvis-Interpolations">
          <Name_array id="Bip01_Pelvis-Interpolations-array" count="21">
 LINEAR LINEAR LINEAR LINEAR LINEAR LINEAR LINEAR LINEAR LINEAR LINEAR LINEAR
LINEAR LINEAR LINEAR LINEAR LINEAR LINEAR LINEAR LINEAR LINEAR LINEAR</Name_array>
          <technique_common>
            <accessor source="#Bip01_Pelvis-Interpolations-array" count="21">
              <param type="name"/>
            </accessor>
          </technique_common>
        </source>
        <sampler id="Bip01_Pelvis-Matrix-animation-transform">
          <input semantic="INPUT" source="#Bip01_Pelvis-Matrix-animation-input"/>
          <input semantic="OUTPUT" source="#Bip01_Pelvis-Matrix-animation-output-transform"/>
          <input semantic="INTERPOLATION" source="#Bip01_Pelvis-Interpolations"/>
        </sampler>
        <channel source="#Bip01_Pelvis-Matrix-animation-transform" target="Bip01_Pelvis/matrix"/>
      </animation>
    </animation>
    <animation id="Bip01_Spine-anim" name="Bip01_Spine">
      <animation>
        <source id="Bip01_Spine-Matrix-animation-input">
          <float_array id="Bip01_Spine-Matrix-animation-input-array" count="21">

0.000000 0.033333 0.066667 0.100000 0.133333 0.166667 0.200000 0.233333 0.266667 0.300000 0.333333 0.366667 0.400000 0.433333 0.466667 0.500000
0.533333 0.566667 0.600000 0.633333 0.666667</float_array>
          <technique_common>
            <accessor source="#Bip01_Spine-Matrix-animation-input-array" count="21">
              <param name="TIME" type="float"/>
            </accessor>
          </technique_common>
        </source>
        <source id="Bip01_Spine-Matrix-animation-output-transform">
          <float_array id="Bip01_Spine-Matrix-animation-output-transform-array" count="336">

0.899653 -0.431304 -0.067829 0.095212 0.330526 0.571297 0.751247 0.019963 -0.285266 -0.698281 0.656526 -0.016335 0.000000 0.000000 0.000000 1.000000
0.941412 -0.328710 -0.075447 0.095193 0.259495 0.563098 0.784591 0.019964 -0.215419 -0.758202 0.615406 -0.016324 0.000000 0.000000 0.000000 1.000000
0.965754 -0.253963 -0.053126 0.095180 0.197937 0.588764 0.783695 0.019960 -0.167751 -0.767372 0.618870 -0.016323 0.000000 0.000000 0.000000 1.000000
0.973960 -0.224127 0.034204 0.095175 0.136872 0.701519 0.699383 0.019940 -0.180745 -0.676490 0.713928 -0.016339 0.000000 0.000000 0.000000 1.000000
0.969414 -0.196749 0.146719 0.095170 0.082495 0.824227 0.560219 0.019918 -0.231152 -0.530980 0.815248 -0.016365 0.000000 0.000000 0.000000 1.000000
0.950892 -0.185237 0.247976 0.095168 0.071428 0.910852 0.406506 0.019903 -0.301169 -0.368831 0.879353 -0.016393 0.000000 0.000000 0.000000 1.000000
0.928741 -0.210096 0.305450 0.095172 0.115127 0.946629 0.301063 0.019896 -0.352400 -0.244444 0.903361 -0.016416 0.000000 0.000000 0.000000 1.000000
0.909205 -0.330769 0.252862 0.095194 0.173640 0.853236 0.491770 0.019913 -0.378413 -0.403212 0.833201 -0.016387 0.000000 0.000000 0.000000 1.000000
0.846607 -0.485607 0.217814 0.095221 0.273427 0.747969 0.604797 0.019932 -0.456612 -0.452469 0.766014 -0.016379 0.000000 0.000000 0.000000 1.000000
0.744206 -0.558516 0.366357 0.095234 0.556371 0.821826 0.122690 0.019919 -0.369606 0.112524 0.922350 -0.016479 0.000000 0.000000 0.000000 1.000000
0.711246 -0.523960 0.468609 0.095228 0.693579 0.631535 -0.346570 0.019952 -0.114355 0.571514 0.812585 -0.016560 0.000000 0.000000 0.000000 1.000000
0.754105 -0.522835 0.397454 0.095228 0.598790 0.795937 -0.089084 0.019923 -0.269772 0.305170 0.913288 -0.016513 0.000000 0.000000 0.000000 1.000000
0.843693 -0.450210 0.292392 0.095215 0.377877 0.884933 0.272216 0.019907 -0.381302 -0.119178 0.916736 -0.016438 0.000000 0.000000 0.000000 1.000000
0.876465 -0.338896 0.341992 0.094880 0.337000 0.939121 0.066948 0.020671 -0.343860 0.056574 0.937315 -0.017304 0.000000 0.000000 0.000000 1.000000
0.894970 -0.224281 0.385650 0.095175 0.336687 0.906702 -0.254035 0.019904 -0.292694 0.357197 0.886984 -0.016522 0.000000 0.000000 0.000000 1.000000
0.918653 -0.169840 0.356695 0.096362 0.325497 0.837068 -0.439737 0.015910 -0.223893 0.520068 0.824258 -0.013748 0.000000 0.000000 0.000000 1.000000
0.941554 -0.139649 0.306552 0.097413 0.305026 0.739622 -0.599932 0.011078 -0.142952 0.658374 0.738991 -0.010790 0.000000 0.000000 0.000000 1.000000
0.960437 -0.135811 0.243136 0.098174 0.273656 0.622282 -0.733401 0.005690 -0.051695 0.770921 0.634829 -0.007689 0.000000 0.000000 0.000000 1.000000
0.972066 -0.156676 0.174757 0.098541 0.230201 0.491244 -0.840052 -0.000004 0.045768 0.856815 0.513589 -0.004543 0.000000 0.000000 0.000000 1.000000
0.974347 -0.197089 0.108645 0.098469 0.173570 0.350802 -0.920224 -0.005793 0.143254 0.915475 0.376011 -0.001556 0.000000 0.000000 0.000000 1.000000
0.967139 -0.249342 0.049699 0.097979 0.102464 0.203348 -0.973731 -0.011511 0.232686 0.946825 0.222214 0.000956 0.000000 0.000000 0.000000 1.000000</float_array>
          <technique_common>
            <accessor source="#Bip01_Spine-Matrix-animation-output-transform-array" count="21" stride="16">
              <param type="float4x4"/>
            </accessor>
          </technique_common>
        </source>
        <source id="Bip01_Spine-Interpolations">
          <Name_array id="Bip01_Spine-Interpolations-array" count="21">
 LINEAR LINEAR LINEAR LINEAR LINEAR LINEAR LINEAR LINEAR LINEAR LINEAR LINEAR
LINEAR LINEAR LINEAR LINEAR LINEAR LINEAR LINEAR LINEAR LINEAR LINEAR</Name_array>
          <technique_common>
            <accessor source="#Bip01_Spine-Interpolations-array" count="21">
              <param type="name"/>
            </accessor>
          </technique_common>
        </source>
        <sampler id="Bip01_Spine-Matrix-animation-transform">
          <input semantic="INPUT" source="#Bip01_Spine-Matrix-animation-input"/>
          <input semantic="OUTPUT" source="#Bip01_Spine-Matrix-animation-output-transform"/>
          <input semantic="INTERPOLATION" source="#Bip01_Spine-Interpolations"/>
        </sampler>
        <channel source="#Bip01_Spine-Matrix-animation-transform" target="Bip01_Spine/matrix"/>
      </animation>
    </animation>
    <animation id="Bip01_Spine1-anim" name="Bip01_Spine1">
      <animation>
        <source id="Bip01_Spine1-Matrix-animation-input">
          <float_array id="Bip01_Spine1-Matrix-animation-input-array" count="21">

0.000000 0.033333 0.066667 0.100000 0.133333 0.166667 0.200000 0.233333 0.266667 0.300000 0.333333 0.366667 0.400000 0.433333 0.466667 0.500000
0.533333 0.566667 0.600000 0.633333 0.666667</float_array>
          <technique_common>
            <accessor source="#Bip01_Spine1-Matrix-animation-input-array" count="21">
              <param name="TIME" type="float"/>
            </accessor>
          </technique_common>
        </source>
        <source id="Bip01_Spine1-Matrix-animation-output-transform">
          <float_array id="Bip01_Spine1-Matrix-animation-output-transform-array" count="336">

0.968053 0.042174 -0.247175 0.222939 -0.056883 0.996991 -0.052672 -0.000177 0.244210 0.065049 0.967538 -0.000012 0.000000 0.000000 0.000000 1.000000
0.975929 0.046534 -0.213067 0.222938 -0.015223 0.989123 0.146300 -0.000176 0.217557 -0.139535 0.966022 0.000025 0.000000 0.000000 0.000000 1.000000
0.978297 0.053026 -0.200309 0.222937 0.008798 0.955199 0.295832 -0.000170 0.207021 -0.291174 0.934002 0.000052 0.000000 0.000000 0.000000 1.000000
0.967500 0.089290 -0.236584 0.222931 0.007841 0.924543 0.380998 -0.000164 0.252751 -0.370471 0.893794 0.000066 0.000000 0.000000 0.000000 1.000000
0.947096 0.143047 -0.287309 0.222921 0.003094 0.891071 0.453853 -0.000158 0.320935 -0.430732 0.843488 0.000076 0.000000 0.000000 0.000000 1.000000
0.925782 0.182295 -0.331204 0.222914 -0.000349 0.876480 0.481439 -0.000156 0.378058 -0.445592 0.811493 0.000079 0.000000 0.000000 0.000000 1.000000
0.919873 0.171891 -0.352544 0.222916 -0.003445 0.902357 0.430977 -0.000160 0.392201 -0.395229 0.830646 0.000070 0.000000 0.000000 0.000000 1.000000
0.940395 0.078391 -0.330925 0.222933 0.006293 0.968893 0.247400 -0.000172 0.340025 -0.234736 0.910649 0.000042 0.000000 0.000000 0.000000 1.000000
0.967717 -0.057075 -0.245494 0.222957 0.046703 0.997761 -0.047870 -0.000177 0.247676 0.034859 0.968215 -0.000006 0.000000 0.000000 0.000000 1.000000
0.981185 -0.156811 -0.112632 0.222975 0.108829 0.931073 -0.348224 -0.000165 0.159474 0.329415 0.930620 -0.000058 0.000000 0.000000 0.000000 1.000000
0.983162 -0.182723 -0.002172 0.222979 0.150808 0.818037 -0.555043 -0.000145 0.103195 0.545369 0.831819 -0.000097 0.000000 0.000000 0.000000 1.000000
0.993922 -0.108923 -0.015940 0.222966 0.076476 0.787367 -0.611723 -0.000140 0.079182 0.606786 0.790912 -0.000108 0.000000 0.000000 0.000000 1.000000
0.996119 0.010440 -0.087394 0.222945 -0.059853 0.808351 -0.585651 -0.000144 0.064531 0.588608 0.805839 -0.000104 0.000000 0.000000 0.000000 1.000000
0.981088 0.131493 -0.142044 0.222923 -0.187786 0.824551 -0.533716 -0.000146 0.046943 0.550296 0.833649 -0.000098 0.000000 0.000000 0.000000 1.000000
0.959805 0.223968 -0.169150 0.222907 -0.278272 0.837923 -0.469521 -0.000149 0.036577 0.497719 0.866567 -0.000088 0.000000 0.000000 0.000000 1.000000
0.951928 0.260105 -0.161798 0.222901 -0.305293 0.848844 -0.431578 -0.000151 0.025086 0.460227 0.887447 -0.000082 0.000000 0.000000 0.000000 1.000000
0.947140 0.284947 -0.147416 0.222896 -0.320534 0.859932 -0.397210 -0.000153 0.013583 0.423465 0.905811 -0.000075 0.000000 0.000000 0.000000 1.000000
0.944629 0.301909 -0.128555 0.222893 -0.328135 0.871202 -0.365151 -0.000155 0.001755 0.387116 0.922030 -0.000069 0.000000 0.000000 0.000000 1.000000
0.943176 0.314468 -0.107378 0.222891 -0.332135 0.882103 -0.334038 -0.000157 -0.010326 0.350720 0.936423 -0.000062 0.000000 0.000000 0.000000 1.000000
0.941413 0.326174 -0.085743 0.222889 -0.336523 0.891744 -0.302564 -0.000158 -0.022228 0.313692 0.949264 -0.000056 0.000000 0.000000 0.000000 1.000000
0.937926 0.340646 -0.065224 0.222886 -0.345243 0.898974 -0.269541 -0.000160 -0.033183 0.275328 0.960777 -0.000049 0.000000 0.000000 0.000000 1.000000</float_array>
          <technique_common>
            <accessor source="#Bip01_Spine1-Matrix-animation-output-transform-array" count="21" stride="16">
              <param type="float4x4"/>
            </accessor>
          </technique_common>
        </source>
        <source id="Bip01_Spine1-Interpolations">
          <Name_array id="Bip01_Spine1-Interpolations-array" count="21">
 LINEAR LINEAR LINEAR LINEAR LINEAR LINEAR LINEAR LINEAR LINEAR LINEAR LINEAR
LINEAR LINEAR LINEAR LINEAR LINEAR LINEAR LINEAR LINEAR LINEAR LINEAR</Name_array>
          <technique_common>
            <accessor source="#Bip01_Spine1-Interpolations-array" count="21">
              <param type="name"/>
            </accessor>
          </technique_common>
        </source>
        <sampler id="Bip01_Spine1-Matrix-animation-transform">
          <input semantic="INPUT" source="#Bip01_Spine1-Matrix-animation-input"/>
          <input semantic="OUTPUT" source="#Bip01_Spine1-Matrix-animation-output-transform"/>
          <input semantic="INTERPOLATION" source="#Bip01_Spine1-Interpolations"/>
        </sampler>
        <channel source="#Bip01_Spine1-Matrix-animation-transform" target="Bip01_Spine1/matrix"/>
      </animation>
    </animation>
    <animation id="Bip01_Neck-anim" name="Bip01_Neck">
      <animation>
        <source id="Bip01_Neck-Matrix-animation-input">
          <float_array id="Bip01_Neck-Matrix-animation-input-array" count="21">

0.000000 0.033333 0.066667 0.100000 0.133333 0.166667 0.200000 0.233333 0.266667 0.300000 0.333333 0.366667 0.400000 0.433333 0.466667 0.500000
0.533333 0.566667 0.600000 0.633333 0.666667</float_array>
          <technique_common>
            <accessor source="#Bip01_Neck-Matrix-animation-input-array" count="21">
              <param name="TIME" type="float"/>
            </accessor>
          </technique_common>
        </source>
        <source id="Bip01_Neck-Matrix-animation-output-transform">
          <float_array id="Bip01_Neck-Matrix-animation-output-transform-array" count="336">

0.965926 -0.258819 -0.000001 0.222970 0.258819 0.965926 -0.000000 -0.000087 0.000001 -0.000000 1.000000 -0.000000 0.000000 0.000000 0.000000 1.000000
0.965926 -0.258819 -0.000001 0.222970 0.258819 0.965926 -0.000000 -0.000087 0.000001 -0.000000 1.000000 -0.000000 0.000000 0.000000 0.000000 1.000000
0.965926 -0.258819 -0.000001 0.222970 0.258819 0.965926 -0.000000 -0.000087 0.000001 -0.000000 1.000000 0.000000 0.000000 0.000000 0.000000 1.000000
0.965926 -0.258819 -0.000001 0.222970 0.258819 0.965926 -0.000000 -0.000087 0.000001 -0.000000 1.000000 0.000000 0.000000 0.000000 0.000000 1.000000
0.965926 -0.258819 -0.000001 0.222970 0.258819 0.965926 -0.000000 -0.000087 0.000001 -0.000000 1.000000 0.000000 0.000000 0.000000 0.000000 1.000000
0.965926 -0.258819 -0.000001 0.222970 0.258819 0.965926 -0.000000 -0.000087 0.000001 -0.000000 1.000000 -0.000000 0.000000 0.000000 0.000000 1.000000
0.965926 -0.258819 -0.000001 0.222970 0.258819 0.965926 -0.000000 -0.000087 0.000001 -0.000000 1.000000 0.000000 0.000000 0.000000 0.000000 1.000000
0.965926 -0.258819 -0.000001 0.222970 0.258819 0.965926 -0.000000 -0.000087 0.000001 -0.000000 1.000000 -0.000000 0.000000 0.000000 0.000000 1.000000
0.965926 -0.258819 -0.000001 0.222970 0.258819 0.965926 -0.000000 -0.000086 0.000001 -0.000000 1.000000 0.000000 0.000000 0.000000 0.000000 1.000000
0.965926 -0.258819 -0.000001 0.222970 0.258819 0.965926 -0.000000 -0.000086 0.000001 -0.000000 1.000000 0.000000 0.000000 0.000000 0.000000 1.000000
0.965926 -0.258819 -0.000001 0.222970 0.258819 0.965926 -0.000000 -0.000087 0.000001 -0.000000 1.000000 -0.000000 0.000000 0.000000 0.000000 1.000000
0.965926 -0.258819 -0.000001 0.222970 0.258819 0.965926 -0.000000 -0.000087 0.000001 -0.000000 1.000000 -0.000000 0.000000 0.000000 0.000000 1.000000
0.965926 -0.258819 -0.000001 0.222970 0.258819 0.965926 -0.000000 -0.000086 0.000001 -0.000000 1.000000 -0.000000 0.000000 0.000000 0.000000 1.000000
0.965926 -0.258819 -0.000001 0.222970 0.258819 0.965926 -0.000000 -0.000087 0.000001 -0.000000 1.000000 0.000000 0.000000 0.000000 0.000000 1.000000
0.965926 -0.258819 -0.000001 0.222970 0.258819 0.965926 -0.000000 -0.000087 0.000001 -0.000000 1.000000 0.000000 0.000000 0.000000 0.000000 1.000000
0.965926 -0.258819 -0.000001 0.222970 0.258819 0.965926 -0.000000 -0.000087 0.000001 -0.000000 1.000000 -0.000000 0.000000 0.000000 0.000000 1.000000
0.965926 -0.258819 -0.000001 0.222970 0.258819 0.965926 -0.000000 -0.000087 0.000001 -0.000000 1.000000 -0.000000 0.000000 0.000000 0.000000 1.000000
0.965926 -0.258819 -0.000001 0.222970 0.258819 0.965926 -0.000000 -0.000087 0.000001 0.000000 1.000000 -0.000000 0.000000 0.000000 0.000000 1.000000
0.965926 -0.258819 -0.000001 0.222970 0.258819 0.965926 -0.000000 -0.000087 0.000001 -0.000000 1.000000 0.000000 0.000000 0.000000 0.000000 1.000000
0.965926 -0.258819 -0.000001 0.222970 0.258819 0.965926 -0.000000 -0.000087 0.000001 -0.000000 1.000000 0.000000 0.000000 0.000000 0.000000 1.000000
0.965926 -0.258819 -0.000001 0.222970 0.258819 0.965926 -0.000000 -0.000087 0.000001 -0.000000 1.000000 0.000000 0.000000 0.000000 0.000000 1.000000</float_array>
          <technique_common>
            <accessor source="#Bip01_Neck-Matrix-animation-output-transform-array" count="21" stride="16">
              <param type="float4x4"/>
            </accessor>
          </technique_common>
        </source>
        <source id="Bip01_Neck-Interpolations">
          <Name_array id="Bip01_Neck-Interpolations-array" count="21">
 LINEAR LINEAR LINEAR LINEAR LINEAR LINEAR LINEAR LINEAR LINEAR LINEAR LINEAR
LINEAR LINEAR LINEAR LINEAR LINEAR LINEAR LINEAR LINEAR LINEAR LINEAR</Name_array>
          <technique_common>
            <accessor source="#Bip01_Neck-Interpolations-array" count="21">
              <param type="name"/>
            </accessor>
          </technique_common>
        </source>
        <sampler id="Bip01_Neck-Matrix-animation-transform">
          <input semantic="INPUT" source="#Bip01_Neck-Matrix-animation-input"/>
          <input semantic="OUTPUT" source="#Bip01_Neck-Matrix-animation-output-transform"/>
          <input semantic="INTERPOLATION" source="#Bip01_Neck-Interpolations"/>
        </sampler>
        <channel source="#Bip01_Neck-Matrix-animation-transform" target="Bip01_Neck/matrix"/>
      </animation>
    </animation>
    <animation id="Bip01_L_Clavicle-anim" name="Bip01_L_Clavicle">
      <animation>
        <source id="Bip01_L_Clavicle-Matrix-animation-input">
          <float_array id="Bip01_L_Clavicle-Matrix-animation-input-array" count="21">

0.000000 0.033333 0.066667 0.100000 0.133333 0.166667 0.200000 0.233333 0.266667 0.300000 0.333333 0.366667 0.400000 0.433333 0.466667 0.500000
0.533333 0.566667 0.600000 0.633333 0.666667</float_array>
          <technique_common>
            <accessor source="#Bip01_L_Clavicle-Matrix-animation-input-array" count="21">
              <param name="TIME" type="float"/>
            </accessor>
          </technique_common>
        </source>
        <source id="Bip01_L_Clavicle-Matrix-animation-output-transform">
          <float_array id="Bip01_L_Clavicle-Matrix-animation-output-transform-array" count="336">

-0.249947 -0.259588 0.932813 0.000000 0.067184 -0.965719 -0.250744 0.000090 0.965926 -0.000003 0.258818 0.030012 0.000000 0.000000 0.000000 1.000000
-0.249947 -0.259588 0.932813 0.000000 0.067184 -0.965719 -0.250744 0.000089 0.965926 -0.000003 0.258818 0.030012 0.000000 0.000000 0.000000 1.000000
-0.249947 -0.259588 0.932813 -0.000000 0.067184 -0.965719 -0.250744 0.000090 0.965926 -0.000003 0.258818 0.030012 0.000000 0.000000 0.000000 1.000000
-0.249947 -0.259588 0.932813 0.000000 0.067184 -0.965719 -0.250744 0.000089 0.965926 -0.000003 0.258818 0.030012 0.000000 0.000000 0.000000 1.000000
-0.249947 -0.259588 0.932813 0.000000 0.067184 -0.965719 -0.250744 0.000089 0.965926 -0.000003 0.258818 0.030012 0.000000 0.000000 0.000000 1.000000
-0.249947 -0.259588 0.932813 -0.000000 0.067184 -0.965719 -0.250744 0.000090 0.965926 -0.000003 0.258818 0.030012 0.000000 0.000000 0.000000 1.000000
-0.249947 -0.259588 0.932813 0.000000 0.067184 -0.965719 -0.250744 0.000089 0.965926 -0.000003 0.258818 0.030012 0.000000 0.000000 0.000000 1.000000
-0.249946 -0.259588 0.932813 -0.000000 0.067184 -0.965719 -0.250744 0.000089 0.965926 -0.000003 0.258818 0.030012 0.000000 0.000000 0.000000 1.000000
-0.249947 -0.259588 0.932813 0.000000 0.067184 -0.965719 -0.250744 0.000089 0.965926 -0.000003 0.258818 0.030012 0.000000 0.000000 0.000000 1.000000
-0.249947 -0.259588 0.932813 0.000000 0.067184 -0.965719 -0.250744 0.000090 0.965926 -0.000003 0.258818 0.030012 0.000000 0.000000 0.000000 1.000000
-0.249947 -0.259588 0.932813 0.000000 0.067184 -0.965719 -0.250743 0.000090 0.965926 -0.000003 0.258818 0.030012 0.000000 0.000000 0.000000 1.000000
-0.249946 -0.259589 0.932813 0.000000 0.067184 -0.965719 -0.250744 0.000090 0.965926 -0.000003 0.258818 0.030012 0.000000 0.000000 0.000000 1.000000
-0.249947 -0.259588 0.932813 0.000000 0.067184 -0.965719 -0.250744 0.000089 0.965926 -0.000003 0.258818 0.030012 0.000000 0.000000 0.000000 1.000000
-0.249947 -0.259588 0.932813 0.000000 0.067184 -0.965719 -0.250744 0.000089 0.965926 -0.000003 0.258818 0.030012 0.000000 0.000000 0.000000 1.000000
-0.249947 -0.259588 0.932813 0.000000 0.067184 -0.965720 -0.250744 0.000089 0.965926 -0.000003 0.258818 0.030012 0.000000 0.000000 0.000000 1.000000
-0.249947 -0.259589 0.932813 0.000000 0.067184 -0.965719 -0.250744 0.000090 0.965926 -0.000003 0.258818 0.030012 0.000000 0.000000 0.000000 1.000000
-0.249947 -0.259588 0.932813 0.000000 0.067184 -0.965719 -0.250744 0.000089 0.965926 -0.000003 0.258818 0.030012 0.000000 0.000000 0.000000 1.000000
-0.249947 -0.259588 0.932813 0.000000 0.067184 -0.965719 -0.250743 0.000089 0.965926 -0.000003 0.258818 0.030012 0.000000 0.000000 0.000000 1.000000
-0.249947 -0.259588 0.932813 0.000000 0.067184 -0.965719 -0.250744 0.000089 0.965926 -0.000003 0.258818 0.030012 0.000000 0.000000 0.000000 1.000000
-0.249947 -0.259588 0.932813 0.000000 0.067184 -0.965719 -0.250744 0.000089 0.965926 -0.000003 0.258818 0.030012 0.000000 0.000000 0.000000 1.000000
-0.249947 -0.259588 0.932813 0.000000 0.067184 -0.965719 -0.250744 0.000090 0.965926 -0.000003 0.258818 0.030012 0.000000 0.000000 0.000000 1.000000</float_array>
          <technique_common>
            <accessor source="#Bip01_L_Clavicle-Matrix-animation-output-transform-array" count="21" stride="16">
              <param type="float4x4"/>
            </accessor>
          </technique_common>
        </source>
        <source id="Bip01_L_Clavicle-Interpolations">
          <Name_array id="Bip01_L_Clavicle-Interpolations-array" count="21">
 LINEAR LINEAR LINEAR LINEAR LINEAR LINEAR LINEAR LINEAR LINEAR LINEAR LINEAR
LINEAR LINEAR LINEAR LINEAR LINEAR LINEAR LINEAR LINEAR LINEAR LINEAR</Name_array>
          <technique_common>
            <accessor source="#Bip01_L_Clavicle-Interpolations-array" count="21">
              <param type="name"/>
            </accessor>
          </technique_common>
        </source>
        <sampler id="Bip01_L_Clavicle-Matrix-animation-transform">
          <input semantic="INPUT" source="#Bip01_L_Clavicle-Matrix-animation-input"/>
          <input semantic="OUTPUT" source="#Bip01_L_Clavicle-Matrix-animation-output-transform"/>
          <input semantic="INTERPOLATION" source="#Bip01_L_Clavicle-Interpolations"/>
        </sampler>
        <channel source="#Bip01_L_Clavicle-Matrix-animation-transform" target="Bip01_L_Clavicle/matrix"/>
      </animation>
    </animation>
    <animation id="Bip01_L_UpperArm-anim" name="Bip01_L_UpperArm">
      <animation>
        <source id="Bip01_L_UpperArm-Matrix-animation-input">
          <float_array id="Bip01_L_UpperArm-Matrix-animation-input-array" count="21">

0.000000 0.033333 0.066667 0.100000 0.133333 0.166667 0.200000 0.233333 0.266667 0.300000 0.333333 0.366667 0.400000 0.433333 0.466667 0.500000
0.533333 0.566667 0.600000 0.633333 0.666667</float_array>
          <technique_common>
            <accessor source="#Bip01_L_UpperArm-Matrix-animation-input-array" count="21">
              <param name="TIME" type="float"/>
            </accessor>
          </technique_common>
        </source>
        <source id="Bip01_L_UpperArm-Matrix-animation-output-transform">
          <float_array id="Bip01_L_UpperArm-Matrix-animation-output-transform-array" count="336">

0.831813 0.525923 0.177461 0.172746 -0.508989 0.850268 -0.134066 -0.000000 -0.221398 0.021192 0.974953 -0.000000 0.000000 0.000000 0.000000 1.000000
0.964228 0.175691 0.198486 0.172746 -0.197901 0.975302 0.098091 0.000000 -0.176350 -0.133863 0.975183 0.000000 0.000000 0.000000 0.000000 1.000000
0.985973 -0.118827 0.117210 0.172746 0.078881 0.950616 0.300178 0.000000 -0.147091 -0.286721 0.946655 0.000000 0.000000 0.000000 0.000000 1.000000
0.951131 -0.307133 -0.031927 0.172746 0.290051 0.853160 0.433575 -0.000000 -0.105926 -0.421647 0.900552 -0.000000 0.000000 0.000000 0.000000 1.000000
0.865838 -0.452843 -0.212738 0.172746 0.494359 0.708860 0.503117 0.000000 -0.077032 -0.540787 0.837625 -0.000000 0.000000 0.000000 0.000000 1.000000
0.773655 -0.525094 -0.354592 0.172746 0.628934 0.568579 0.530245 0.000000 -0.076815 -0.633241 0.770133 -0.000000 0.000000 0.000000 0.000000 1.000000
0.745381 -0.541130 -0.389340 0.172746 0.656418 0.493894 0.570249 -0.000000 -0.116286 -0.680622 0.723347 0.000000 0.000000 0.000000 0.000000 1.000000
0.817388 -0.532679 -0.219386 0.172746 0.531762 0.551156 0.643006 0.000000 -0.221600 -0.642246 0.733767 0.000000 0.000000 0.000000 0.000000 1.000000
0.880500 -0.457518 0.124085 0.172746 0.292577 0.730443 0.617132 0.000000 -0.372987 -0.507080 0.777014 0.000000 0.000000 0.000000 0.000000 1.000000
0.858283 -0.269246 0.436872 0.172746 0.069777 0.904632 0.420443 0.000000 -0.508411 -0.330375 0.795218 0.000000 0.000000 0.000000 0.000000 1.000000
0.805374 -0.103795 0.583609 0.172746 -0.018970 0.979533 0.200388 -0.000000 -0.592464 -0.172458 0.786921 0.000000 0.000000 0.000000 0.000000 1.000000
0.793585 -0.328782 0.511981 0.172746 0.303669 0.943167 0.134983 0.000000 -0.527264 0.048352 0.848325 0.000000 0.000000 0.000000 0.000000 1.000000
0.644362 -0.688698 0.332404 0.172746 0.699322 0.706559 0.108268 0.000000 -0.309427 0.162693 0.936902 0.000000 0.000000 0.000000 0.000000 1.000000
0.473005 -0.860397 0.189693 0.172746 0.870047 0.490073 0.053354 -0.000000 -0.138869 0.139805 0.980393 0.000000 0.000000 0.000000 0.000000 1.000000
0.369003 -0.923048 0.108716 0.172746 0.928703 0.370804 -0.003908 -0.000000 -0.036705 0.102407 0.994065 0.000000 0.000000 0.000000 0.000000 1.000000
0.388739 -0.913773 0.117901 0.172746 0.921114 0.388331 -0.027366 0.000000 -0.020779 0.119239 0.992648 0.000000 0.000000 0.000000 0.000000 1.000000
0.446160 -0.882716 0.147489 0.172746 0.894531 0.444911 -0.043215 0.000000 -0.027473 0.151215 0.988119 0.000000 0.000000 0.000000 0.000000 1.000000
0.524812 -0.829983 0.188946 0.172746 0.849541 0.524637 -0.055093 0.000000 -0.053402 0.189431 0.980441 0.000000 0.000000 0.000000 0.000000 1.000000
0.608220 -0.758422 0.234232 0.172746 0.788314 0.611677 -0.066426 -0.000000 -0.092895 0.225050 0.969909 0.000000 0.000000 0.000000 0.000000 1.000000
0.682546 -0.676493 0.276565 0.172746 0.717774 0.691734 -0.079405 0.000000 -0.137593 0.252709 0.957709 -0.000000 0.000000 0.000000 0.000000 1.000000
0.738714 -0.597979 0.311003 0.172746 0.650168 0.753844 -0.094874 -0.000000 -0.177715 0.272289 0.945662 0.000000 0.000000 0.000000 0.000000 1.000000</float_array>
          <technique_common>
            <accessor source="#Bip01_L_UpperArm-Matrix-animation-output-transform-array" count="21" stride="16">
              <param type="float4x4"/>
            </accessor>
          </technique_common>
        </source>
        <source id="Bip01_L_UpperArm-Interpolations">
          <Name_array id="Bip01_L_UpperArm-Interpolations-array" count="21">
 LINEAR LINEAR LINEAR LINEAR LINEAR LINEAR LINEAR LINEAR LINEAR LINEAR LINEAR
LINEAR LINEAR LINEAR LINEAR LINEAR LINEAR LINEAR LINEAR LINEAR LINEAR</Name_array>
          <technique_common>
            <accessor source="#Bip01_L_UpperArm-Interpolations-array" count="21">
              <param type="name"/>
            </accessor>
          </technique_common>
        </source>
        <sampler id="Bip01_L_UpperArm-Matrix-animation-transform">
          <input semantic="INPUT" source="#Bip01_L_UpperArm-Matrix-animation-input"/>
          <input semantic="OUTPUT" source="#Bip01_L_UpperArm-Matrix-animation-output-transform"/>
          <input semantic="INTERPOLATION" source="#Bip01_L_UpperArm-Interpolations"/>
        </sampler>
        <channel source="#Bip01_L_UpperArm-Matrix-animation-transform" target="Bip01_L_UpperArm/matrix"/>
      </animation>
    </animation>
    <animation id="Bip01_L_Forearm-anim" name="Bip01_L_Forearm">
      <animation>
        <source id="Bip01_L_Forearm-Matrix-animation-input">
          <float_array id="Bip01_L_Forearm-Matrix-animation-input-array" count="21">

0.000000 0.033333 0.066667 0.100000 0.133333 0.166667 0.200000 0.233333 0.266667 0.300000 0.333333 0.366667 0.400000 0.433333 0.466667 0.500000
0.533333 0.566667 0.600000 0.633333 0.666667</float_array>
          <technique_common>
            <accessor source="#Bip01_L_Forearm-Matrix-animation-input-array" count="21">
              <param name="TIME" type="float"/>
            </accessor>
          </technique_common>
        </source>
        <source id="Bip01_L_Forearm-Matrix-animation-output-transform">
          <float_array id="Bip01_L_Forearm-Matrix-animation-output-transform-array" count="336">

0.165199 0.986260 0.000000 0.257246 -0.986260 0.165199 0.000000 0.000000 0.000000 -0.000000 1.000000 -0.000000 0.000000 0.000000 0.000000 1.000000
0.071265 0.997458 -0.000000 0.257246 -0.997457 0.071265 -0.000000 -0.000000 -0.000000 0.000000 1.000000 0.000000 0.000000 0.000000 0.000000 1.000000
-0.051310 0.998683 0.000000 0.257246 -0.998683 -0.051310 0.000000 -0.000000 -0.000000 -0.000000 1.000000 0.000000 0.000000 0.000000 0.000000 1.000000
-0.173113 0.984902 0.000000 0.257246 -0.984902 -0.173113 0.000000 0.000000 -0.000000 -0.000000 1.000000 0.000000 0.000000 0.000000 0.000000 1.000000
-0.265405 0.964137 0.000000 0.257246 -0.964137 -0.265405 0.000000 0.000000 -0.000000 -0.000000 1.000000 0.000000 0.000000 0.000000 0.000000 1.000000
-0.302402 0.953180 0.000000 0.257246 -0.953180 -0.302402 0.000000 0.000000 -0.000000 -0.000000 1.000000 -0.000000 0.000000 0.000000 0.000000 1.000000
-0.258752 0.965944 -0.000000 0.257246 -0.965944 -0.258752 0.000000 0.000000 -0.000000 -0.000000 1.000000 -0.000000 0.000000 0.000000 0.000000 1.000000
-0.029984 0.999550 0.000000 0.257246 -0.999551 -0.029983 0.000000 0.000000 -0.000000 -0.000000 1.000000 0.000000 0.000000 0.000000 0.000000 1.000000
0.366967 0.930234 0.000000 0.257246 -0.930234 0.366967 -0.000000 0.000000 -0.000000 0.000000 1.000000 -0.000000 0.000000 0.000000 0.000000 1.000000
0.725533 0.688188 -0.000000 0.257246 -0.688188 0.725533 0.000000 -0.000000 0.000000 -0.000000 1.000000 0.000000 0.000000 0.000000 0.000000 1.000000
0.906337 0.422556 0.000000 0.257246 -0.422556 0.906337 -0.000000 0.000000 -0.000000 0.000000 1.000000 0.000000 0.000000 0.000000 0.000000 1.000000
0.964949 0.262439 0.000000 0.257246 -0.262439 0.964948 -0.000000 0.000000 -0.000000 0.000000 1.000000 0.000000 0.000000 0.000000 0.000000 1.000000
0.985568 0.169282 0.000000 0.257246 -0.169282 0.985568 0.000000 -0.000000 0.000000 -0.000000 1.000000 0.000000 0.000000 0.000000 0.000000 1.000000
0.992752 0.120177 0.000000 0.257246 -0.120177 0.992752 -0.000000 0.000000 -0.000000 0.000000 1.000000 -0.000000 0.000000 0.000000 0.000000 1.000000
0.996201 0.087088 0.000000 0.257246 -0.087088 0.996201 -0.000000 0.000000 -0.000000 0.000000 1.000000 0.000000 0.000000 0.000000 0.000000 1.000000
0.998019 0.062916 0.000000 0.257246 -0.062916 0.998019 -0.000000 0.000000 -0.000000 0.000000 1.000000 0.000000 0.000000 0.000000 0.000000 1.000000
