<?xml version="1.0" encoding="utf-8"?>
<COLLADA xmlns="http://www.collada.org/2005/11/COLLADASchema" version="1.4.0">
  <asset>
    <contributor>
      <author></author>
      <authoring_tool>FBX COLLADA exporter</authoring_tool>
      <comments></comments>
    </contributor>
    <created>2010-06-27T13:19:13Z</created>
    <modified>2010-06-27T13:19:13Z</modified>
    <revision></revision>
    <title></title>
    <subject></subject>
    <keywords></keywords>
    <unit meter="1.000000"/>
    <up_axis>Y_UP</up_axis>
  </asset>
  <library_animations>
    <animation id="Bip01-anim" name="Bip01">
      <animation>
        <source id="Bip01-Matrix-animation-input">
          <float_array id="Bip01-Matrix-animation-input-array" count="21">

0.000000 0.033333 0.066667 0.100000 0.133333 0.166667 0.200000 0.233333 0.266667 0.300000 0.333333 0.366667 0.400000 0.433333 0.466667 0.500000
0.533333 0.566667 0.600000 0.633333 0.666667</float_array>
          <technique_common>
            <accessor source="#Bip01-Matrix-animation-input-array" count="21">
              <param name="TIME" type="float"/>
            </accessor>
          </technique_common>
        </source>
        <source id="Bip01-Matrix-animation-output-transform">
          <float_array id="Bip01-Matrix-animation-output-transform-array" count="336">

0.000000 0.000000 -1.000000 -0.840673 -0.000000 1.000000 0.000000 0.000000 1.000000 -0.000000 0.000000 0.193745 0.000000 0.000000 0.000000 1.000000
0.000000 0.000000 -1.000000 -0.832136 -0.000000 1.000000 0.000000 0.000000 1.000000 -0.000000 0.000000 0.253500 0.000000 0.000000 0.000000 1.000000
0.000000 0.000000 -1.000000 -0.825599 -0.000000 1.000000 0.000000 0.000000 1.000000 -0.000000 0.000000 0.313294 0.000000 0.000000 0.000000 1.000000
0.000000 0.000000 -1.000000 -0.819061 -0.000000 1.000000 0.000000 0.000000 1.000000 -0.000000 0.000000 0.373088 0.000000 0.000000 0.000000 1.000000
0.000000 0.000000 -1.000000 -0.810524 -0.000000 1.000000 0.000000 0.000000 1.000000 -0.000000 0.000000 0.432843 0.000000 0.000000 0.000000 1.000000
0.000000 0.000000 -1.000000 -0.797988 -0.000000 1.000000 0.000000 0.000000 1.000000 -0.000000 0.000000 0.492521 0.000000 0.000000 0.000000 1.000000
0.000000 0.000000 -1.000000 -0.779455 -0.000000 1.000000 0.000000 0.000000 1.000000 -0.000000 0.000000 0.552082 0.000000 0.000000 0.000000 1.000000
0.000000 0.000000 -1.000000 -0.745617 -0.000000 1.000000 0.000000 0.001520 1.000000 -0.000000 0.000000 0.628959 0.000000 0.000000 0.000000 1.000000
0.000000 0.000000 -1.000000 -0.698021 -0.000000 1.000000 0.000000 0.004054 1.000000 -0.000000 0.000000 0.717311 0.000000 0.000000 0.000000 1.000000
0.000000 0.000000 -1.000000 -0.650950 -0.000000 1.000000 0.000000 0.004560 1.000000 -0.000000 0.000000 0.782192 0.000000 0.000000 0.000000 1.000000
0.000000 0.000000 -1.000000 -0.618689 -0.000000 1.000000 0.000000 0.000000 1.000000 -0.000000 0.000000 0.788655 0.000000 0.000000 0.000000 1.000000
0.000000 0.000000 -1.000000 -0.604202 -0.000000 1.000000 0.000000 -0.013478 1.000000 -0.000000 0.000000 0.704934 0.000000 0.000000 0.000000 1.000000
0.000000 0.000000 -1.000000 -0.600154 -0.000000 1.000000 0.000000 -0.033239 1.000000 -0.000000 0.000000 0.557150 0.000000 0.000000 0.000000 1.000000
0.000000 0.000000 -1.000000 -0.605373 -0.000000 1.000000 0.000000 -0.052595 1.000000 -0.000000 0.000000 0.397187 0.000000 0.000000 0.000000 1.000000
0.000000 0.000000 -1.000000 -0.618689 -0.000000 1.000000 0.000000 -0.064857 1.000000 -0.000000 0.000000 0.276928 0.000000 0.000000 0.000000 1.000000
0.000000 0.000000 -1.000000 -0.639120 -0.000000 1.000000 0.000000 -0.069361 1.000000 -0.000000 0.000000 0.202948 0.000000 0.000000 0.000000 1.000000
0.000000 0.000000 -1.000000 -0.665210 -0.000000 1.000000 0.000000 -0.070622 1.000000 -0.000000 0.000000 0.143907 0.000000 0.000000 0.000000 1.000000
0.000000 0.000000 -1.000000 -0.695071 -0.000000 1.000000 0.000000 -0.069721 1.000000 -0.000000 0.000000 0.094827 0.000000 0.000000 0.000000 1.000000
0.000000 0.000000 -1.000000 -0.726819 -0.000000 1.000000 0.000000 -0.067739 1.000000 -0.000000 0.000000 0.050727 0.000000 0.000000 0.000000 1.000000
0.000000 0.000000 -1.000000 -0.758566 -0.000000 1.000000 0.000000 -0.065758 1.000000 -0.000000 0.000000 0.006627 0.000000 0.000000 0.000000 1.000000
0.000000 0.000000 -1.000000 -0.788427 -0.000000 1.000000 0.000000 -0.064857 1.000000 -0.000000 0.000000 -0.042453 0.000000 0.000000 0.000000 1.000000</float_array>
          <technique_common>
            <accessor source="#Bip01-Matrix-animation-output-transform-array" count="21" stride="16">
              <param type="float4x4"/>
            </accessor>
          </technique_common>
        </source>
        <source id="Bip01-Interpolations">
          <Name_array id="Bip01-Interpolations-array" count="21">
 LINEAR LINEAR LINEAR LINEAR LINEAR LINEAR LINEAR LINEAR LINEAR LINEAR LINEAR
LINEAR LINEAR LINEAR LINEAR LINEAR LINEAR LINEAR LINEAR LINEAR LINEAR</Name_array>
          <technique_common>
            <accessor source="#Bip01-Interpolations-array" count="21">
              <param type="name"/>
            </accessor>
          </technique_common>
        </source>
        <sampler id="Bip01-Matrix-animation-transform">
          <input semantic="INPUT" source="#Bip01-Matrix-animation-input"/>
          <input semantic="OUTPUT" source="#Bip01-Matrix-animation-output-transform"/>
          <input semantic="INTERPOLATION" source="#Bip01-Interpolations"/>
        </sampler>
        <channel source="#Bip01-Matrix-animation-transform" target="Bip01/matrix"/>
      </animation>
    </animation>
    <animation id="Bip01_Pelvis-anim" name="Bip01_Pelvis">
      <animation>
        <source id="Bip01_Pelvis-Matrix-animation-input">
          <float_array id="Bip01_Pelvis-Matrix-animation-input-array" count="21">

0.000000 0.033333 0.066667 0.100000 0.133333 0.166667 0.200000 0.233333 0.266667 0.300000 0.333333 0.366667 0.400000 0.433333 0.466667 0.500000
0.533333 0.566667 0.600000 0.633333 0.666667</float_array>
          <technique_common>
            <accessor source="#Bip01_Pelvis-Matrix-animation-input-array" count="21">
              <param name="TIME" type="float"/>
            </accessor>
          </technique_common>
        </source>
        <source id="Bip01_Pelvis-Matrix-animation-output-transform">
          <float_array id="Bip01_Pelvis-Matrix-animation-output-transform-array" count="336">

-0.262863 0.775665 -0.573801 -0.035612 0.012714 0.597448 0.801807 0.000000 0.964749 0.203470 -0.166908 -0.000000 0.000000 0.000000 0.000000 1.000000
-0.262863 0.775665 -0.573801 -0.035612 0.012714 0.597448 0.801807 0.000000 0.964749 0.203470 -0.166908 -0.000000 0.000000 0.000000 0.000000 1.000000
-0.262863 0.775665 -0.573801 -0.035612 0.012714 0.597448 0.801807 0.000000 0.964749 0.203470 -0.166908 0.000000 0.000000 0.000000 0.000000 1.000000
-0.262863 0.775665 -0.573801 -0.035612 0.012714 0.597448 0.801807 0.000000 0.964749 0.203470 -0.166908 0.000000 0.000000 0.000000 0.000000 1.000000
-0.262863 0.775665 -0.573801 -0.035612 0.012714 0.597448 0.801807 0.000000 0.964749 0.203470 -0.166908 -0.000000 0.000000 0.000000 0.000000 1.000000
-0.262863 0.775665 -0.573801 -0.035612 0.012714 0.597448 0.801807 0.000000 0.964749 0.203470 -0.166908 -0.000000 0.000000 0.000000 0.000000 1.000000
-0.262863 0.775665 -0.573801 -0.035612 0.012714 0.597448 0.801807 0.000000 0.964749 0.203470 -0.166908 -0.000000 0.000000 0.000000 0.000000 1.000000
-0.262986 0.769101 -0.582513 -0.035612 0.009846 0.605874 0.795500 0.000000 0.964749 0.203470 -0.166908 0.000000 0.000000 0.000000 0.000000 1.000000
-0.263121 0.757960 -0.596879 -0.035612 0.005063 0.619755 0.784779 0.000000 0.964750 0.203470 -0.166908 0.000000 0.000000 0.000000 0.000000 1.000000
-0.263138 0.755701 -0.599728 -0.035612 0.004106 0.622507 0.782603 0.000000 0.964750 0.203470 -0.166908 -0.000000 0.000000 0.000000 0.000000 1.000000
-0.262863 0.775665 -0.573801 -0.035612 0.012714 0.597448 0.801807 0.000000 0.964749 0.203470 -0.166908 -0.000000 0.000000 0.000000 0.000000 1.000000
-0.255789 0.874133 -0.412873 -0.035612 0.061893 0.441012 0.895364 0.000000 0.964749 0.203470 -0.166908 0.000000 0.000000 0.000000 0.000000 1.000000
-0.242662 0.933226 -0.264962 -0.035612 0.101851 0.296125 0.949703 0.000000 0.964749 0.203470 -0.166908 0.000000 0.000000 0.000000 0.000000 1.000000
-0.256012 0.872523 -0.416126 -0.035612 0.060962 0.444188 0.893857 0.000000 0.964749 0.203470 -0.166908 0.000000 0.000000 0.000000 0.000000 1.000000
-0.262863 0.775665 -0.573801 -0.035612 0.012714 0.597448 0.801807 0.000000 0.964749 0.203470 -0.166908 0.000000 0.000000 0.000000 0.000000 1.000000
-0.263127 0.757208 -0.597829 -0.035612 0.004744 0.620674 0.784055 0.000000 0.964750 0.203470 -0.166908 -0.000000 0.000000 0.000000 0.000000 1.000000
-0.263158 0.751915 -0.604460 -0.035612 0.002512 0.627076 0.778954 0.000000 0.964750 0.203470 -0.166908 0.000000 0.000000 0.000000 0.000000 1.000000
-0.263138 0.755701 -0.599728 -0.035612 0.004106 0.622507 0.782603 0.000000 0.964750 0.203470 -0.166908 0.000000 0.000000 0.000000 0.000000 1.000000
-0.263060 0.763933 -0.589241 -0.035612 0.007614 0.612377 0.790529 0.000000 0.964750 0.203470 -0.166908 0.000000 0.000000 0.000000 0.000000 1.000000
-0.262935 0.772030 -0.578649 -0.035612 0.011121 0.602138 0.798315 0.000000 0.964750 0.203470 -0.166908 -0.000000 0.000000 0.000000 0.000000 1.000000
-0.262863 0.775665 -0.573801 -0.035612 0.012714 0.597448 0.801807 0.000000 0.964749 0.203470 -0.166908 0.000000 0.000000 0.000000 0.000000 1.000000</float_array>
          <technique_common>
            <accessor source="#Bip01_Pelvis-Matrix-animation-output-transform-array" count="21" stride="16">
              <param type="float4x4"/>
            </accessor>
          </technique_common>
        </source>
        <source id="Bip01_Pelvis-Interpolations">
          <Name_array id="Bip01_Pelvis-Interpolations-array" count="21">
 LINEAR LINEAR LINEAR LINEAR LINEAR LINEAR LINEAR LINEAR LINEAR LINEAR LINEAR
LINEAR LINEAR LINEAR LINEAR LINEAR LINEAR LINEAR LINEAR LINEAR LINEAR</Name_array>
          <technique_common>
            <accessor source="#Bip01_Pelvis-Interpolations-array" count="21">
              <param type="name"/>
            </accessor>
          </technique_common>
        </source>
        <sampler id="Bip01_Pelvis-Matrix-animation-transform">
          <input semantic="INPUT" source="#Bip01_Pelvis-Matrix-animation-input"/>
          <input semantic="OUTPUT" source="#Bip01_Pelvis-Matrix-animation-output-transform"/>
          <input semantic="INTERPOLATION" source="#Bip01_Pelvis-Interpolations"/>
        </sampler>
        <channel source="#Bip01_Pelvis-Matrix-animation-transform" target="Bip01_Pelvis/matrix"/>
      </animation>
    </animation>
    <animation id="Bip01_Spine-anim" name="Bip01_Spine">
      <animation>
        <source id="Bip01_Spine-Matrix-animation-input">
          <float_array id="Bip01_Spine-Matrix-animation-input-array" count="21">

0.000000 0.033333 0.066667 0.100000 0.133333 0.166667 0.200000 0.233333 0.266667 0.300000 0.333333 0.366667 0.400000 0.433333 0.466667 0.500000
0.533333 0.566667 0.600000 0.633333 0.666667</float_array>
          <technique_common>
            <accessor source="#Bip01_Spine-Matrix-animation-input-array" count="21">
              <param name="TIME" type="float"/>
            </accessor>
          </technique_common>
        </source>
        <source id="Bip01_Spine-Matrix-animation-output-transform">
          <float_array id="Bip01_Spine-Matrix-animation-output-transform-array" count="336">

0.981692 -0.190171 -0.010715 0.095169 0.131230 0.634512 0.761691 0.019952 -0.138053 -0.749152 0.647852 -0.016326 0.000000 0.000000 0.000000 1.000000
0.983326 -0.181355 -0.013401 0.095167 0.126577 0.629672 0.766480 0.019953 -0.130566 -0.755396 0.642128 -0.016325 0.000000 0.000000 0.000000 1.000000
0.986633 -0.161838 -0.019075 0.095164 0.116514 0.618749 0.776900 0.019955 -0.113929 -0.768738 0.629334 -0.016323 0.000000 0.000000 0.000000 1.000000
0.989541 -0.142166 -0.024420 0.095160 0.106697 0.607453 0.787157 0.019957 -0.097073 -0.781530 0.616269 -0.016320 0.000000 0.000000 0.000000 1.000000
0.990732 -0.133176 -0.026740 0.095159 0.102318 0.602198 0.791763 0.019957 -0.089341 -0.787161 0.610243 -0.016319 0.000000 0.000000 0.000000 1.000000
0.989042 -0.145754 -0.023473 0.095161 0.108464 0.609534 0.785305 0.019956 -0.100153 -0.779246 0.618664 -0.016321 0.000000 0.000000 0.000000 1.000000
0.981692 -0.190171 -0.010715 0.095169 0.131230 0.634512 0.761691 0.019952 -0.138053 -0.749152 0.647852 -0.016326 0.000000 0.000000 0.000000 1.000000
0.950250 -0.310116 0.029223 0.095190 0.203268 0.688456 0.696212 0.019942 -0.236025 -0.655635 0.717241 -0.016343 0.000000 0.000000 0.000000 1.000000
0.870231 -0.478556 0.116968 0.095220 0.328066 0.740067 0.587089 0.019933 -0.367519 -0.472530 0.801028 -0.016375 0.000000 0.000000 0.000000 1.000000
0.758579 -0.608164 0.233869 0.095243 0.459529 0.753803 0.469695 0.019930 -0.461943 -0.248831 0.851288 -0.016415 0.000000 0.000000 0.000000 1.000000
0.676684 -0.660738 0.324846 0.095252 0.546807 0.746449 0.379231 0.019932 -0.493053 -0.078991 0.866406 -0.016445 0.000000 0.000000 0.000000 1.000000
0.744429 -0.599944 0.293074 0.095241 0.488627 0.788630 0.373237 0.019924 -0.455049 -0.134645 0.880228 -0.016435 0.000000 0.000000 0.000000 1.000000
0.845251 -0.460117 0.271739 0.095217 0.357390 0.864814 0.352659 0.019911 -0.397269 -0.200968 0.895427 -0.016423 0.000000 0.000000 0.000000 1.000000
0.880362 -0.337124 0.333632 0.095195 0.316368 0.941455 0.116503 0.019897 -0.353375 0.002985 0.935477 -0.016460 0.000000 0.000000 0.000000 1.000000
0.896620 -0.260868 0.357798 0.095181 0.311192 0.946071 -0.090052 0.019896 -0.315011 0.192087 0.929447 -0.016493 0.000000 0.000000 0.000000 1.000000
0.894865 -0.268563 0.356499 0.095183 0.325488 0.939184 -0.109505 0.019898 -0.305409 0.214028 0.927856 -0.016497 0.000000 0.000000 0.000000 1.000000
0.888119 -0.292964 0.354144 0.095187 0.346644 0.932909 -0.097567 0.019899 -0.301800 0.209413 0.930088 -0.016496 0.000000 0.000000 0.000000 1.000000
0.877527 -0.328076 0.349731 0.095193 0.372014 0.925962 -0.064811 0.019900 -0.302575 0.186979 0.934606 -0.016492 0.000000 0.000000 0.000000 1.000000
0.864437 -0.368092 0.342428 0.095200 0.398986 0.916698 -0.021811 0.019902 -0.305874 0.155478 0.939291 -0.016487 0.000000 0.000000 0.000000 1.000000
0.850442 -0.407369 0.332864 0.095207 0.425256 0.904833 0.020865 0.019904 -0.309685 0.123808 0.942744 -0.016481 0.000000 0.000000 0.000000 1.000000
0.837340 -0.440668 0.323531 0.095213 0.448993 0.891970 0.052862 0.019906 -0.311875 0.101000 0.944740 -0.016477 0.000000 0.000000 0.000000 1.000000</float_array>
          <technique_common>
            <accessor source="#Bip01_Spine-Matrix-animation-output-transform-array" count="21" stride="16">
              <param type="float4x4"/>
            </accessor>
          </technique_common>
        </source>
        <source id="Bip01_Spine-Interpolations">
          <Name_array id="Bip01_Spine-Interpolations-array" count="21">
 LINEAR LINEAR LINEAR LINEAR LINEAR LINEAR LINEAR LINEAR LINEAR LINEAR LINEAR
LINEAR LINEAR LINEAR LINEAR LINEAR LINEAR LINEAR LINEAR LINEAR LINEAR</Name_array>
          <technique_common>
            <accessor source="#Bip01_Spine-Interpolations-array" count="21">
              <param type="name"/>
            </accessor>
          </technique_common>
        </source>
        <sampler id="Bip01_Spine-Matrix-animation-transform">
          <input semantic="INPUT" source="#Bip01_Spine-Matrix-animation-input"/>
          <input semantic="OUTPUT" source="#Bip01_Spine-Matrix-animation-output-transform"/>
          <input semantic="INTERPOLATION" source="#Bip01_Spine-Interpolations"/>
        </sampler>
        <channel source="#Bip01_Spine-Matrix-animation-transform" target="Bip01_Spine/matrix"/>
      </animation>
    </animation>
    <animation id="Bip01_Spine1-anim" name="Bip01_Spine1">
      <animation>
        <source id="Bip01_Spine1-Matrix-animation-input">
          <float_array id="Bip01_Spine1-Matrix-animation-input-array" count="21">

0.000000 0.033333 0.066667 0.100000 0.133333 0.166667 0.200000 0.233333 0.266667 0.300000 0.333333 0.366667 0.400000 0.433333 0.466667 0.500000
0.533333 0.566667 0.600000 0.633333 0.666667</float_array>
          <technique_common>
            <accessor source="#Bip01_Spine1-Matrix-animation-input-array" count="21">
              <param name="TIME" type="float"/>
            </accessor>
          </technique_common>
        </source>
        <source id="Bip01_Spine1-Matrix-animation-output-transform">
          <float_array id="Bip01_Spine1-Matrix-animation-output-transform-array" count="336">

0.987364 0.012735 -0.157956 0.222944 0.057725 0.899377 0.433346 -0.000160 0.147580 -0.436989 0.887277 0.000078 0.000000 0.000000 0.000000 1.000000
0.987229 0.016335 -0.158467 0.222944 0.056872 0.893045 0.446359 -0.000159 0.148809 -0.449671 0.880711 0.000080 0.000000 0.000000 0.000000 1.000000
0.986915 0.024277 -0.159406 0.222942 0.055058 0.878448 0.474656 -0.000156 0.151553 -0.477221 0.865616 0.000085 0.000000 0.000000 0.000000 1.000000
0.986576 0.032244 -0.160090 0.222941 0.053332 0.862947 0.502473 -0.000153 0.154351 -0.504265 0.849642 0.000090 0.000000 0.000000 0.000000 1.000000
0.986414 0.035871 -0.160316 0.222940 0.052578 0.855606 0.514951 -0.000152 0.155639 -0.516384 0.842095 0.000092 0.000000 0.000000 0.000000 1.000000
0.986639 0.030794 -0.159985 0.222941 0.053639 0.865832 0.497452 -0.000154 0.153838 -0.499387 0.852611 0.000089 0.000000 0.000000 0.000000 1.000000
0.987364 0.012735 -0.157956 0.222944 0.057725 0.899377 0.433346 -0.000160 0.147580 -0.436989 0.887277 0.000078 0.000000 0.000000 0.000000 1.000000
0.988363 -0.040418 -0.146648 0.222954 0.077568 0.963210 0.257313 -0.000171 0.130853 -0.265693 0.955136 0.000047 0.000000 0.000000 0.000000 1.000000
0.987034 -0.117627 -0.109217 0.222968 0.114476 0.992819 -0.034717 -0.000176 0.112516 0.021764 0.993412 -0.000004 0.000000 0.000000 0.000000 1.000000
0.983538 -0.173748 -0.049643 0.222978 0.146950 0.928934 -0.339834 -0.000165 0.105161 0.326944 0.939174 -0.000058 0.000000 0.000000 0.000000 1.000000
0.983162 -0.182723 -0.002171 0.222979 0.150808 0.818037 -0.555043 -0.000145 0.103195 0.545370 0.831819 -0.000097 0.000000 0.000000 0.000000 1.000000
0.993827 -0.107553 -0.027207 0.222966 0.068435 0.787355 -0.612690 -0.000140 0.087318 0.607046 0.789855 -0.000108 0.000000 0.000000 0.000000 1.000000
0.996119 0.010440 -0.087394 0.222945 -0.059853 0.808351 -0.585650 -0.000143 0.064531 0.588608 0.805839 -0.000104 0.000000 0.000000 0.000000 1.000000
0.981088 0.131493 -0.142044 0.222923 -0.187786 0.824551 -0.533716 -0.000146 0.046943 0.550296 0.833649 -0.000098 0.000000 0.000000 0.000000 1.000000
0.959805 0.223968 -0.169150 0.222907 -0.278272 0.837923 -0.469521 -0.000149 0.036577 0.497718 0.866567 -0.000088 0.000000 0.000000 0.000000 1.000000
0.951928 0.260105 -0.161798 0.222901 -0.305293 0.848844 -0.431578 -0.000151 0.025086 0.460227 0.887447 -0.000082 0.000000 0.000000 0.000000 1.000000
0.947140 0.284947 -0.147416 0.222896 -0.320534 0.859932 -0.397210 -0.000153 0.013583 0.423465 0.905810 -0.000075 0.000000 0.000000 0.000000 1.000000
0.944629 0.301909 -0.128555 0.222893 -0.328135 0.871202 -0.365151 -0.000155 0.001755 0.387116 0.922030 -0.000069 0.000000 0.000000 0.000000 1.000000
0.943175 0.314468 -0.107378 0.222891 -0.332135 0.882103 -0.334038 -0.000157 -0.010325 0.350720 0.936424 -0.000062 0.000000 0.000000 0.000000 1.000000
0.941413 0.326174 -0.085743 0.222889 -0.336523 0.891744 -0.302564 -0.000158 -0.022228 0.313692 0.949265 -0.000056 0.000000 0.000000 0.000000 1.000000
0.937926 0.340646 -0.065224 0.222886 -0.345243 0.898974 -0.269541 -0.000160 -0.033183 0.275328 0.960777 -0.000049 0.000000 0.000000 0.000000 1.000000</float_array>
          <technique_common>
            <accessor source="#Bip01_Spine1-Matrix-animation-output-transform-array" count="21" stride="16">
              <param type="float4x4"/>
            </accessor>
          </technique_common>
        </source>
        <source id="Bip01_Spine1-Interpolations">
          <Name_array id="Bip01_Spine1-Interpolations-array" count="21">
 LINEAR LINEAR LINEAR LINEAR LINEAR LINEAR LINEAR LINEAR LINEAR LINEAR LINEAR
LINEAR LINEAR LINEAR LINEAR LINEAR LINEAR LINEAR LINEAR LINEAR LINEAR</Name_array>
          <technique_common>
            <accessor source="#Bip01_Spine1-Interpolations-array" count="21">
              <param type="name"/>
            </accessor>
          </technique_common>
        </source>
        <sampler id="Bip01_Spine1-Matrix-animation-transform">
          <input semantic="INPUT" source="#Bip01_Spine1-Matrix-animation-input"/>
          <input semantic="OUTPUT" source="#Bip01_Spine1-Matrix-animation-output-transform"/>
          <input semantic="INTERPOLATION" source="#Bip01_Spine1-Interpolations"/>
        </sampler>
        <channel source="#Bip01_Spine1-Matrix-animation-transform" target="Bip01_Spine1/matrix"/>
      </animation>
    </animation>
    <animation id="Bip01_Neck-anim" name="Bip01_Neck">
      <animation>
        <source id="Bip01_Neck-Matrix-animation-input">
          <float_array id="Bip01_Neck-Matrix-animation-input-array" count="21">

0.000000 0.033333 0.066667 0.100000 0.133333 0.166667 0.200000 0.233333 0.266667 0.300000 0.333333 0.366667 0.400000 0.433333 0.466667 0.500000
0.533333 0.566667 0.600000 0.633333 0.666667</float_array>
          <technique_common>
            <accessor source="#Bip01_Neck-Matrix-animation-input-array" count="21">
              <param name="TIME" type="float"/>
            </accessor>
          </technique_common>
        </source>
        <source id="Bip01_Neck-Matrix-animation-output-transform">
          <float_array id="Bip01_Neck-Matrix-animation-output-transform-array" count="336">

0.965926 -0.258819 -0.000001 0.222970 0.258819 0.965926 -0.000000 -0.000087 0.000001 -0.000000 1.000000 0.000000 0.000000 0.000000 0.000000 1.000000
0.965926 -0.258819 -0.000001 0.222970 0.258819 0.965926 -0.000000 -0.000087 0.000001 -0.000000 1.000000 0.000000 0.000000 0.000000 0.000000 1.000000
0.965926 -0.258819 -0.000001 0.222970 0.258819 0.965926 -0.000000 -0.000087 0.000001 -0.000000 1.000000 -0.000000 0.000000 0.000000 0.000000 1.000000
0.965926 -0.258819 -0.000001 0.222970 0.258819 0.965926 -0.000000 -0.000087 0.000001 -0.000000 1.000000 -0.000000 0.000000 0.000000 0.000000 1.000000
0.965926 -0.258819 -0.000001 0.222970 0.258819 0.965926 -0.000000 -0.000087 0.000001 -0.000000 1.000000 -0.000000 0.000000 0.000000 0.000000 1.000000
0.965926 -0.258819 -0.000001 0.222970 0.258819 0.965926 -0.000000 -0.000087 0.000001 -0.000000 1.000000 -0.000000 0.000000 0.000000 0.000000 1.000000
0.965926 -0.258819 -0.000001 0.222970 0.258819 0.965926 -0.000000 -0.000086 0.000001 -0.000000 1.000000 0.000000 0.000000 0.000000 0.000000 1.000000
0.965926 -0.258819 -0.000001 0.222970 0.258819 0.965926 -0.000000 -0.000087 0.000001 -0.000000 1.000000 -0.000000 0.000000 0.000000 0.000000 1.000000
0.965926 -0.258819 -0.000001 0.222970 0.258819 0.965926 -0.000000 -0.000087 0.000001 -0.000000 1.000000 0.000000 0.000000 0.000000 0.000000 1.000000
0.965926 -0.258819 -0.000001 0.222970 0.258819 0.965926 -0.000000 -0.000086 0.000001 0.000000 1.000000 -0.000000 0.000000 0.000000 0.000000 1.000000
0.965926 -0.258819 -0.000001 0.222970 0.258819 0.965926 -0.000000 -0.000087 0.000001 -0.000000 1.000000 0.000000 0.000000 0.000000 0.000000 1.000000
0.965926 -0.258819 -0.000001 0.222970 0.258819 0.965926 -0.000000 -0.000087 0.000001 0.000000 1.000000 0.000000 0.000000 0.000000 0.000000 1.000000
0.965926 -0.258819 -0.000001 0.222970 0.258819 0.965926 -0.000000 -0.000087 0.000001 -0.000000 1.000000 0.000000 0.000000 0.000000 0.000000 1.000000
0.965926 -0.258819 -0.000001 0.222970 0.258819 0.965926 -0.000000 -0.000087 0.000001 -0.000000 1.000000 -0.000000 0.000000 0.000000 0.000000 1.000000
0.965926 -0.258819 -0.000001 0.222970 0.258819 0.965926 -0.000000 -0.000087 0.000001 -0.000000 1.000000 -0.000000 0.000000 0.000000 0.000000 1.000000
0.965926 -0.258819 -0.000001 0.222970 0.258819 0.965926 -0.000000 -0.000087 0.000001 -0.000000 1.000000 -0.000000 0.000000 0.000000 0.000000 1.000000
0.965926 -0.258819 -0.000001 0.222970 0.258819 0.965926 -0.000000 -0.000087 0.000001 -0.000000 1.000000 -0.000000 0.000000 0.000000 0.000000 1.000000
0.965926 -0.258819 -0.000001 0.222970 0.258819 0.965926 0.000000 -0.000087 0.000001 -0.000000 1.000000 -0.000000 0.000000 0.000000 0.000000 1.000000
0.965926 -0.258819 -0.000001 0.222970 0.258819 0.965926 -0.000000 -0.000087 0.000001 -0.000000 1.000000 0.000000 0.000000 0.000000 0.000000 1.000000
0.965926 -0.258819 -0.000001 0.222970 0.258819 0.965926 -0.000000 -0.000087 0.000001 -0.000000 1.000000 0.000000 0.000000 0.000000 0.000000 1.000000
0.965926 -0.258819 -0.000001 0.222970 0.258819 0.965926 -0.000000 -0.000087 0.000001 -0.000000 1.000000 0.000000 0.000000 0.000000 0.000000 1.000000</float_array>
          <technique_common>
            <accessor source="#Bip01_Neck-Matrix-animation-output-transform-array" count="21" stride="16">
              <param type="float4x4"/>
            </accessor>
          </technique_common>
        </source>
        <source id="Bip01_Neck-Interpolations">
          <Name_array id="Bip01_Neck-Interpolations-array" count="21">
 LINEAR LINEAR LINEAR LINEAR LINEAR LINEAR LINEAR LINEAR LINEAR LINEAR LINEAR
LINEAR LINEAR LINEAR LINEAR LINEAR LINEAR LINEAR LINEAR LINEAR LINEAR</Name_array>
          <technique_common>
            <accessor source="#Bip01_Neck-Interpolations-array" count="21">
              <param type="name"/>
            </accessor>
          </technique_common>
        </source>
        <sampler id="Bip01_Neck-Matrix-animation-transform">
          <input semantic="INPUT" source="#Bip01_Neck-Matrix-animation-input"/>
          <input semantic="OUTPUT" source="#Bip01_Neck-Matrix-animation-output-transform"/>
          <input semantic="INTERPOLATION" source="#Bip01_Neck-Interpolations"/>
        </sampler>
        <channel source="#Bip01_Neck-Matrix-animation-transform" target="Bip01_Neck/matrix"/>
      </animation>
    </animation>
    <animation id="Bip01_L_Clavicle-anim" name="Bip01_L_Clavicle">
      <animation>
        <source id="Bip01_L_Clavicle-Matrix-animation-input">
          <float_array id="Bip01_L_Clavicle-Matrix-animation-input-array" count="21">

0.000000 0.033333 0.066667 0.100000 0.133333 0.166667 0.200000 0.233333 0.266667 0.300000 0.333333 0.366667 0.400000 0.433333 0.466667 0.500000
0.533333 0.566667 0.600000 0.633333 0.666667</float_array>
          <technique_common>
            <accessor source="#Bip01_L_Clavicle-Matrix-animation-input-array" count="21">
              <param name="TIME" type="float"/>
            </accessor>
          </technique_common>
        </source>
        <source id="Bip01_L_Clavicle-Matrix-animation-output-transform">
          <float_array id="Bip01_L_Clavicle-Matrix-animation-output-transform-array" count="336">

-0.249947 -0.259588 0.932813 0.000000 0.067184 -0.965719 -0.250744 0.000089 0.965926 -0.000003 0.258818 0.030012 0.000000 0.000000 0.000000 1.000000
-0.249947 -0.259588 0.932813 -0.000000 0.067184 -0.965719 -0.250744 0.000090 0.965926 -0.000003 0.258818 0.030012 0.000000 0.000000 0.000000 1.000000
-0.249947 -0.259588 0.932813 0.000000 0.067184 -0.965719 -0.250744 0.000089 0.965926 -0.000003 0.258818 0.030012 0.000000 0.000000 0.000000 1.000000
-0.249947 -0.259588 0.932813 0.000000 0.067184 -0.965719 -0.250744 0.000090 0.965926 -0.000003 0.258818 0.030012 0.000000 0.000000 0.000000 1.000000
-0.249946 -0.259588 0.932813 0.000000 0.067184 -0.965719 -0.250743 0.000090 0.965926 -0.000003 0.258818 0.030012 0.000000 0.000000 0.000000 1.000000
-0.249947 -0.259588 0.932813 -0.000000 0.067184 -0.965719 -0.250743 0.000090 0.965926 -0.000003 0.258818 0.030012 0.000000 0.000000 0.000000 1.000000
-0.249947 -0.259588 0.932813 0.000000 0.067184 -0.965719 -0.250744 0.000089 0.965926 -0.000003 0.258818 0.030012 0.000000 0.000000 0.000000 1.000000
-0.249947 -0.259588 0.932813 0.000000 0.067184 -0.965719 -0.250743 0.000090 0.965926 -0.000003 0.258818 0.030012 0.000000 0.000000 0.000000 1.000000
-0.249947 -0.259588 0.932813 0.000000 0.067184 -0.965719 -0.250744 0.000090 0.965926 -0.000003 0.258818 0.030012 0.000000 0.000000 0.000000 1.000000
-0.249946 -0.259588 0.932813 0.000000 0.067184 -0.965720 -0.250744 0.000089 0.965926 -0.000003 0.258818 0.030012 0.000000 0.000000 0.000000 1.000000
-0.249947 -0.259588 0.932813 0.000000 0.067184 -0.965720 -0.250743 0.000089 0.965926 -0.000003 0.258818 0.030012 0.000000 0.000000 0.000000 1.000000
-0.249947 -0.259589 0.932813 0.000000 0.067184 -0.965719 -0.250744 0.000090 0.965926 -0.000003 0.258818 0.030012 0.000000 0.000000 0.000000 1.000000
-0.249947 -0.259588 0.932813 0.000000 0.067184 -0.965719 -0.250743 0.000089 0.965926 -0.000003 0.258818 0.030012 0.000000 0.000000 0.000000 1.000000
-0.249947 -0.259588 0.932813 -0.000000 0.067184 -0.965720 -0.250743 0.000089 0.965926 -0.000003 0.258818 0.030012 0.000000 0.000000 0.000000 1.000000
-0.249947 -0.259588 0.932813 -0.000000 0.067184 -0.965719 -0.250744 0.000089 0.965926 -0.000003 0.258818 0.030012 0.000000 0.000000 0.000000 1.000000
-0.249946 -0.259588 0.932813 0.000000 0.067184 -0.965719 -0.250744 0.000089 0.965926 -0.000003 0.258818 0.030012 0.000000 0.000000 0.000000 1.000000
-0.249947 -0.259588 0.932813 0.000000 0.067184 -0.965719 -0.250743 0.000089 0.965926 -0.000003 0.258818 0.030012 0.000000 0.000000 0.000000 1.000000
-0.249947 -0.259588 0.932813 0.000000 0.067184 -0.965719 -0.250744 0.000089 0.965926 -0.000003 0.258818 0.030012 0.000000 0.000000 0.000000 1.000000
-0.249947 -0.259588 0.932813 0.000000 0.067184 -0.965719 -0.250744 0.000089 0.965926 -0.000003 0.258818 0.030012 0.000000 0.000000 0.000000 1.000000
-0.249947 -0.259588 0.932814 -0.000000 0.067184 -0.965719 -0.250743 0.000089 0.965926 -0.000003 0.258818 0.030012 0.000000 0.000000 0.000000 1.000000
-0.249947 -0.259588 0.932813 0.000000 0.067184 -0.965719 -0.250744 0.000089 0.965926 -0.000003 0.258818 0.030012 0.000000 0.000000 0.000000 1.000000</float_array>
          <technique_common>
            <accessor source="#Bip01_L_Clavicle-Matrix-animation-output-transform-array" count="21" stride="16">
              <param type="float4x4"/>
            </accessor>
          </technique_common>
        </source>
        <source id="Bip01_L_Clavicle-Interpolations">
          <Name_array id="Bip01_L_Clavicle-Interpolations-array" count="21">
 LINEAR LINEAR LINEAR LINEAR LINEAR LINEAR LINEAR LINEAR LINEAR LINEAR LINEAR
LINEAR LINEAR LINEAR LINEAR LINEAR LINEAR LINEAR LINEAR LINEAR LINEAR</Name_array>
          <technique_common>
            <accessor source="#Bip01_L_Clavicle-Interpolations-array" count="21">
              <param type="name"/>
            </accessor>
          </technique_common>
        </source>
        <sampler id="Bip01_L_Clavicle-Matrix-animation-transform">
          <input semantic="INPUT" source="#Bip01_L_Clavicle-Matrix-animation-input"/>
          <input semantic="OUTPUT" source="#Bip01_L_Clavicle-Matrix-animation-output-transform"/>
          <input semantic="INTERPOLATION" source="#Bip01_L_Clavicle-Interpolations"/>
        </sampler>
        <channel source="#Bip01_L_Clavicle-Matrix-animation-transform" target="Bip01_L_Clavicle/matrix"/>
      </animation>
    </animation>
    <animation id="Bip01_L_UpperArm-anim" name="Bip01_L_UpperArm">
      <animation>
        <source id="Bip01_L_UpperArm-Matrix-animation-input">
          <float_array id="Bip01_L_UpperArm-Matrix-animation-input-array" count="21">

0.000000 0.033333 0.066667 0.100000 0.133333 0.166667 0.200000 0.233333 0.266667 0.300000 0.333333 0.366667 0.400000 0.433333 0.466667 0.500000
0.533333 0.566667 0.600000 0.633333 0.666667</float_array>
          <technique_common>
            <accessor source="#Bip01_L_UpperArm-Matrix-animation-input-array" count="21">
              <param name="TIME" type="float"/>
            </accessor>
          </technique_common>
        </source>
        <source id="Bip01_L_UpperArm-Matrix-animation-output-transform">
          <float_array id="Bip01_L_UpperArm-Matrix-animation-output-transform-array" count="336">

0.744524 -0.579481 -0.331491 0.172746 0.636627 0.466799 0.613844 -0.000000 -0.200971 -0.668058 0.716456 0.000000 0.000000 0.000000 0.000000 1.000000
0.737703 -0.580872 -0.344066 0.172746 0.646442 0.460776 0.608111 -0.000000 -0.194697 -0.671024 0.715416 -0.000000 0.000000 0.000000 0.000000 1.000000
0.722084 -0.583851 -0.371097 0.172746 0.667718 0.447869 0.594614 -0.000000 -0.180964 -0.677149 0.713247 0.000000 0.000000 0.000000 0.000000 1.000000
0.705646 -0.586762 -0.397207 0.172746 0.688521 0.435424 0.579953 0.000000 -0.167341 -0.682727 0.711253 0.000000 0.000000 0.000000 0.000000 1.000000
0.697912 -0.588077 -0.408759 0.172746 0.697808 0.429915 0.572920 -0.000000 -0.161190 -0.685083 0.710408 0.000000 0.000000 0.000000 0.000000 1.000000
0.708694 -0.586236 -0.392531 0.172746 0.684776 0.437653 0.582703 -0.000000 -0.169809 -0.681753 0.711602 0.000000 0.000000 0.000000 0.000000 1.000000
0.744524 -0.579481 -0.331491 0.172746 0.636627 0.466799 0.613844 -0.000000 -0.200971 -0.668058 0.716456 0.000000 0.000000 0.000000 0.000000 1.000000
0.824360 -0.546976 -0.145769 0.172746 0.489466 0.559412 0.668941 0.000000 -0.284349 -0.622797 0.728882 -0.000000 0.000000 0.000000 0.000000 1.000000
0.877226 -0.448191 0.172045 0.172746 0.248312 0.730302 0.636396 0.000000 -0.410872 -0.515543 0.751931 0.000000 0.000000 0.000000 0.000000 1.000000
0.849008 -0.265101 0.457064 0.172746 0.045493 0.898491 0.436628 0.000000 -0.526419 -0.349907 0.774886 0.000000 0.000000 0.000000 0.000000 1.000000
0.805374 -0.103795 0.583609 0.172746 -0.018970 0.979533 0.200388 0.000000 -0.592464 -0.172458 0.786921 0.000000 0.000000 0.000000 0.000000 1.000000
0.773368 -0.378436 0.508615 0.172746 0.349335 0.923880 0.156237 0.000000 -0.529025 0.056848 0.846700 -0.000000 0.000000 0.000000 0.000000 1.000000
0.644362 -0.688698 0.332404 0.172746 0.699323 0.706559 0.108268 0.000000 -0.309427 0.162694 0.936902 0.000000 0.000000 0.000000 0.000000 1.000000
0.815109 -0.530299 0.233198 0.172746 0.567917 0.810914 -0.141028 0.000000 -0.114316 0.247390 0.962149 0.000000 0.000000 0.000000 0.000000 1.000000
0.931067 -0.324372 0.167025 0.172746 0.362766 0.871900 -0.328924 -0.000000 -0.038936 0.366841 0.929468 -0.000000 0.000000 0.000000 0.000000 1.000000
0.922898 -0.341370 0.178116 0.172746 0.383079 0.860719 -0.335282 0.000000 -0.038852 0.377664 0.925127 0.000000 0.000000 0.000000 0.000000 1.000000
0.902474 -0.379143 0.204430 0.172746 0.427170 0.848789 -0.311583 -0.000000 -0.055383 0.368522 0.927968 0.000000 0.000000 0.000000 0.000000 1.000000
0.870608 -0.431062 0.237123 0.172746 0.484942 0.833122 -0.265968 0.000000 -0.082904 0.346545 0.934363 -0.000000 0.000000 0.000000 0.000000 1.000000
0.829355 -0.489877 0.268682 0.172746 0.546469 0.811374 -0.207469 -0.000000 -0.116367 0.318892 0.940620 0.000000 0.000000 0.000000 0.000000 1.000000
0.783129 -0.547976 0.293994 0.172746 0.603473 0.783792 -0.146594 -0.000000 -0.150100 0.292220 0.944499 0.000000 0.000000 0.000000 0.000000 1.000000
0.738714 -0.597979 0.311003 0.172746 0.650169 0.753843 -0.094874 -0.000000 -0.177714 0.272289 0.945662 0.000000 0.000000 0.000000 0.000000 1.000000</float_array>
          <technique_common>
            <accessor source="#Bip01_L_UpperArm-Matrix-animation-output-transform-array" count="21" stride="16">
              <param type="float4x4"/>
            </accessor>
          </technique_common>
        </source>
        <source id="Bip01_L_UpperArm-Interpolations">
          <Name_array id="Bip01_L_UpperArm-Interpolations-array" count="21">
 LINEAR LINEAR LINEAR LINEAR LINEAR LINEAR LINEAR LINEAR LINEAR LINEAR LINEAR
LINEAR LINEAR LINEAR LINEAR LINEAR LINEAR LINEAR LINEAR LINEAR LINEAR</Name_array>
          <technique_common>
            <accessor source="#Bip01_L_UpperArm-Interpolations-array" count="21">
              <param type="name"/>
            </accessor>
          </technique_common>
        </source>
        <sampler id="Bip01_L_UpperArm-Matrix-animation-transform">
          <input semantic="INPUT" source="#Bip01_L_UpperArm-Matrix-animation-input"/>
          <input semantic="OUTPUT" source="#Bip01_L_UpperArm-Matrix-animation-output-transform"/>
          <input semantic="INTERPOLATION" source="#Bip01_L_UpperArm-Interpolations"/>
        </sampler>
        <channel source="#Bip01_L_UpperArm-Matrix-animation-transform" target="Bip01_L_UpperArm/matrix"/>
      </animation>
    </animation>
    <animation id="Bip01_L_Forearm-anim" name="Bip01_L_Forearm">
      <animation>
        <source id="Bip01_L_Forearm-Matrix-animation-input">
          <float_array id="Bip01_L_Forearm-Matrix-animation-input-array" count="21">

0.000000 0.033333 0.066667 0.100000 0.133333 0.166667 0.200000 0.233333 0.266667 0.300000 0.333333 0.366667 0.400000 0.433333 0.466667 0.500000
0.533333 0.566667 0.600000 0.633333 0.666667</float_array>
          <technique_common>
            <accessor source="#Bip01_L_Forearm-Matrix-animation-input-array" count="21">
              <param name="TIME" type="float"/>
            </accessor>
          </technique_common>
        </source>
        <source id="Bip01_L_Forearm-Matrix-animation-output-transform">
          <float_array id="Bip01_L_Forearm-Matrix-animation-output-transform-array" count="336">

-0.258752 0.965944 0.000000 0.257246 -0.965944 -0.258752 -0.000000 0.000000 0.000000 0.000000 1.000000 -0.000000 0.000000 0.000000 0.000000 1.000000
-0.277434 0.960745 0.000000 0.257246 -0.960745 -0.277434 0.000000 0.000000 -0.000000 -0.000000 1.000000 0.000000 0.000000 0.000000 0.000000 1.000000
-0.318158 0.948038 0.000000 0.257246 -0.948038 -0.318158 0.000000 0.000000 -0.000000 -0.000000 1.000000 0.000000 0.000000 0.000000 0.000000 1.000000
-0.358303 0.933605 -0.000000 0.257246 -0.933605 -0.358303 -0.000000 0.000000 0.000000 0.000000 1.000000 -0.000000 0.000000 0.000000 0.000000 1.000000
-0.376339 0.926482 -0.000000 0.257246 -0.926482 -0.376340 0.000000 -0.000000 -0.000000 -0.000000 1.000000 0.000000 0.000000 0.000000 0.000000 1.000000
-0.351051 0.936356 0.000000 0.257246 -0.936356 -0.351051 0.000000 -0.000000 -0.000000 -0.000000 1.000000 -0.000000 0.000000 0.000000 0.000000 1.000000
-0.258752 0.965944 0.000000 0.257246 -0.965944 -0.258752 -0.000000 -0.000000 0.000000 0.000000 1.000000 -0.000000 0.000000 0.000000 0.000000 1.000000
-0.005930 0.999982 -0.000000 0.257246 -0.999983 -0.005930 0.000000 -0.000000 -0.000000 -0.000000 1.000000 -0.000000 0.000000 0.000000 0.000000 1.000000
0.386774 0.922174 -0.000000 0.257246 -0.922174 0.386774 -0.000000 -0.000000 0.000000 -0.000000 1.000000 -0.000000 0.000000 0.000000 0.000000 1.000000
0.731028 0.682347 0.000000 0.257246 -0.682347 0.731028 -0.000000 -0.000000 -0.000000 0.000000 1.000000 0.000000 0.000000 0.000000 0.000000 1.000000
0.906337 0.422556 0.000000 0.257246 -0.422556 0.906337 -0.000001 0.000000 -0.000000 0.000001 1.000000 -0.000000 0.000000 0.000000 0.000000 1.000000
0.964949 0.262439 -0.000000 0.257246 -0.262439 0.964948 0.000000 -0.000000 0.000000 -0.000000 1.000000 -0.000000 0.000000 0.000000 0.000000 1.000000
0.985568 0.169282 0.000000 0.257246 -0.169282 0.985568 0.000000 0.000000 0.000000 -0.000000 1.000000 0.000000 0.000000 0.000000 0.000000 1.000000
0.992752 0.120177 0.000000 0.257246 -0.120177 0.992752 -0.000000 -0.000000 -0.000000 0.000000 1.000000 0.000000 0.000000 0.000000 0.000000 1.000000
0.996201 0.087088 0.000000 0.257246 -0.087088 0.996201 -0.000000 0.000000 -0.000000 0.000000 1.000000 -0.000000 0.000000 0.000000 0.000000 1.000000
0.998019 0.062916 0.000000 0.257246 -0.062916 0.998019 -0.000000 0.000000 -0.000000 0.000000 1.000000 0.000000 0.000000 0.000000 0.000000 1.000000
