<?xml version="1.0" encoding="utf-8"?>
<COLLADA xmlns="http://www.collada.org/2005/11/COLLADASchema" version="1.4.0">
  <asset>
    <contributor>
      <author></author>
      <authoring_tool>FBX COLLADA exporter</authoring_tool>
      <comments></comments>
    </contributor>
    <created>2010-07-12T10:59:23Z</created>
    <modified>2010-07-12T10:59:23Z</modified>
    <revision></revision>
    <title></title>
    <subject></subject>
    <keywords></keywords>
    <unit meter="1.000000"/>
    <up_axis>Y_UP</up_axis>
  </asset>
  <library_animations>
    <animation id="Bip01-anim" name="Bip01">
      <animation>
        <source id="Bip01-Matrix-animation-input">
          <float_array id="Bip01-Matrix-animation-input-array" count="26">

0.000000 0.033333 0.066667 0.100000 0.133333 0.166667 0.200000 0.233333 0.266667 0.300000 0.333333 0.366667 0.400000 0.433333 0.466667 0.500000
0.533333 0.566667 0.600000 0.633333 0.666667 0.700000 0.733333 0.766667 0.800000 0.833333</float_array>
          <technique_common>
            <accessor source="#Bip01-Matrix-animation-input-array" count="26">
              <param name="TIME" type="float"/>
            </accessor>
          </technique_common>
        </source>
        <source id="Bip01-Matrix-animation-output-transform">
          <float_array id="Bip01-Matrix-animation-output-transform-array" count="416">

0.000000 0.000000 -1.000000 -0.479685 -0.000000 1.000000 0.000000 0.000000 1.000000 -0.000000 0.000000 -0.119273 0.000000 0.000000 0.000000 1.000000
0.000000 0.000000 -1.000000 -0.483733 -0.000000 1.000000 0.000000 0.000000 1.000000 -0.000000 0.000000 -0.219897 0.000000 0.000000 0.000000 1.000000
0.000000 0.000000 -1.000000 -0.487781 -0.000000 1.000000 0.000000 0.000000 1.000000 -0.000000 0.000000 -0.320522 0.000000 0.000000 0.000000 1.000000
0.000000 0.000000 -1.000000 -0.479685 -0.000000 1.000000 0.000000 0.000000 1.000000 -0.000000 0.000000 -0.386293 0.000000 0.000000 0.000000 1.000000
0.000000 0.000000 -1.000000 -0.406819 -0.000000 1.000000 0.000000 0.000000 1.000000 -0.000000 0.000000 -0.266183 0.000000 0.000000 0.000000 1.000000
0.000000 0.000000 -1.000000 -0.397212 -0.000000 1.000000 0.000000 0.000000 1.000000 -0.000000 0.000000 0.114417 0.000000 0.000000 0.000000 1.000000
0.000000 0.000000 -1.000000 -0.432977 -0.000000 1.000000 0.000000 0.000000 1.000000 -0.000000 0.000000 0.463683 0.000000 0.000000 0.000000 1.000000
0.000000 0.000000 -1.000000 -0.548203 -0.000000 1.000000 0.000000 0.000000 1.000000 -0.000000 0.000000 0.573136 0.000000 0.000000 0.000000 1.000000
0.000000 0.000000 -1.000000 -0.707525 -0.000000 1.000000 0.000000 0.000000 1.000000 -0.000000 0.000000 0.616442 0.000000 0.000000 0.000000 1.000000
0.000000 0.000000 -1.000000 -0.923085 -0.000000 1.000000 0.000000 0.000000 1.000000 -0.000000 0.000000 0.728760 0.000000 0.000000 0.000000 1.000000
0.000000 0.000000 -1.000000 -0.942336 -0.000000 1.000000 0.000000 0.000000 1.000000 -0.000000 0.000000 0.764263 0.000000 0.000000 0.000000 1.000000
0.000000 0.000000 -1.000000 -0.924003 -0.000000 1.000000 0.000000 0.000000 1.000000 -0.000000 0.000000 0.783328 0.000000 0.000000 0.000000 1.000000
0.000000 0.000000 -1.000000 -0.893257 -0.000000 1.000000 0.000000 0.000000 1.000000 -0.000000 0.000000 0.769812 0.000000 0.000000 0.000000 1.000000
0.000000 0.000000 -1.000000 -0.837578 -0.000000 1.000000 0.000000 0.000000 1.000000 -0.000000 0.000000 0.669625 0.000000 0.000000 0.000000 1.000000
0.000000 0.000000 -1.000000 -0.780273 -0.000000 1.000000 0.000000 0.000000 1.000000 -0.000000 0.000000 0.552835 0.000000 0.000000 0.000000 1.000000
0.000000 0.000000 -1.000000 -0.749239 -0.000000 1.000000 0.000000 0.000000 1.000000 -0.000000 0.000000 0.485709 0.000000 0.000000 0.000000 1.000000
0.000000 0.000000 -1.000000 -0.719614 -0.000000 1.000000 0.000000 0.000000 1.000000 -0.000000 0.000000 0.420873 0.000000 0.000000 0.000000 1.000000
0.000000 0.000000 -1.000000 -0.691175 -0.000000 1.000000 0.000000 0.000000 1.000000 -0.000000 0.000000 0.357964 0.000000 0.000000 0.000000 1.000000
0.000000 0.000000 -1.000000 -0.663700 -0.000000 1.000000 0.000000 0.000000 1.000000 -0.000000 0.000000 0.296623 0.000000 0.000000 0.000000 1.000000
0.000000 0.000000 -1.000000 -0.636968 -0.000000 1.000000 0.000000 0.000000 1.000000 -0.000000 0.000000 0.236486 0.000000 0.000000 0.000000 1.000000
0.000000 0.000000 -1.000000 -0.610754 -0.000000 1.000000 0.000000 0.000000 1.000000 -0.000000 0.000000 0.177193 0.000000 0.000000 0.000000 1.000000
0.000000 0.000000 -1.000000 -0.584837 -0.000000 1.000000 0.000000 0.000000 1.000000 -0.000000 0.000000 0.118382 0.000000 0.000000 0.000000 1.000000
0.000000 0.000000 -1.000000 -0.558994 -0.000000 1.000000 0.000000 0.000000 1.000000 -0.000000 0.000000 0.059691 0.000000 0.000000 0.000000 1.000000
0.000000 0.000000 -1.000000 -0.533003 -0.000000 1.000000 0.000000 0.000000 1.000000 -0.000000 0.000000 0.000759 0.000000 0.000000 0.000000 1.000000
0.000000 0.000000 -1.000000 -0.506641 -0.000000 1.000000 0.000000 0.000000 1.000000 -0.000000 0.000000 -0.058775 0.000000 0.000000 0.000000 1.000000
0.000000 0.000000 -1.000000 -0.479685 -0.000000 1.000000 0.000000 0.000000 1.000000 -0.000000 0.000000 -0.119273 0.000000 0.000000 0.000000 1.000000</float_array>
          <technique_common>
            <accessor source="#Bip01-Matrix-animation-output-transform-array" count="26" stride="16">
              <param type="float4x4"/>
            </accessor>
          </technique_common>
        </source>
        <source id="Bip01-Interpolations">
          <Name_array id="Bip01-Interpolations-array" count="26">
 LINEAR LINEAR LINEAR LINEAR LINEAR LINEAR LINEAR LINEAR LINEAR LINEAR LINEAR
LINEAR LINEAR LINEAR LINEAR LINEAR LINEAR LINEAR LINEAR LINEAR LINEAR LINEAR LINEAR
LINEAR LINEAR LINEAR</Name_array>
          <technique_common>
            <accessor source="#Bip01-Interpolations-array" count="26">
              <param type="name"/>
            </accessor>
          </technique_common>
        </source>
        <sampler id="Bip01-Matrix-animation-transform">
          <input semantic="INPUT" source="#Bip01-Matrix-animation-input"/>
          <input semantic="OUTPUT" source="#Bip01-Matrix-animation-output-transform"/>
          <input semantic="INTERPOLATION" source="#Bip01-Interpolations"/>
        </sampler>
        <channel source="#Bip01-Matrix-animation-transform" target="Bip01/matrix"/>
      </animation>
    </animation>
    <animation id="Bip01_Pelvis-anim" name="Bip01_Pelvis">
      <animation>
        <source id="Bip01_Pelvis-Matrix-animation-input">
          <float_array id="Bip01_Pelvis-Matrix-animation-input-array" count="26">

0.000000 0.033333 0.066667 0.100000 0.133333 0.166667 0.200000 0.233333 0.266667 0.300000 0.333333 0.366667 0.400000 0.433333 0.466667 0.500000
0.533333 0.566667 0.600000 0.633333 0.666667 0.700000 0.733333 0.766667 0.800000 0.833333</float_array>
          <technique_common>
            <accessor source="#Bip01_Pelvis-Matrix-animation-input-array" count="26">
              <param name="TIME" type="float"/>
            </accessor>
          </technique_common>
        </source>
        <source id="Bip01_Pelvis-Matrix-animation-output-transform">
          <float_array id="Bip01_Pelvis-Matrix-animation-output-transform-array" count="416">

-0.290372 0.862477 0.414509 -0.035612 0.100434 -0.403311 0.909534 0.000000 0.951629 0.305735 0.030488 0.000000 0.000000 0.000000 0.000000 1.000000
-0.269208 0.773493 0.573790 -0.035612 0.151551 -0.554339 0.818377 0.000000 0.951083 0.307272 0.032009 0.000000 0.000000 0.000000 0.000000 1.000000
-0.239043 0.658389 0.713711 -0.035612 0.197935 -0.686547 0.699625 0.000000 0.950621 0.308509 0.033796 0.000000 0.000000 0.000000 0.000000 1.000000
-0.220722 0.611223 0.760058 -0.035612 0.213741 -0.730022 0.649139 0.000000 0.951628 0.305735 0.030488 0.000000 0.000000 0.000000 0.000000 1.000000
-0.263897 0.912691 0.312016 -0.035612 0.078237 -0.302163 0.950040 0.000000 0.961373 0.275124 0.008334 0.000000 0.000000 0.000000 0.000000 1.000000
-0.163941 0.834488 0.526072 -0.035612 0.105656 -0.515366 0.850432 0.000000 0.980796 0.195004 -0.003679 -0.000000 0.000000 0.000000 0.000000 1.000000
-0.054224 0.696106 0.715889 -0.035612 0.115709 -0.707733 0.696940 0.000000 0.991802 0.120626 -0.042170 0.000000 0.000000 0.000000 0.000000 1.000000
-0.012250 0.815960 0.577978 -0.035612 0.094381 -0.574497 0.813047 0.000000 0.995461 0.064510 -0.069973 0.000000 0.000000 0.000000 0.000000 1.000000
0.013859 0.954575 0.297649 -0.035612 0.076195 -0.297820 0.951576 0.000000 0.996997 0.009491 -0.076862 -0.000000 0.000000 0.000000 0.000000 1.000000
0.041551 0.999024 -0.015011 -0.035612 0.066320 0.012233 0.997723 0.000000 0.996933 -0.042452 -0.065746 0.000000 0.000000 0.000000 0.000000 1.000000
0.067560 0.937152 -0.342318 -0.035612 0.064073 0.338318 0.938848 0.000000 0.995656 -0.085362 -0.037189 0.000000 0.000000 0.000000 0.000000 1.000000
0.091455 0.772456 -0.628449 -0.035612 0.069772 0.624572 0.777844 0.000000 0.993362 -0.114986 0.003225 0.000000 0.000000 0.000000 0.000000 1.000000
0.102059 0.607445 -0.787778 -0.035612 0.075277 0.784927 0.614999 0.000000 0.991926 -0.122068 0.034382 -0.000000 0.000000 0.000000 0.000000 1.000000
0.087463 0.624814 -0.775860 -0.035612 0.065428 0.773559 0.630337 0.000000 0.994017 -0.105894 0.026777 -0.000000 0.000000 0.000000 0.000000 1.000000
0.056357 0.732810 -0.678096 -0.035612 0.049119 0.676318 0.734970 0.000000 0.997202 -0.074728 0.002120 -0.000000 0.000000 0.000000 0.000000 1.000000
0.025587 0.800400 -0.598920 -0.035612 0.036619 0.597963 0.800687 0.000000 0.999002 -0.042419 -0.014010 -0.000000 0.000000 0.000000 0.000000 1.000000
-0.006710 0.859018 -0.511902 -0.035612 0.027249 0.511881 0.858624 0.000000 0.999606 -0.008187 -0.026842 -0.000000 0.000000 0.000000 0.000000 1.000000
-0.040119 0.907538 -0.418050 -0.035612 0.021239 0.419067 0.907707 0.000000 0.998969 0.027537 -0.036087 0.000000 0.000000 0.000000 0.000000 1.000000
-0.074183 0.945000 -0.318547 -0.035612 0.018763 0.320693 0.946997 0.000000 0.997068 0.064275 -0.041521 0.000000 0.000000 0.000000 0.000000 1.000000
-0.108422 0.970638 -0.214724 -0.035612 0.019928 0.218076 0.975728 0.000000 0.993905 0.101512 -0.042987 0.000000 0.000000 0.000000 0.000000 1.000000
-0.142340 0.983905 -0.108029 -0.035612 0.024770 0.112647 0.993326 0.000000 0.989508 0.138714 -0.040406 -0.000000 0.000000 0.000000 0.000000 1.000000
-0.175438 0.984490 0.000010 -0.035612 0.033254 0.005916 0.999429 0.000000 0.983929 0.175339 -0.033776 0.000000 0.000000 0.000000 0.000000 1.000000
-0.207233 0.972331 0.107826 -0.035612 0.045273 -0.100569 0.993899 0.000000 0.977244 0.210850 -0.023179 0.000000 0.000000 0.000000 0.000000 1.000000
-0.237262 0.947615 0.213851 -0.035612 0.060647 -0.205259 0.976827 0.000000 0.969551 0.244733 -0.008770 0.000000 0.000000 0.000000 0.000000 1.000000
-0.265101 0.910775 0.316559 -0.035612 0.079134 -0.306647 0.948528 0.000000 0.960968 0.276506 0.009219 0.000000 0.000000 0.000000 0.000000 1.000000
-0.290372 0.862477 0.414509 -0.035612 0.100434 -0.403311 0.909534 0.000000 0.951629 0.305735 0.030488 0.000000 0.000000 0.000000 0.000000 1.000000</float_array>
          <technique_common>
            <accessor source="#Bip01_Pelvis-Matrix-animation-output-transform-array" count="26" stride="16">
              <param type="float4x4"/>
            </accessor>
          </technique_common>
        </source>
        <source id="Bip01_Pelvis-Interpolations">
          <Name_array id="Bip01_Pelvis-Interpolations-array" count="26">
 LINEAR LINEAR LINEAR LINEAR LINEAR LINEAR LINEAR LINEAR LINEAR LINEAR LINEAR
LINEAR LINEAR LINEAR LINEAR LINEAR LINEAR LINEAR LINEAR LINEAR LINEAR LINEAR LINEAR
LINEAR LINEAR LINEAR</Name_array>
          <technique_common>
            <accessor source="#Bip01_Pelvis-Interpolations-array" count="26">
              <param type="name"/>
            </accessor>
          </technique_common>
        </source>
        <sampler id="Bip01_Pelvis-Matrix-animation-transform">
          <input semantic="INPUT" source="#Bip01_Pelvis-Matrix-animation-input"/>
          <input semantic="OUTPUT" source="#Bip01_Pelvis-Matrix-animation-output-transform"/>
          <input semantic="INTERPOLATION" source="#Bip01_Pelvis-Interpolations"/>
        </sampler>
        <channel source="#Bip01_Pelvis-Matrix-animation-transform" target="Bip01_Pelvis/matrix"/>
      </animation>
    </animation>
    <animation id="Bip01_Spine-anim" name="Bip01_Spine">
      <animation>
        <source id="Bip01_Spine-Matrix-animation-input">
          <float_array id="Bip01_Spine-Matrix-animation-input-array" count="26">

0.000000 0.033333 0.066667 0.100000 0.133333 0.166667 0.200000 0.233333 0.266667 0.300000 0.333333 0.366667 0.400000 0.433333 0.466667 0.500000
0.533333 0.566667 0.600000 0.633333 0.666667 0.700000 0.733333 0.766667 0.800000 0.833333</float_array>
          <technique_common>
            <accessor source="#Bip01_Spine-Matrix-animation-input-array" count="26">
              <param name="TIME" type="float"/>
            </accessor>
          </technique_common>
        </source>
        <source id="Bip01_Spine-Matrix-animation-output-transform">
          <float_array id="Bip01_Spine-Matrix-animation-output-transform-array" count="416">

0.998573 0.024449 0.047477 0.093837 -0.039928 0.932190 0.359761 0.029983 -0.035462 -0.361143 0.931836 0.003071 0.000000 0.000000 0.000000 1.000000
0.960348 -0.235064 -0.149924 0.093829 0.255853 0.956683 0.138914 0.030131 0.110776 -0.171765 0.978890 0.003187 0.000000 0.000000 0.000000 1.000000
0.816983 -0.472180 -0.331036 0.093825 0.448763 0.881100 -0.149245 0.030266 0.362146 -0.026626 0.931741 0.003337 0.000000 0.000000 0.000000 1.000000
0.601326 -0.650096 -0.464523 0.093956 0.549149 0.758566 -0.350733 0.030014 0.580382 -0.044188 0.813145 0.003014 0.000000 0.000000 0.000000 1.000000
0.338868 -0.701591 -0.626849 0.094927 0.877453 0.476082 -0.058506 0.027046 0.339479 -0.530204 0.776941 0.000916 0.000000 0.000000 0.000000 1.000000
0.404576 -0.796464 -0.449403 0.096859 0.804448 0.543676 -0.239334 0.019133 0.434951 -0.264692 0.860672 -0.000316 0.000000 0.000000 0.000000 1.000000
0.560430 -0.800654 -0.211827 0.097945 0.685366 0.591941 -0.424122 0.011790 0.464964 0.092512 0.880483 -0.004175 0.000000 0.000000 0.000000 1.000000
0.661133 -0.695187 -0.282168 0.098287 0.638695 0.718828 -0.274509 0.006234 0.393665 0.001268 0.919253 -0.006900 0.000000 0.000000 0.000000 1.000000
0.876579 -0.438490 -0.198336 0.098393 0.450668 0.892497 0.018632 0.000777 0.168844 -0.105716 0.979957 -0.007561 0.000000 0.000000 0.000000 1.000000
0.992243 -0.088305 -0.087496 0.098324 0.109730 0.952927 0.282647 -0.004355 0.058418 -0.290056 0.955225 -0.006432 0.000000 0.000000 0.000000 1.000000
0.977650 0.208863 -0.024035 0.098145 -0.167287 0.842052 0.512799 -0.008567 0.127343 -0.497318 0.858172 -0.003579 0.000000 0.000000 0.000000 1.000000
0.951941 0.298630 -0.068032 0.097903 -0.153577 0.657582 0.737564 -0.011456 0.264995 -0.691669 0.671842 0.000441 0.000000 0.000000 0.000000 1.000000
0.950600 0.293042 -0.102403 0.097763 -0.089970 0.575820 0.812611 -0.012139 0.297095 -0.763255 0.573739 0.003526 0.000000 0.000000 0.000000 1.000000
0.939637 0.342162 -0.002708 0.097960 -0.299140 0.825282 0.478983 -0.010589 0.166125 -0.449260 0.877820 0.002720 0.000000 0.000000 0.000000 1.000000
0.916268 0.389652 0.092865 0.098266 -0.395345 0.916996 0.053118 -0.007532 -0.064459 -0.085384 0.994261 0.000224 0.000000 0.000000 0.000000 1.000000
0.918384 0.374631 0.127366 0.098446 -0.379930 0.924814 0.019296 -0.004347 -0.110561 -0.066112 0.991668 -0.001370 0.000000 0.000000 0.000000 1.000000
0.922617 0.351949 0.157831 0.098510 -0.357968 0.933675 0.010527 -0.000973 -0.143658 -0.066211 0.987410 -0.002635 0.000000 0.000000 0.000000 1.000000
0.929242 0.321689 0.181727 0.098452 -0.331057 0.943332 0.022960 0.002548 -0.164043 -0.081497 0.983081 -0.003544 0.000000 0.000000 0.000000 1.000000
0.938137 0.284893 0.196811 0.098271 -0.300222 0.952430 0.052379 0.006169 -0.172526 -0.108226 0.979041 -0.004075 0.000000 0.000000 0.000000 1.000000
0.948766 0.243440 0.201444 0.097967 -0.266161 0.959308 0.094269 0.009840 -0.170298 -0.143056 0.974953 -0.004214 0.000000 0.000000 0.000000 1.000000
0.960259 0.199792 0.194901 0.097541 -0.229494 0.962610 0.143929 0.013508 -0.158858 -0.182938 0.970205 -0.003952 0.000000 0.000000 0.000000 1.000000
0.971563 0.156600 0.177598 0.096998 -0.190961 0.961692 0.196680 0.017120 -0.139994 -0.225001 0.964249 -0.003291 0.000000 0.000000 0.000000 1.000000
0.981649 0.116262 0.151152 0.096346 -0.151526 0.956802 0.248132 0.020622 -0.115775 -0.266482 0.956861 -0.002238 0.000000 0.000000 0.000000 1.000000
0.989715 0.080497 0.118259 0.095594 -0.112371 0.949041 0.294439 0.023965 -0.088532 -0.304699 0.948325 -0.000811 0.000000 0.000000 0.000000 1.000000
0.995343 0.050028 0.082401 0.094753 -0.074777 0.940149 0.332457 0.027100 -0.060837 -0.337070 0.939512 0.000969 0.000000 0.000000 0.000000 1.000000
0.998573 0.024449 0.047477 0.093837 -0.039928 0.932190 0.359761 0.029983 -0.035462 -0.361143 0.931836 0.003071 0.000000 0.000000 0.000000 1.000000</float_array>
          <technique_common>
            <accessor source="#Bip01_Spine-Matrix-animation-output-transform-array" count="26" stride="16">
              <param type="float4x4"/>
            </accessor>
          </technique_common>
        </source>
        <source id="Bip01_Spine-Interpolations">
          <Name_array id="Bip01_Spine-Interpolations-array" count="26">
 LINEAR LINEAR LINEAR LINEAR LINEAR LINEAR LINEAR LINEAR LINEAR LINEAR LINEAR
LINEAR LINEAR LINEAR LINEAR LINEAR LINEAR LINEAR LINEAR LINEAR LINEAR LINEAR LINEAR
LINEAR LINEAR LINEAR</Name_array>
          <technique_common>
            <accessor source="#Bip01_Spine-Interpolations-array" count="26">
              <param type="name"/>
            </accessor>
          </technique_common>
        </source>
        <sampler id="Bip01_Spine-Matrix-animation-transform">
          <input semantic="INPUT" source="#Bip01_Spine-Matrix-animation-input"/>
          <input semantic="OUTPUT" source="#Bip01_Spine-Matrix-animation-output-transform"/>
          <input semantic="INTERPOLATION" source="#Bip01_Spine-Interpolations"/>
        </sampler>
        <channel source="#Bip01_Spine-Matrix-animation-transform" target="Bip01_Spine/matrix"/>
      </animation>
    </animation>
    <animation id="Bip01_Spine1-anim" name="Bip01_Spine1">
      <animation>
        <source id="Bip01_Spine1-Matrix-animation-input">
          <float_array id="Bip01_Spine1-Matrix-animation-input-array" count="26">

0.000000 0.033333 0.066667 0.100000 0.133333 0.166667 0.200000 0.233333 0.266667 0.300000 0.333333 0.366667 0.400000 0.433333 0.466667 0.500000
0.533333 0.566667 0.600000 0.633333 0.666667 0.700000 0.733333 0.766667 0.800000 0.833333</float_array>
          <technique_common>
            <accessor source="#Bip01_Spine1-Matrix-animation-input-array" count="26">
              <param name="TIME" type="float"/>
            </accessor>
          </technique_common>
        </source>
        <source id="Bip01_Spine1-Matrix-animation-output-transform">
          <float_array id="Bip01_Spine1-Matrix-animation-output-transform-array" count="416">

0.996985 0.047978 0.060982 0.222938 -0.045135 0.997867 -0.047160 -0.000177 -0.063115 0.044266 0.997024 -0.000008 0.000000 0.000000 0.000000 1.000000
0.999833 -0.016107 0.008632 0.222950 0.016455 0.998987 -0.041874 -0.000177 -0.007949 0.042009 0.999085 -0.000007 0.000000 0.000000 0.000000 1.000000
0.994672 -0.090119 -0.050066 0.222963 0.088460 0.995485 -0.034426 -0.000177 0.052943 0.029813 0.998153 -0.000005 0.000000 0.000000 0.000000 1.000000
0.985003 -0.143020 -0.096510 0.222972 0.139627 0.989352 -0.041082 -0.000176 0.101357 0.026990 0.994484 -0.000005 0.000000 0.000000 0.000000 1.000000
0.982945 -0.146163 -0.111607 0.222973 0.138490 0.987618 -0.073693 -0.000175 0.120996 0.056980 0.991016 -0.000010 0.000000 0.000000 0.000000 1.000000
0.999272 0.019047 -0.033049 0.222943 -0.024850 0.982386 -0.185206 -0.000174 0.028940 0.185892 0.982144 -0.000033 0.000000 0.000000 0.000000 1.000000
0.963928 0.263423 0.038089 0.222900 -0.233405 0.905374 -0.354711 -0.000161 -0.127924 0.333026 0.934200 -0.000059 0.000000 0.000000 0.000000 1.000000
0.929167 0.368987 -0.022289 0.222881 -0.330643 0.802622 -0.496460 -0.000143 -0.165297 0.468665 0.867773 -0.000083 0.000000 0.000000 0.000000 1.000000
0.947538 0.310651 -0.075283 0.222891 -0.282505 0.703703 -0.651915 -0.000125 -0.149541 0.638983 0.754545 -0.000113 0.000000 0.000000 0.000000 1.000000
0.970615 0.215153 -0.107772 0.222908 -0.215239 0.575976 -0.788621 -0.000102 -0.107600 0.788645 0.605361 -0.000140 0.000000 0.000000 0.000000 1.000000
0.980960 0.138957 -0.135681 0.222922 -0.182904 0.426102 -0.885993 -0.000076 -0.065301 0.893940 0.443404 -0.000159 0.000000 0.000000 0.000000 1.000000
0.967866 0.146703 -0.204240 0.222921 -0.232192 0.209512 -0.949838 -0.000037 -0.096553 0.966738 0.236843 -0.000172 0.000000 0.000000 0.000000 1.000000
0.950720 0.133420 -0.279876 0.222923 -0.297473 0.138018 -0.944701 -0.000024 -0.087414 0.981402 0.170905 -0.000174 0.000000 0.000000 0.000000 1.000000
0.938792 -0.014472 -0.344179 0.222949 -0.277827 0.558898 -0.781310 -0.000099 0.203668 0.829110 0.520668 -0.000147 0.000000 0.000000 0.000000 1.000000
0.908039 -0.096377 -0.407647 0.222964 -0.134325 0.854783 -0.501300 -0.000152 0.396764 0.509957 0.763231 -0.000091 0.000000 0.000000 0.000000 1.000000
0.917144 -0.086665 -0.389019 0.222962 -0.095585 0.899757 -0.425795 -0.000160 0.386924 0.427700 0.816923 -0.000076 0.000000 0.000000 0.000000 1.000000
0.929074 -0.074340 -0.362348 0.222960 -0.066486 0.930080 -0.361291 -0.000165 0.363871 0.359757 0.859170 -0.000064 0.000000 0.000000 0.000000 1.000000
0.942580 -0.060241 -0.328503 0.222957 -0.046458 0.950387 -0.307583 -0.000169 0.330734 0.305183 0.893017 -0.000054 0.000000 0.000000 0.000000 1.000000
0.956430 -0.044873 -0.288491 0.222955 -0.034278 0.964026 -0.263588 -0.000171 0.289941 0.261992 0.920486 -0.000047 0.000000 0.000000 0.000000 1.000000
0.969495 -0.028630 -0.243434 0.222952 -0.028417 0.973330 -0.227644 -0.000173 0.243459 0.227618 0.942824 -0.000040 0.000000 0.000000 0.000000 1.000000
0.980820 -0.011956 -0.194549 0.222949 -0.027268 0.979885 -0.197690 -0.000174 0.193000 0.199203 0.960765 -0.000035 0.000000 0.000000 0.000000 1.000000
0.989693 0.004535 -0.143132 0.222946 -0.029295 0.984773 -0.171359 -0.000175 0.140176 0.173786 0.974756 -0.000031 0.000000 0.000000 0.000000 1.000000
0.995694 0.019993 -0.090518 0.222943 -0.033130 0.988724 -0.146042 -0.000176 0.086577 0.148412 0.985129 -0.000026 0.000000 0.000000 0.000000 1.000000
0.998720 0.033315 -0.038054 0.222941 -0.037628 0.992190 -0.118920 -0.000176 0.033795 0.120200 0.992174 -0.000021 0.000000 0.000000 0.000000 1.000000
0.998985 0.043154 0.012907 0.222939 -0.041872 0.995328 -0.087000 -0.000177 -0.016601 0.086371 0.996125 -0.000015 0.000000 0.000000 0.000000 1.000000
0.996985 0.047978 0.060982 0.222938 -0.045135 0.997867 -0.047160 -0.000177 -0.063115 0.044266 0.997024 -0.000008 0.000000 0.000000 0.000000 1.000000</float_array>
          <technique_common>
            <accessor source="#Bip01_Spine1-Matrix-animation-output-transform-array" count="26" stride="16">
              <param type="float4x4"/>
            </accessor>
          </technique_common>
        </source>
        <source id="Bip01_Spine1-Interpolations">
          <Name_array id="Bip01_Spine1-Interpolations-array" count="26">
 LINEAR LINEAR LINEAR LINEAR LINEAR LINEAR LINEAR LINEAR LINEAR LINEAR LINEAR
LINEAR LINEAR LINEAR LINEAR LINEAR LINEAR LINEAR LINEAR LINEAR LINEAR LINEAR LINEAR
LINEAR LINEAR LINEAR</Name_array>
          <technique_common>
            <accessor source="#Bip01_Spine1-Interpolations-array" count="26">
              <param type="name"/>
            </accessor>
          </technique_common>
        </source>
        <sampler id="Bip01_Spine1-Matrix-animation-transform">
          <input semantic="INPUT" source="#Bip01_Spine1-Matrix-animation-input"/>
          <input semantic="OUTPUT" source="#Bip01_Spine1-Matrix-animation-output-transform"/>
          <input semantic="INTERPOLATION" source="#Bip01_Spine1-Interpolations"/>
        </sampler>
        <channel source="#Bip01_Spine1-Matrix-animation-transform" target="Bip01_Spine1/matrix"/>
      </animation>
    </animation>
    <animation id="Bip01_Neck-anim" name="Bip01_Neck">
      <animation>
        <source id="Bip01_Neck-Matrix-animation-input">
          <float_array id="Bip01_Neck-Matrix-animation-input-array" count="26">

0.000000 0.033333 0.066667 0.100000 0.133333 0.166667 0.200000 0.233333 0.266667 0.300000 0.333333 0.366667 0.400000 0.433333 0.466667 0.500000
0.533333 0.566667 0.600000 0.633333 0.666667 0.700000 0.733333 0.766667 0.800000 0.833333</float_array>
          <technique_common>
            <accessor source="#Bip01_Neck-Matrix-animation-input-array" count="26">
              <param name="TIME" type="float"/>
            </accessor>
          </technique_common>
        </source>
        <source id="Bip01_Neck-Matrix-animation-output-transform">
          <float_array id="Bip01_Neck-Matrix-animation-output-transform-array" count="416">

0.965926 -0.258819 -0.000001 0.222970 0.258819 0.965926 -0.000000 -0.000087 0.000001 -0.000000 1.000000 0.000000 0.000000 0.000000 0.000000 1.000000
0.962838 -0.270080 0.000400 0.222971 0.270080 0.962838 -0.000315 -0.000086 -0.000300 0.000412 1.000000 -0.000000 0.000000 0.000000 0.000000 1.000000
0.957400 -0.288764 0.001076 0.222973 0.288765 0.957400 -0.000830 -0.000086 -0.000791 0.001105 0.999999 -0.000000 0.000000 0.000000 0.000000 1.000000
0.956269 -0.292488 0.001213 0.222973 0.292489 0.956269 -0.000931 -0.000086 -0.000887 0.001245 0.999999 -0.000000 0.000000 0.000000 0.000000 1.000000
0.965926 -0.258819 -0.000001 0.222970 0.258819 0.965926 -0.000000 -0.000087 0.000001 0.000000 1.000000 0.000000 0.000000 0.000000 0.000000 1.000000
0.992667 -0.120800 -0.004524 0.222957 0.120819 0.992666 0.004150 -0.000089 0.003989 -0.004666 0.999981 0.000000 0.000000 0.000000 0.000000 1.000000
0.997141 0.074926 -0.009763 0.222940 -0.074819 0.997138 0.010901 -0.000089 0.010552 -0.010140 0.999893 0.000001 0.000000 0.000000 0.000000 1.000000
0.984793 0.173326 -0.011885 0.222931 -0.173147 0.984787 0.014674 -0.000088 0.014248 -0.012393 0.999822 0.000001 0.000000 0.000000 0.000000 1.000000
0.990317 0.138376 -0.011172 0.222934 -0.138225 0.990312 0.013304 -0.000089 0.012904 -0.011631 0.999849 0.000001 0.000000 0.000000 0.000000 1.000000
0.998677 0.050593 -0.009185 0.222942 -0.050501 0.998674 0.010008 -0.000089 0.009680 -0.009531 0.999908 0.000001 0.000000 0.000000 0.000000 1.000000
0.997965 -0.063456 -0.006199 0.222952 0.063493 0.997964 0.006025 -0.000089 0.005804 -0.006406 0.999963 0.000001 0.000000 0.000000 0.000000 1.000000
0.984442 -0.175688 -0.002809 0.222962 0.175695 0.984442 0.002437 -0.000088 0.002338 -0.002893 0.999993 0.000000 0.000000 0.000000 0.000000 1.000000
0.965926 -0.258819 -0.000001 0.222970 0.258819 0.965926 -0.000000 -0.000087 0.000001 -0.000000 1.000000 0.000000 0.000000 0.000000 0.000000 1.000000
0.961780 -0.273825 0.000535 0.222971 0.273825 0.961779 -0.000419 -0.000086 -0.000399 0.000550 1.000000 -0.000000 0.000000 0.000000 0.000000 1.000000
0.965926 -0.258819 -0.000001 0.222970 0.258819 0.965926 -0.000000 -0.000087 0.000001 -0.000000 1.000000 0.000000 0.000000 0.000000 0.000000 1.000000
0.965926 -0.258819 -0.000001 0.222970 0.258819 0.965926 -0.000000 -0.000087 0.000001 -0.000000 1.000000 0.000000 0.000000 0.000000 0.000000 1.000000
0.965926 -0.258819 -0.000001 0.222970 0.258819 0.965926 -0.000000 -0.000087 0.000001 -0.000000 1.000000 0.000000 0.000000 0.000000 0.000000 1.000000
0.965926 -0.258819 -0.000001 0.222970 0.258819 0.965926 -0.000000 -0.000086 0.000001 0.000000 1.000000 -0.000000 0.000000 0.000000 0.000000 1.000000
0.965926 -0.258819 -0.000001 0.222970 0.258819 0.965926 -0.000000 -0.000087 0.000001 -0.000000 1.000000 0.000000 0.000000 0.000000 0.000000 1.000000
0.965926 -0.258819 -0.000001 0.222970 0.258819 0.965926 -0.000000 -0.000086 0.000001 -0.000000 1.000000 0.000000 0.000000 0.000000 0.000000 1.000000
0.965926 -0.258819 -0.000001 0.222970 0.258819 0.965926 -0.000000 -0.000087 0.000001 -0.000000 1.000000 0.000000 0.000000 0.000000 0.000000 1.000000
0.965926 -0.258819 -0.000001 0.222970 0.258819 0.965926 -0.000000 -0.000087 0.000001 -0.000000 1.000000 0.000000 0.000000 0.000000 0.000000 1.000000
0.965926 -0.258819 -0.000001 0.222970 0.258819 0.965926 -0.000000 -0.000086 0.000001 -0.000000 1.000000 0.000000 0.000000 0.000000 0.000000 1.000000
0.965926 -0.258819 -0.000001 0.222970 0.258819 0.965926 -0.000000 -0.000087 0.000001 -0.000000 1.000000 -0.000000 0.000000 0.000000 0.000000 1.000000
0.965926 -0.258819 -0.000001 0.222970 0.258819 0.965926 -0.000000 -0.000087 0.000001 -0.000000 1.000000 0.000000 0.000000 0.000000 0.000000 1.000000
0.965926 -0.258819 -0.000001 0.222970 0.258819 0.965926 -0.000000 -0.000087 0.000001 -0.000000 1.000000 0.000000 0.000000 0.000000 0.000000 1.000000</float_array>
          <technique_common>
            <accessor source="#Bip01_Neck-Matrix-animation-output-transform-array" count="26" stride="16">
              <param type="float4x4"/>
            </accessor>
          </technique_common>
        </source>
        <source id="Bip01_Neck-Interpolations">
          <Name_array id="Bip01_Neck-Interpolations-array" count="26">
 LINEAR LINEAR LINEAR LINEAR LINEAR LINEAR LINEAR LINEAR LINEAR LINEAR LINEAR
LINEAR LINEAR LINEAR LINEAR LINEAR LINEAR LINEAR LINEAR LINEAR LINEAR LINEAR LINEAR
LINEAR LINEAR LINEAR</Name_array>
          <technique_common>
            <accessor source="#Bip01_Neck-Interpolations-array" count="26">
              <param type="name"/>
            </accessor>
          </technique_common>
        </source>
        <sampler id="Bip01_Neck-Matrix-animation-transform">
          <input semantic="INPUT" source="#Bip01_Neck-Matrix-animation-input"/>
          <input semantic="OUTPUT" source="#Bip01_Neck-Matrix-animation-output-transform"/>
          <input semantic="INTERPOLATION" source="#Bip01_Neck-Interpolations"/>
        </sampler>
        <channel source="#Bip01_Neck-Matrix-animation-transform" target="Bip01_Neck/matrix"/>
      </animation>
    </animation>
    <animation id="Bip01_L_Clavicle-anim" name="Bip01_L_Clavicle">
      <animation>
        <source id="Bip01_L_Clavicle-Matrix-animation-input">
          <float_array id="Bip01_L_Clavicle-Matrix-animation-input-array" count="26">

0.000000 0.033333 0.066667 0.100000 0.133333 0.166667 0.200000 0.233333 0.266667 0.300000 0.333333 0.366667 0.400000 0.433333 0.466667 0.500000
0.533333 0.566667 0.600000 0.633333 0.666667 0.700000 0.733333 0.766667 0.800000 0.833333</float_array>
          <technique_common>
            <accessor source="#Bip01_L_Clavicle-Matrix-animation-input-array" count="26">
              <param name="TIME" type="float"/>
            </accessor>
          </technique_common>
        </source>
        <source id="Bip01_L_Clavicle-Matrix-animation-output-transform">
          <float_array id="Bip01_L_Clavicle-Matrix-animation-output-transform-array" count="416">

-0.206406 -0.255645 0.944480 -0.000000 0.229165 -0.951049 -0.207341 0.000089 0.951252 0.173646 0.254887 0.030012 0.000000 0.000000 0.000000 1.000000
-0.204002 -0.266784 0.941918 -0.000009 0.231951 -0.947927 -0.218249 0.000102 0.951095 0.173956 0.255260 0.030012 0.000000 0.000000 0.000000 1.000000
-0.199924 -0.285266 0.937365 -0.000024 0.236531 -0.942436 -0.236362 0.000123 0.950833 0.174462 0.255890 0.030012 0.000000 0.000000 0.000000 1.000000
-0.199098 -0.288950 0.936412 -0.000027 0.237437 -0.941295 -0.239973 0.000127 0.950781 0.174561 0.256017 0.030012 0.000000 0.000000 0.000000 1.000000
-0.206406 -0.255644 0.944480 0.000000 0.229165 -0.951049 -0.207341 0.000090 0.951252 0.173645 0.254886 0.030012 0.000000 0.000000 0.000000 1.000000
-0.232704 -0.119069 0.965231 0.000120 0.193514 -0.978301 -0.074028 -0.000051 0.953101 0.169559 0.250696 0.030011 0.000000 0.000000 0.000000 1.000000
-0.260473 0.074733 0.962584 0.000317 0.138426 -0.983808 0.113838 -0.000215 0.955506 0.162899 0.245910 0.030009 0.000000 0.000000 0.000000 1.000000
-0.270276 0.172219 0.947255 0.000428 0.108754 -0.972113 0.207769 -0.000282 0.956621 0.159173 0.244009 0.030007 0.000000 0.000000 0.000000 1.000000
-0.267118 0.137590 0.953791 0.000387 0.119447 -0.977395 0.174447 -0.000260 0.956232 0.160526 0.244645 0.030008 0.000000 0.000000 0.000000 1.000000
-0.257616 0.050631 0.964920 0.000291 0.145558 -0.985197 0.090557 -0.000197 0.955221 0.163781 0.246433 0.030009 0.000000 0.000000 0.000000 1.000000
-0.241975 -0.062303 0.968280 0.000174 0.177914 -0.983866 -0.018845 -0.000103 0.953832 0.167711 0.249156 0.030011 0.000000 0.000000 0.000000 1.000000
-0.222932 -0.173391 0.959290 0.000070 0.208018 -0.969851 -0.126958 0.000003 0.952381 0.171247 0.252279 0.030012 0.000000 0.000000 0.000000 1.000000
-0.206406 -0.255644 0.944480 0.000000 0.229165 -0.951048 -0.207341 0.000090 0.951252 0.173646 0.254886 0.030012 0.000000 0.000000 0.000000 1.000000
-0.203193 -0.270489 0.941036 -0.000012 0.232873 -0.946858 -0.221879 0.000106 0.951043 0.174058 0.255385 0.030012 0.000000 0.000000 0.000000 1.000000
-0.206406 -0.255644 0.944480 0.000000 0.229165 -0.951049 -0.207340 0.000090 0.951252 0.173646 0.254887 0.030012 0.000000 0.000000 0.000000 1.000000
-0.206406 -0.255644 0.944480 -0.000000 0.229165 -0.951049 -0.207341 0.000090 0.951252 0.173646 0.254886 0.030012 0.000000 0.000000 0.000000 1.000000
-0.206406 -0.255644 0.944480 0.000000 0.229165 -0.951049 -0.207340 0.000089 0.951252 0.173646 0.254886 0.030012 0.000000 0.000000 0.000000 1.000000
-0.206406 -0.255644 0.944480 0.000000 0.229165 -0.951048 -0.207341 0.000089 0.951252 0.173646 0.254886 0.030012 0.000000 0.000000 0.000000 1.000000
-0.206406 -0.255644 0.944480 0.000000 0.229165 -0.951048 -0.207341 0.000090 0.951252 0.173646 0.254886 0.030012 0.000000 0.000000 0.000000 1.000000
-0.206406 -0.255645 0.944480 0.000000 0.229165 -0.951048 -0.207341 0.000089 0.951252 0.173646 0.254886 0.030012 0.000000 0.000000 0.000000 1.000000
-0.206406 -0.255644 0.944480 0.000000 0.229165 -0.951048 -0.207341 0.000089 0.951252 0.173646 0.254886 0.030012 0.000000 0.000000 0.000000 1.000000
-0.206406 -0.255644 0.944480 0.000000 0.229165 -0.951049 -0.207341 0.000089 0.951252 0.173646 0.254887 0.030012 0.000000 0.000000 0.000000 1.000000
-0.206406 -0.255644 0.944480 -0.000000 0.229165 -0.951048 -0.207341 0.000089 0.951252 0.173646 0.254886 0.030012 0.000000 0.000000 0.000000 1.000000
-0.206406 -0.255644 0.944480 0.000000 0.229165 -0.951048 -0.207341 0.000090 0.951252 0.173646 0.254886 0.030012 0.000000 0.000000 0.000000 1.000000
-0.206405 -0.255645 0.944480 0.000000 0.229165 -0.951048 -0.207341 0.000089 0.951252 0.173645 0.254886 0.030012 0.000000 0.000000 0.000000 1.000000
-0.206406 -0.255645 0.944480 -0.000000 0.229165 -0.951049 -0.207341 0.000089 0.951252 0.173646 0.254887 0.030012 0.000000 0.000000 0.000000 1.000000</float_array>
          <technique_common>
            <accessor source="#Bip01_L_Clavicle-Matrix-animation-output-transform-array" count="26" stride="16">
              <param type="float4x4"/>
            </accessor>
          </technique_common>
        </source>
        <source id="Bip01_L_Clavicle-Interpolations">
          <Name_array id="Bip01_L_Clavicle-Interpolations-array" count="26">
 LINEAR LINEAR LINEAR LINEAR LINEAR LINEAR LINEAR LINEAR LINEAR LINEAR LINEAR
LINEAR LINEAR LINEAR LINEAR LINEAR LINEAR LINEAR LINEAR LINEAR LINEAR LINEAR LINEAR
LINEAR LINEAR LINEAR</Name_array>
          <technique_common>
            <accessor source="#Bip01_L_Clavicle-Interpolations-array" count="26">
              <param type="name"/>
            </accessor>
          </technique_common>
        </source>
        <sampler id="Bip01_L_Clavicle-Matrix-animation-transform">
          <input semantic="INPUT" source="#Bip01_L_Clavicle-Matrix-animation-input"/>
          <input semantic="OUTPUT" source="#Bip01_L_Clavicle-Matrix-animation-output-transform"/>
          <input semantic="INTERPOLATION" source="#Bip01_L_Clavicle-Interpolations"/>
        </sampler>
        <channel source="#Bip01_L_Clavicle-Matrix-animation-transform" target="Bip01_L_Clavicle/matrix"/>
      </animation>
    </animation>
    <animation id="Bip01_L_UpperArm-anim" name="Bip01_L_UpperArm">
      <animation>
        <source id="Bip01_L_UpperArm-Matrix-animation-input">
          <float_array id="Bip01_L_UpperArm-Matrix-animation-input-array" count="26">

0.000000 0.033333 0.066667 0.100000 0.133333 0.166667 0.200000 0.233333 0.266667 0.300000 0.333333 0.366667 0.400000 0.433333 0.466667 0.500000
0.533333 0.566667 0.600000 0.633333 0.666667 0.700000 0.733333 0.766667 0.800000 0.833333</float_array>
          <technique_common>
            <accessor source="#Bip01_L_UpperArm-Matrix-animation-input-array" count="26">
              <param name="TIME" type="float"/>
            </accessor>
          </technique_common>
        </source>
        <source id="Bip01_L_UpperArm-Matrix-animation-output-transform">
          <float_array id="Bip01_L_UpperArm-Matrix-animation-output-transform-array" count="416">

0.813068 0.331219 0.478764 0.172746 -0.150703 0.914095 -0.376455 -0.000000 -0.562325 0.233932 0.793137 0.000000 0.000000 0.000000 0.000000 1.000000
0.887961 0.438636 0.138291 0.172746 -0.405633 0.888626 -0.214022 0.000000 -0.216767 0.133948 0.966990 -0.000000 0.000000 0.000000 0.000000 1.000000
0.780787 0.568847 -0.258429 0.172746 -0.584781 0.810984 0.018326 0.000000 0.220007 0.136817 0.965856 0.000000 0.000000 0.000000 0.000000 1.000000
0.577321 0.606373 -0.546821 0.172746 -0.601257 0.768815 0.217749 -0.000000 0.552441 0.203069 0.808438 -0.000000 0.000000 0.000000 0.000000 1.000000
0.512427 0.577870 -0.635205 0.172746 -0.493317 0.803559 0.333063 0.000000 0.702892 0.142687 0.696838 0.000000 0.000000 0.000000 0.000000 1.000000
0.990525 0.044467 -0.129933 0.172746 -0.009867 0.966726 0.255626 0.000000 0.136976 -0.251922 0.958005 0.000000 0.000000 0.000000 0.000000 1.000000
0.661316 -0.564750 0.493679 0.172746 0.614946 0.785059 0.074317 -0.000000 -0.429538 0.254439 0.866463 0.000000 0.000000 0.000000 0.000000 1.000000
0.636677 -0.573554 0.515439 0.172746 0.720680 0.680368 -0.133116 0.000000 -0.274339 0.456219 0.846524 0.000000 0.000000 0.000000 0.000000 1.000000
0.736971 -0.443187 0.510352 0.172746 0.671269 0.568352 -0.475788 -0.000000 -0.079196 0.693225 0.716357 -0.000000 0.000000 0.000000 0.000000 1.000000
0.864154 -0.330790 0.379230 0.172746 0.490369 0.384255 -0.782232 -0.000000 0.113033 0.861931 0.494265 0.000000 0.000000 0.000000 0.000000 1.000000
0.942308 -0.281329 0.181408 0.172746 0.238517 0.184043 -0.953540 0.000000 0.234872 0.941797 0.240527 -0.000000 0.000000 0.000000 0.000000 1.000000
0.971509 -0.229533 -0.059032 0.172746 -0.050450 0.043083 -0.997797 -0.000000 0.231571 0.972347 0.030275 -0.000000 0.000000 0.000000 0.000000 1.000000
0.958714 -0.195162 -0.206833 0.172746 -0.228664 -0.096667 -0.968694 0.000000 0.169059 0.975995 -0.137303 -0.000000 0.000000 0.000000 0.000000 1.000000
0.971296 -0.115069 -0.208190 0.172746 -0.235828 -0.351257 -0.906093 0.000000 0.031135 0.929181 -0.368310 0.000000 0.000000 0.000000 0.000000 1.000000
0.963127 0.123932 -0.238804 0.172746 -0.157210 -0.461067 -0.873329 0.000000 -0.218338 0.878669 -0.424582 -0.000000 0.000000 0.000000 0.000000 1.000000
0.934719 0.285449 -0.211704 0.172746 -0.094574 -0.374427 -0.922421 0.000000 -0.342571 0.882226 -0.322988 -0.000000 0.000000 0.000000 0.000000 1.000000
0.889789 0.425720 -0.164433 0.172746 -0.056906 -0.253995 -0.965530 -0.000000 -0.452811 0.868475 -0.201776 0.000000 0.000000 0.000000 0.000000 1.000000
0.837877 0.537355 -0.095979 0.172746 -0.043729 -0.109188 -0.993059 0.000000 -0.544105 0.836258 -0.067988 0.000000 0.000000 0.000000 0.000000 1.000000
