<?xml version="1.0" encoding="utf-8"?>
<COLLADA xmlns="http://www.collada.org/2005/11/COLLADASchema" version="1.4.0">
  <asset>
    <contributor>
      <author></author>
      <authoring_tool>FBX COLLADA exporter</authoring_tool>
      <comments></comments>
    </contributor>
    <created>2010-07-11T11:36:42Z</created>
    <modified>2010-07-11T11:36:42Z</modified>
    <revision></revision>
    <title></title>
    <subject></subject>
    <keywords></keywords>
    <unit meter="1.000000"/>
    <up_axis>Y_UP</up_axis>
  </asset>
  <library_animations>
    <animation id="Bip01-anim" name="Bip01">
      <animation>
        <source id="Bip01-Matrix-animation-input">
          <float_array id="Bip01-Matrix-animation-input-array" count="41">

0.000000 0.033333 0.066667 0.100000 0.133333 0.166667 0.200000 0.233333 0.266667 0.300000 0.333333 0.366667 0.400000 0.433333 0.466667 0.500000
0.533333 0.566667 0.600000 0.633333 0.666667 0.700000 0.733333 0.766667 0.800000 0.833333 0.866667 0.900000 0.933333 0.966667 1.000000 1.033333
1.066667 1.100000 1.133333 1.166667 1.200000 1.233333 1.266667 1.300000 1.333333</float_array>
          <technique_common>
            <accessor source="#Bip01-Matrix-animation-input-array" count="41">
              <param name="TIME" type="float"/>
            </accessor>
          </technique_common>
        </source>
        <source id="Bip01-Matrix-animation-output-transform">
          <float_array id="Bip01-Matrix-animation-output-transform-array" count="656">

0.000000 0.000000 -1.000000 -0.953508 -0.000000 1.000000 0.000000 0.000000 1.000000 -0.000000 0.000000 0.037619 0.000000 0.000000 0.000000 1.000000
0.000000 -0.000001 -1.000000 -0.953516 -0.000000 1.000000 -0.000001 0.000000 1.000000 0.000000 0.000000 0.037619 0.000000 0.000000 0.000000 1.000000
0.000000 -0.000002 -1.000000 -0.953524 -0.000000 1.000000 -0.000002 0.000000 1.000000 0.000000 0.000000 0.037619 0.000000 0.000000 0.000000 1.000000
-0.000699 0.000024 -1.000000 -0.953533 0.001450 0.999999 0.000023 0.000000 0.999999 -0.001450 -0.000699 0.037619 0.000000 0.000000 0.000000 1.000000
-0.000959 0.000016 -1.000000 -0.953542 0.001989 0.999998 0.000014 0.000000 0.999998 -0.001988 -0.000959 0.037619 0.000000 0.000000 0.000000 1.000000
-0.001227 0.000012 -0.999999 -0.953552 0.002544 0.999997 0.000009 0.000000 0.999996 -0.002544 -0.001227 0.037619 0.000000 0.000000 0.000000 1.000000
-0.001500 0.000002 -0.999999 -0.953562 0.003110 0.999995 -0.000003 0.000000 0.999994 -0.003110 -0.001500 0.037619 0.000000 0.000000 0.000000 1.000000
-0.001776 0.000007 -0.999998 -0.953571 0.003681 0.999993 0.000001 0.000000 0.999992 -0.003681 -0.001776 0.037619 0.000000 0.000000 0.000000 1.000000
-0.002050 0.000000 -0.999998 -0.953581 0.004249 0.999991 -0.000008 0.000000 0.999989 -0.004249 -0.002050 0.037619 0.000000 0.000000 0.000000 1.000000
-0.002320 0.000000 -0.999997 -0.953591 0.004809 0.999988 -0.000011 0.000000 0.999986 -0.004809 -0.002320 0.037619 0.000000 0.000000 0.000000 1.000000
-0.002583 0.000005 -0.999997 -0.953600 0.005354 0.999986 -0.000009 0.000000 0.999982 -0.005354 -0.002583 0.037619 0.000000 0.000000 0.000000 1.000000
-0.002836 0.000001 -0.999996 -0.953609 0.005878 0.999983 -0.000016 0.000000 0.999979 -0.005878 -0.002836 0.037619 0.000000 0.000000 0.000000 1.000000
-0.003075 0.000001 -0.999995 -0.953618 0.006374 0.999980 -0.000018 0.000000 0.999975 -0.006374 -0.003075 0.037619 0.000000 0.000000 0.000000 1.000000
-0.003298 0.000002 -0.999995 -0.953626 0.006835 0.999977 -0.000021 0.000000 0.999971 -0.006835 -0.003298 0.037619 0.000000 0.000000 0.000000 1.000000
-0.003501 0.000002 -0.999994 -0.953633 0.007256 0.999974 -0.000023 0.000000 0.999967 -0.007256 -0.003501 0.037619 0.000000 0.000000 0.000000 1.000000
-0.003681 0.000003 -0.999993 -0.953639 0.007629 0.999971 -0.000025 0.000000 0.999964 -0.007629 -0.003681 0.037619 0.000000 0.000000 0.000000 1.000000
-0.003836 0.000004 -0.999993 -0.953645 0.007949 0.999968 -0.000027 0.000000 0.999961 -0.007949 -0.003835 0.037619 0.000000 0.000000 0.000000 1.000000
-0.003961 0.000004 -0.999992 -0.953649 0.008210 0.999966 -0.000028 0.000000 0.999958 -0.008210 -0.003961 0.037619 0.000000 0.000000 0.000000 1.000000
-0.004055 0.000002 -0.999992 -0.953653 0.008403 0.999965 -0.000032 0.000000 0.999956 -0.008403 -0.004054 0.037619 0.000000 0.000000 0.000000 1.000000
-0.004113 0.000002 -0.999992 -0.953655 0.008524 0.999964 -0.000033 0.000000 0.999955 -0.008524 -0.004113 0.037619 0.000000 0.000000 0.000000 1.000000
-0.004133 0.000005 -0.999991 -0.953655 0.008566 0.999963 -0.000030 0.000000 0.999955 -0.008566 -0.004133 0.037619 0.000000 0.000000 0.000000 1.000000
-0.004113 0.000002 -0.999992 -0.953655 0.008524 0.999964 -0.000033 0.000000 0.999955 -0.008524 -0.004113 0.037619 0.000000 0.000000 0.000000 1.000000
-0.004055 0.000002 -0.999992 -0.953653 0.008403 0.999965 -0.000032 0.000000 0.999956 -0.008403 -0.004054 0.037619 0.000000 0.000000 0.000000 1.000000
-0.003961 0.000004 -0.999992 -0.953649 0.008210 0.999966 -0.000028 0.000000 0.999958 -0.008210 -0.003961 0.037619 0.000000 0.000000 0.000000 1.000000
-0.003836 0.000004 -0.999993 -0.953645 0.007949 0.999968 -0.000027 0.000000 0.999961 -0.007950 -0.003835 0.037619 0.000000 0.000000 0.000000 1.000000
-0.003681 0.000003 -0.999993 -0.953639 0.007629 0.999971 -0.000025 0.000000 0.999964 -0.007629 -0.003681 0.037619 0.000000 0.000000 0.000000 1.000000
-0.003501 0.000002 -0.999994 -0.953633 0.007256 0.999974 -0.000023 0.000000 0.999967 -0.007256 -0.003501 0.037619 0.000000 0.000000 0.000000 1.000000
-0.003298 0.000002 -0.999995 -0.953626 0.006835 0.999977 -0.000021 0.000000 0.999971 -0.006835 -0.003298 0.037619 0.000000 0.000000 0.000000 1.000000
-0.003075 0.000001 -0.999995 -0.953618 0.006374 0.999980 -0.000018 0.000000 0.999975 -0.006374 -0.003075 0.037619 0.000000 0.000000 0.000000 1.000000
-0.002836 0.000001 -0.999996 -0.953609 0.005878 0.999983 -0.000016 0.000000 0.999979 -0.005878 -0.002836 0.037619 0.000000 0.000000 0.000000 1.000000
-0.002583 0.000005 -0.999997 -0.953600 0.005354 0.999986 -0.000009 0.000000 0.999982 -0.005354 -0.002583 0.037619 0.000000 0.000000 0.000000 1.000000
-0.002320 0.000000 -0.999997 -0.953591 0.004809 0.999989 -0.000011 0.000000 0.999986 -0.004809 -0.002320 0.037619 0.000000 0.000000 0.000000 1.000000
-0.002050 0.000000 -0.999998 -0.953581 0.004249 0.999991 -0.000008 0.000000 0.999989 -0.004249 -0.002050 0.037619 0.000000 0.000000 0.000000 1.000000
-0.001776 0.000007 -0.999998 -0.953571 0.003681 0.999993 0.000001 0.000000 0.999992 -0.003681 -0.001776 0.037619 0.000000 0.000000 0.000000 1.000000
-0.001500 0.000002 -0.999999 -0.953562 0.003110 0.999995 -0.000003 0.000000 0.999994 -0.003110 -0.001500 0.037619 0.000000 0.000000 0.000000 1.000000
-0.001227 0.000012 -0.999999 -0.953552 0.002544 0.999997 0.000009 0.000000 0.999996 -0.002544 -0.001227 0.037619 0.000000 0.000000 0.000000 1.000000
-0.000959 0.000016 -1.000000 -0.953542 0.001988 0.999998 0.000014 0.000000 0.999998 -0.001988 -0.000959 0.037619 0.000000 0.000000 0.000000 1.000000
-0.000699 0.000024 -1.000000 -0.953533 0.001450 0.999999 0.000023 0.000000 0.999999 -0.001450 -0.000699 0.037619 0.000000 0.000000 0.000000 1.000000
0.000000 -0.000002 -1.000000 -0.953524 -0.000000 1.000000 -0.000002 0.000000 1.000000 0.000000 0.000000 0.037619 0.000000 0.000000 0.000000 1.000000
0.000000 -0.000001 -1.000000 -0.953516 -0.000000 1.000000 -0.000001 0.000000 1.000000 0.000000 0.000000 0.037619 0.000000 0.000000 0.000000 1.000000
0.000000 0.000000 -1.000000 -0.953508 -0.000000 1.000000 -0.000000 0.000000 1.000000 0.000000 0.000000 0.037619 0.000000 0.000000 0.000000 1.000000</float_array>
          <technique_common>
            <accessor source="#Bip01-Matrix-animation-output-transform-array" count="41" stride="16">
              <param type="float4x4"/>
            </accessor>
          </technique_common>
        </source>
        <source id="Bip01-Interpolations">
          <Name_array id="Bip01-Interpolations-array" count="41">
 LINEAR LINEAR LINEAR LINEAR LINEAR LINEAR LINEAR LINEAR LINEAR LINEAR LINEAR
LINEAR LINEAR LINEAR LINEAR LINEAR LINEAR LINEAR LINEAR LINEAR LINEAR LINEAR LINEAR
LINEAR LINEAR LINEAR LINEAR LINEAR LINEAR LINEAR LINEAR LINEAR LINEAR LINEAR LINEAR
LINEAR LINEAR LINEAR LINEAR LINEAR LINEAR</Name_array>
          <technique_common>
            <accessor source="#Bip01-Interpolations-array" count="41">
              <param type="name"/>
            </accessor>
          </technique_common>
        </source>
        <sampler id="Bip01-Matrix-animation-transform">
          <input semantic="INPUT" source="#Bip01-Matrix-animation-input"/>
          <input semantic="OUTPUT" source="#Bip01-Matrix-animation-output-transform"/>
          <input semantic="INTERPOLATION" source="#Bip01-Interpolations"/>
        </sampler>
        <channel source="#Bip01-Matrix-animation-transform" target="Bip01/matrix"/>
      </animation>
    </animation>
    <animation id="Bip01_Pelvis-anim" name="Bip01_Pelvis">
      <animation>
        <source id="Bip01_Pelvis-Matrix-animation-input">
          <float_array id="Bip01_Pelvis-Matrix-animation-input-array" count="41">

0.000000 0.033333 0.066667 0.100000 0.133333 0.166667 0.200000 0.233333 0.266667 0.300000 0.333333 0.366667 0.400000 0.433333 0.466667 0.500000
0.533333 0.566667 0.600000 0.633333 0.666667 0.700000 0.733333 0.766667 0.800000 0.833333 0.866667 0.900000 0.933333 0.966667 1.000000 1.033333
1.066667 1.100000 1.133333 1.166667 1.200000 1.233333 1.266667 1.300000 1.333333</float_array>
          <technique_common>
            <accessor source="#Bip01_Pelvis-Matrix-animation-input-array" count="41">
              <param name="TIME" type="float"/>
            </accessor>
          </technique_common>
        </source>
        <source id="Bip01_Pelvis-Matrix-animation-output-transform">
          <float_array id="Bip01_Pelvis-Matrix-animation-output-transform-array" count="656">

-0.000000 1.000000 -0.000001 -0.035612 0.000000 0.000001 1.000000 0.000000 1.000000 0.000000 -0.000000 -0.000000 0.000000 0.000000 0.000000 1.000000
-0.000000 1.000000 -0.000002 -0.035612 -0.000000 0.000002 1.000000 0.000000 1.000000 0.000000 0.000000 0.000000 0.000000 0.000000 0.000000 1.000000
-0.000000 1.000000 -0.000003 -0.035612 -0.000000 0.000003 1.000000 0.000000 1.000000 0.000000 0.000000 0.000000 0.000000 0.000000 0.000000 1.000000
0.001449 0.999999 -0.000005 -0.035612 0.000698 0.000004 1.000000 0.000000 0.999999 -0.001449 -0.000698 -0.000000 0.000000 0.000000 0.000000 1.000000
0.001987 0.999998 -0.000006 -0.035612 0.000957 0.000004 1.000000 0.000000 0.999998 -0.001987 -0.000957 0.000000 0.000000 0.000000 0.000000 1.000000
0.002543 0.999997 -0.000008 -0.035612 0.001226 0.000005 0.999999 0.000000 0.999996 -0.002543 -0.001226 0.000000 0.000000 0.000000 0.000000 1.000000
0.003109 0.999995 -0.000010 -0.035612 0.001499 0.000006 0.999999 0.000000 0.999994 -0.003109 -0.001499 0.000000 0.000000 0.000000 0.000000 1.000000
0.003680 0.999993 -0.000012 -0.035612 0.001774 0.000006 0.999998 0.000000 0.999992 -0.003680 -0.001774 0.000000 0.000000 0.000000 0.000000 1.000000
0.004248 0.999991 -0.000014 -0.035612 0.002049 0.000006 0.999998 0.000000 0.999989 -0.004248 -0.002049 0.000000 0.000000 0.000000 0.000000 1.000000
0.004808 0.999989 -0.000017 -0.035612 0.002319 0.000006 0.999997 0.000000 0.999986 -0.004808 -0.002319 0.000000 0.000000 0.000000 0.000000 1.000000
0.005353 0.999986 -0.000019 -0.035612 0.002582 0.000006 0.999997 0.000000 0.999982 -0.005353 -0.002582 0.000000 0.000000 0.000000 0.000000 1.000000
0.005876 0.999983 -0.000022 -0.035612 0.002834 0.000005 0.999996 0.000000 0.999979 -0.005876 -0.002834 0.000000 0.000000 0.000000 0.000000 1.000000
0.006372 0.999980 -0.000024 -0.035612 0.003074 0.000005 0.999995 0.000000 0.999975 -0.006372 -0.003074 0.000000 0.000000 0.000000 0.000000 1.000000
0.006834 0.999977 -0.000027 -0.035612 0.003296 0.000004 0.999995 0.000000 0.999971 -0.006834 -0.003296 0.000000 0.000000 0.000000 0.000000 1.000000
0.007254 0.999974 -0.000029 -0.035612 0.003499 0.000004 0.999994 0.000000 0.999968 -0.007254 -0.003499 -0.000000 0.000000 0.000000 0.000000 1.000000
0.007628 0.999971 -0.000031 -0.035612 0.003680 0.000003 0.999993 0.000000 0.999964 -0.007628 -0.003680 0.000000 0.000000 0.000000 0.000000 1.000000
0.007948 0.999968 -0.000033 -0.035612 0.003834 0.000003 0.999993 0.000000 0.999961 -0.007948 -0.003834 -0.000000 0.000000 0.000000 0.000000 1.000000
0.008208 0.999966 -0.000034 -0.035612 0.003960 0.000002 0.999992 0.000000 0.999958 -0.008208 -0.003960 0.000000 0.000000 0.000000 0.000000 1.000000
0.008402 0.999965 -0.000036 -0.035612 0.004053 0.000002 0.999992 0.000000 0.999956 -0.008402 -0.004053 0.000000 0.000000 0.000000 0.000000 1.000000
0.008523 0.999964 -0.000037 -0.035612 0.004112 0.000002 0.999991 0.000000 0.999955 -0.008523 -0.004111 0.000000 0.000000 0.000000 0.000000 1.000000
0.008565 0.999963 -0.000037 -0.035612 0.004132 0.000001 0.999991 0.000000 0.999955 -0.008565 -0.004132 0.000000 0.000000 0.000000 0.000000 1.000000
0.008523 0.999964 -0.000036 -0.035612 0.004112 0.000001 0.999992 0.000000 0.999955 -0.008523 -0.004111 0.000000 0.000000 0.000000 0.000000 1.000000
0.008402 0.999965 -0.000036 -0.035612 0.004053 0.000002 0.999992 0.000000 0.999956 -0.008402 -0.004053 0.000000 0.000000 0.000000 0.000000 1.000000
0.008208 0.999966 -0.000034 -0.035612 0.003960 0.000002 0.999992 0.000000 0.999958 -0.008208 -0.003960 0.000000 0.000000 0.000000 0.000000 1.000000
0.007948 0.999968 -0.000033 -0.035612 0.003834 0.000003 0.999993 0.000000 0.999961 -0.007948 -0.003834 -0.000000 0.000000 0.000000 0.000000 1.000000
0.007628 0.999971 -0.000031 -0.035612 0.003680 0.000003 0.999993 0.000000 0.999964 -0.007628 -0.003680 0.000000 0.000000 0.000000 0.000000 1.000000
0.007254 0.999974 -0.000029 -0.035612 0.003499 0.000004 0.999994 0.000000 0.999968 -0.007254 -0.003499 -0.000000 0.000000 0.000000 0.000000 1.000000
0.006834 0.999977 -0.000027 -0.035612 0.003296 0.000004 0.999995 0.000000 0.999971 -0.006834 -0.003296 0.000000 0.000000 0.000000 0.000000 1.000000
0.006372 0.999980 -0.000024 -0.035612 0.003074 0.000005 0.999995 0.000000 0.999975 -0.006372 -0.003074 0.000000 0.000000 0.000000 0.000000 1.000000
0.005876 0.999983 -0.000022 -0.035612 0.002834 0.000005 0.999996 0.000000 0.999979 -0.005876 -0.002834 0.000000 0.000000 0.000000 0.000000 1.000000
0.005353 0.999986 -0.000019 -0.035612 0.002582 0.000006 0.999997 0.000000 0.999982 -0.005353 -0.002582 0.000000 0.000000 0.000000 0.000000 1.000000
0.004808 0.999988 -0.000017 -0.035612 0.002319 0.000006 0.999997 0.000000 0.999986 -0.004808 -0.002319 0.000000 0.000000 0.000000 0.000000 1.000000
0.004248 0.999991 -0.000014 -0.035612 0.002049 0.000006 0.999998 0.000000 0.999989 -0.004248 -0.002049 0.000000 0.000000 0.000000 0.000000 1.000000
0.003680 0.999993 -0.000012 -0.035612 0.001774 0.000006 0.999998 0.000000 0.999992 -0.003680 -0.001774 -0.000000 0.000000 0.000000 0.000000 1.000000
0.003109 0.999995 -0.000010 -0.035612 0.001499 0.000006 0.999999 0.000000 0.999994 -0.003109 -0.001499 -0.000000 0.000000 0.000000 0.000000 1.000000
0.002543 0.999997 -0.000008 -0.035612 0.001226 0.000005 0.999999 0.000000 0.999996 -0.002543 -0.001226 0.000000 0.000000 0.000000 0.000000 1.000000
0.001987 0.999998 -0.000006 -0.035612 0.000957 0.000004 1.000000 0.000000 0.999998 -0.001987 -0.000957 0.000000 0.000000 0.000000 0.000000 1.000000
0.001449 0.999999 -0.000005 -0.035612 0.000698 0.000004 1.000000 0.000000 0.999999 -0.001449 -0.000698 -0.000000 0.000000 0.000000 0.000000 1.000000
-0.000000 1.000000 -0.000003 -0.035612 0.000000 0.000003 1.000000 0.000000 1.000000 0.000000 -0.000000 0.000000 0.000000 0.000000 0.000000 1.000000
-0.000000 1.000000 -0.000002 -0.035612 0.000000 0.000002 1.000000 0.000000 1.000000 0.000000 -0.000000 0.000000 0.000000 0.000000 0.000000 1.000000
-0.000000 1.000000 -0.000001 -0.035612 0.000000 0.000001 1.000000 0.000000 1.000000 0.000000 -0.000000 0.000000 0.000000 0.000000 0.000000 1.000000</float_array>
          <technique_common>
            <accessor source="#Bip01_Pelvis-Matrix-animation-output-transform-array" count="41" stride="16">
              <param type="float4x4"/>
            </accessor>
          </technique_common>
        </source>
        <source id="Bip01_Pelvis-Interpolations">
          <Name_array id="Bip01_Pelvis-Interpolations-array" count="41">
 LINEAR LINEAR LINEAR LINEAR LINEAR LINEAR LINEAR LINEAR LINEAR LINEAR LINEAR
LINEAR LINEAR LINEAR LINEAR LINEAR LINEAR LINEAR LINEAR LINEAR LINEAR LINEAR LINEAR
LINEAR LINEAR LINEAR LINEAR LINEAR LINEAR LINEAR LINEAR LINEAR LINEAR LINEAR LINEAR
LINEAR LINEAR LINEAR LINEAR LINEAR LINEAR</Name_array>
          <technique_common>
            <accessor source="#Bip01_Pelvis-Interpolations-array" count="41">
              <param type="name"/>
            </accessor>
          </technique_common>
        </source>
        <sampler id="Bip01_Pelvis-Matrix-animation-transform">
          <input semantic="INPUT" source="#Bip01_Pelvis-Matrix-animation-input"/>
          <input semantic="OUTPUT" source="#Bip01_Pelvis-Matrix-animation-output-transform"/>
          <input semantic="INTERPOLATION" source="#Bip01_Pelvis-Interpolations"/>
        </sampler>
        <channel source="#Bip01_Pelvis-Matrix-animation-transform" target="Bip01_Pelvis/matrix"/>
      </animation>
    </animation>
    <animation id="Bip01_Spine-anim" name="Bip01_Spine">
      <animation>
        <source id="Bip01_Spine-Matrix-animation-input">
          <float_array id="Bip01_Spine-Matrix-animation-input-array" count="41">

0.000000 0.033333 0.066667 0.100000 0.133333 0.166667 0.200000 0.233333 0.266667 0.300000 0.333333 0.366667 0.400000 0.433333 0.466667 0.500000
0.533333 0.566667 0.600000 0.633333 0.666667 0.700000 0.733333 0.766667 0.800000 0.833333 0.866667 0.900000 0.933333 0.966667 1.000000 1.033333
1.066667 1.100000 1.133333 1.166667 1.200000 1.233333 1.266667 1.300000 1.333333</float_array>
          <technique_common>
            <accessor source="#Bip01_Spine-Matrix-animation-input-array" count="41">
              <param name="TIME" type="float"/>
            </accessor>
          </technique_common>
        </source>
        <source id="Bip01_Spine-Matrix-animation-output-transform">
          <float_array id="Bip01_Spine-Matrix-animation-output-transform-array" count="656">

0.992783 0.119925 -0.000001 0.098590 -0.119925 0.992783 0.000004 -0.000176 0.000002 -0.000004 1.000000 0.000000 0.000000 0.000000 0.000000 1.000000
0.992783 0.119925 0.000000 0.098590 -0.119925 0.992783 0.000030 -0.000220 0.000003 -0.000030 1.000000 -0.000021 0.000000 0.000000 0.000000 1.000000
0.992783 0.119925 0.000002 0.098590 -0.119925 0.992783 0.000059 -0.000268 0.000005 -0.000058 1.000000 -0.000044 0.000000 0.000000 0.000000 1.000000
0.992783 0.119925 0.000004 0.098590 -0.119925 0.992783 0.000089 -0.000319 0.000007 -0.000088 1.000000 -0.000069 0.000000 0.000000 0.000000 1.000000
0.992783 0.119925 0.000006 0.098589 -0.119925 0.992783 0.000120 -0.000372 0.000009 -0.000120 1.000000 -0.000094 0.000000 0.000000 0.000000 1.000000
0.992783 0.119925 0.000007 0.098589 -0.119925 0.992783 0.000152 -0.000427 0.000011 -0.000152 1.000000 -0.000121 0.000000 0.000000 0.000000 1.000000
0.992783 0.119925 0.000009 0.098589 -0.119925 0.992783 0.000185 -0.000483 0.000013 -0.000185 1.000000 -0.000148 0.000000 0.000000 0.000000 1.000000
0.992783 0.119925 0.000011 0.098589 -0.119924 0.992783 0.000219 -0.000539 0.000015 -0.000218 1.000000 -0.000175 0.000000 0.000000 0.000000 1.000000
0.992783 0.119924 0.000013 0.098589 -0.119924 0.992783 0.000252 -0.000595 0.000017 -0.000251 1.000000 -0.000202 0.000000 0.000000 0.000000 1.000000
0.992783 0.119924 0.000015 0.098588 -0.119924 0.992783 0.000284 -0.000650 0.000019 -0.000284 1.000000 -0.000229 0.000000 0.000000 0.000000 1.000000
0.992783 0.119924 0.000017 0.098588 -0.119924 0.992783 0.000316 -0.000704 0.000021 -0.000316 1.000000 -0.000255 0.000000 0.000000 0.000000 1.000000
0.992783 0.119924 0.000019 0.098588 -0.119924 0.992783 0.000346 -0.000756 0.000022 -0.000346 1.000000 -0.000279 0.000000 0.000000 0.000000 1.000000
0.992783 0.119924 0.000021 0.098587 -0.119924 0.992783 0.000375 -0.000805 0.000024 -0.000375 1.000000 -0.000303 0.000000 0.000000 0.000000 1.000000
0.992783 0.119924 0.000023 0.098587 -0.119924 0.992783 0.000402 -0.000850 0.000026 -0.000402 1.000000 -0.000325 0.000000 0.000000 0.000000 1.000000
0.992783 0.119924 0.000024 0.098586 -0.119924 0.992783 0.000427 -0.000892 0.000027 -0.000427 1.000000 -0.000345 0.000000 0.000000 0.000000 1.000000
0.992783 0.119924 0.000026 0.098586 -0.119924 0.992783 0.000449 -0.000928 0.000028 -0.000448 1.000000 -0.000363 0.000000 0.000000 0.000000 1.000000
0.992783 0.119924 0.000027 0.098586 -0.119924 0.992783 0.000467 -0.000960 0.000029 -0.000467 1.000000 -0.000378 0.000000 0.000000 0.000000 1.000000
0.992783 0.119924 0.000028 0.098586 -0.119924 0.992783 0.000482 -0.000986 0.000030 -0.000482 1.000000 -0.000390 0.000000 0.000000 0.000000 1.000000
0.992783 0.119924 0.000029 0.098585 -0.119924 0.992783 0.000494 -0.001005 0.000031 -0.000493 1.000000 -0.000400 0.000000 0.000000 0.000000 1.000000
0.992783 0.119924 0.000029 0.098585 -0.119924 0.992783 0.000501 -0.001017 0.000031 -0.000501 1.000000 -0.000405 0.000000 0.000000 0.000000 1.000000
0.992783 0.119924 0.000029 0.098585 -0.119924 0.992783 0.000503 -0.001021 0.000031 -0.000503 1.000000 -0.000407 0.000000 0.000000 0.000000 1.000000
0.992783 0.119924 0.000029 0.098585 -0.119924 0.992783 0.000501 -0.001017 0.000031 -0.000501 1.000000 -0.000405 0.000000 0.000000 0.000000 1.000000
0.992783 0.119924 0.000029 0.098585 -0.119924 0.992783 0.000494 -0.001005 0.000031 -0.000493 1.000000 -0.000400 0.000000 0.000000 0.000000 1.000000
0.992783 0.119924 0.000028 0.098586 -0.119924 0.992783 0.000482 -0.000986 0.000030 -0.000482 1.000000 -0.000390 0.000000 0.000000 0.000000 1.000000
0.992783 0.119924 0.000027 0.098586 -0.119924 0.992783 0.000467 -0.000960 0.000029 -0.000467 1.000000 -0.000378 0.000000 0.000000 0.000000 1.000000
0.992783 0.119924 0.000026 0.098586 -0.119924 0.992783 0.000449 -0.000928 0.000028 -0.000448 1.000000 -0.000363 0.000000 0.000000 0.000000 1.000000
0.992783 0.119924 0.000024 0.098586 -0.119924 0.992783 0.000427 -0.000892 0.000027 -0.000427 1.000000 -0.000345 0.000000 0.000000 0.000000 1.000000
0.992783 0.119924 0.000023 0.098587 -0.119924 0.992783 0.000402 -0.000850 0.000026 -0.000402 1.000000 -0.000325 0.000000 0.000000 0.000000 1.000000
0.992783 0.119924 0.000021 0.098587 -0.119924 0.992783 0.000375 -0.000805 0.000024 -0.000375 1.000000 -0.000303 0.000000 0.000000 0.000000 1.000000
0.992783 0.119924 0.000019 0.098588 -0.119924 0.992783 0.000346 -0.000756 0.000022 -0.000346 1.000000 -0.000279 0.000000 0.000000 0.000000 1.000000
0.992783 0.119924 0.000017 0.098588 -0.119924 0.992783 0.000316 -0.000704 0.000021 -0.000316 1.000000 -0.000255 0.000000 0.000000 0.000000 1.000000
0.992783 0.119924 0.000015 0.098588 -0.119924 0.992783 0.000284 -0.000650 0.000019 -0.000284 1.000000 -0.000229 0.000000 0.000000 0.000000 1.000000
0.992783 0.119924 0.000013 0.098589 -0.119924 0.992783 0.000252 -0.000595 0.000017 -0.000251 1.000000 -0.000202 0.000000 0.000000 0.000000 1.000000
0.992783 0.119925 0.000011 0.098589 -0.119924 0.992783 0.000219 -0.000539 0.000015 -0.000218 1.000000 -0.000175 0.000000 0.000000 0.000000 1.000000
0.992783 0.119925 0.000009 0.098589 -0.119925 0.992783 0.000185 -0.000483 0.000013 -0.000185 1.000000 -0.000148 0.000000 0.000000 0.000000 1.000000
0.992783 0.119925 0.000007 0.098589 -0.119925 0.992783 0.000152 -0.000427 0.000011 -0.000152 1.000000 -0.000121 0.000000 0.000000 0.000000 1.000000
0.992783 0.119925 0.000006 0.098589 -0.119925 0.992783 0.000120 -0.000372 0.000009 -0.000120 1.000000 -0.000094 0.000000 0.000000 0.000000 1.000000
0.992783 0.119925 0.000004 0.098589 -0.119925 0.992783 0.000089 -0.000319 0.000007 -0.000088 1.000000 -0.000069 0.000000 0.000000 0.000000 1.000000
0.992783 0.119925 0.000002 0.098590 -0.119925 0.992783 0.000059 -0.000268 0.000005 -0.000058 1.000000 -0.000044 0.000000 0.000000 0.000000 1.000000
0.992783 0.119925 0.000000 0.098590 -0.119925 0.992783 0.000030 -0.000220 0.000003 -0.000030 1.000000 -0.000021 0.000000 0.000000 0.000000 1.000000
0.992783 0.119925 -0.000001 0.098590 -0.119925 0.992783 0.000004 -0.000176 0.000002 -0.000004 1.000000 0.000000 0.000000 0.000000 0.000000 1.000000</float_array>
          <technique_common>
            <accessor source="#Bip01_Spine-Matrix-animation-output-transform-array" count="41" stride="16">
              <param type="float4x4"/>
            </accessor>
          </technique_common>
        </source>
        <source id="Bip01_Spine-Interpolations">
          <Name_array id="Bip01_Spine-Interpolations-array" count="41">
 LINEAR LINEAR LINEAR LINEAR LINEAR LINEAR LINEAR LINEAR LINEAR LINEAR LINEAR
LINEAR LINEAR LINEAR LINEAR LINEAR LINEAR LINEAR LINEAR LINEAR LINEAR LINEAR LINEAR
LINEAR LINEAR LINEAR LINEAR LINEAR LINEAR LINEAR LINEAR LINEAR LINEAR LINEAR LINEAR
LINEAR LINEAR LINEAR LINEAR LINEAR LINEAR</Name_array>
          <technique_common>
            <accessor source="#Bip01_Spine-Interpolations-array" count="41">
              <param type="name"/>
            </accessor>
          </technique_common>
        </source>
        <sampler id="Bip01_Spine-Matrix-animation-transform">
          <input semantic="INPUT" source="#Bip01_Spine-Matrix-animation-input"/>
          <input semantic="OUTPUT" source="#Bip01_Spine-Matrix-animation-output-transform"/>
          <input semantic="INTERPOLATION" source="#Bip01_Spine-Interpolations"/>
        </sampler>
        <channel source="#Bip01_Spine-Matrix-animation-transform" target="Bip01_Spine/matrix"/>
      </animation>
    </animation>
    <animation id="Bip01_Spine1-anim" name="Bip01_Spine1">
      <animation>
        <source id="Bip01_Spine1-Matrix-animation-input">
          <float_array id="Bip01_Spine1-Matrix-animation-input-array" count="41">

0.000000 0.033333 0.066667 0.100000 0.133333 0.166667 0.200000 0.233333 0.266667 0.300000 0.333333 0.366667 0.400000 0.433333 0.466667 0.500000
0.533333 0.566667 0.600000 0.633333 0.666667 0.700000 0.733333 0.766667 0.800000 0.833333 0.866667 0.900000 0.933333 0.966667 1.000000 1.033333
1.066667 1.100000 1.133333 1.166667 1.200000 1.233333 1.266667 1.300000 1.333333</float_array>
          <technique_common>
            <accessor source="#Bip01_Spine1-Matrix-animation-input-array" count="41">
              <param name="TIME" type="float"/>
            </accessor>
          </technique_common>
        </source>
        <source id="Bip01_Spine1-Matrix-animation-output-transform">
          <float_array id="Bip01_Spine1-Matrix-animation-output-transform-array" count="656">

0.996195 0.087156 0.000000 0.222932 -0.087156 0.996195 -0.000000 -0.000177 -0.000000 -0.000000 1.000000 -0.000000 0.000000 0.000000 0.000000 1.000000
0.996234 0.086709 -0.000215 0.222931 -0.086709 0.996234 0.000018 -0.000177 0.000216 0.000001 1.000000 -0.000000 0.000000 0.000000 0.000000 1.000000
0.996276 0.086226 -0.000449 0.222931 -0.086226 0.996276 0.000037 -0.000177 0.000450 0.000001 1.000000 -0.000000 0.000000 0.000000 0.000000 1.000000
0.996320 0.085713 -0.000696 0.222931 -0.085713 0.996320 0.000058 -0.000177 0.000699 0.000002 1.000000 -0.000000 0.000000 0.000000 0.000000 1.000000
0.996365 0.085176 -0.000955 0.222932 -0.085176 0.996366 0.000079 -0.000177 0.000959 0.000002 1.000000 -0.000000 0.000000 0.000000 0.000000 1.000000
0.996412 0.084623 -0.001223 0.222932 -0.084622 0.996413 0.000101 -0.000177 0.001227 0.000003 0.999999 -0.000000 0.000000 0.000000 0.000000 1.000000
0.996460 0.084058 -0.001495 0.222932 -0.084058 0.996461 0.000123 -0.000177 0.001500 0.000003 0.999999 -0.000000 0.000000 0.000000 0.000000 1.000000
0.996507 0.083490 -0.001770 0.222932 -0.083489 0.996509 0.000145 -0.000177 0.001775 0.000003 0.999999 -0.000000 0.000000 0.000000 0.000000 1.000000
0.996554 0.082923 -0.002043 0.222932 -0.082923 0.996556 0.000167 -0.000177 0.002050 0.000003 0.999998 -0.000000 0.000000 0.000000 0.000000 1.000000
0.996600 0.082365 -0.002312 0.222932 -0.082365 0.996602 0.000189 -0.000177 0.002320 0.000003 0.999997 -0.000000 0.000000 0.000000 0.000000 1.000000
0.996644 0.081822 -0.002574 0.222932 -0.081822 0.996647 0.000209 -0.000177 0.002583 0.000002 0.999997 -0.000000 0.000000 0.000000 0.000000 1.000000
0.996686 0.081300 -0.002826 0.222932 -0.081300 0.996690 0.000229 -0.000177 0.002836 0.000002 0.999996 -0.000000 0.000000 0.000000 0.000000 1.000000
0.996725 0.080806 -0.003065 0.222932 -0.080806 0.996730 0.000248 -0.000177 0.003075 0.000001 0.999995 -0.000000 0.000000 0.000000 0.000000 1.000000
0.996762 0.080346 -0.003287 0.222932 -0.080346 0.996767 0.000265 -0.000177 0.003297 0.000000 0.999995 -0.000000 0.000000 0.000000 0.000000 1.000000
0.996795 0.079927 -0.003489 0.222933 -0.079926 0.996801 0.000280 -0.000177 0.003501 -0.000001 0.999994 -0.000000 0.000000 0.000000 0.000000 1.000000
0.996824 0.079554 -0.003669 0.222932 -0.079554 0.996831 0.000294 -0.000177 0.003681 -0.000001 0.999993 -0.000000 0.000000 0.000000 0.000000 1.000000
0.996849 0.079235 -0.003823 0.222933 -0.079235 0.996856 0.000306 -0.000177 0.003835 -0.000002 0.999993 -0.000000 0.000000 0.000000 0.000000 1.000000
0.996869 0.078976 -0.003948 0.222933 -0.078975 0.996877 0.000315 -0.000177 0.003961 -0.000002 0.999992 0.000000 0.000000 0.000000 0.000000 1.000000
0.996884 0.078783 -0.004042 0.222933 -0.078782 0.996892 0.000322 -0.000177 0.004054 -0.000003 0.999992 0.000000 0.000000 0.000000 0.000000 1.000000
0.996893 0.078662 -0.004100 0.222933 -0.078661 0.996901 0.000327 -0.000177 0.004113 -0.000003 0.999992 -0.000000 0.000000 0.000000 0.000000 1.000000
0.996896 0.078620 -0.004120 0.222933 -0.078620 0.996905 0.000328 -0.000177 0.004133 -0.000003 0.999991 -0.000000 0.000000 0.000000 0.000000 1.000000
0.996893 0.078662 -0.004100 0.222933 -0.078661 0.996901 0.000327 -0.000177 0.004113 -0.000003 0.999992 -0.000000 0.000000 0.000000 0.000000 1.000000
0.996884 0.078783 -0.004042 0.222933 -0.078782 0.996892 0.000322 -0.000177 0.004054 -0.000003 0.999992 -0.000000 0.000000 0.000000 0.000000 1.000000
0.996869 0.078976 -0.003948 0.222933 -0.078975 0.996877 0.000315 -0.000177 0.003961 -0.000002 0.999992 -0.000000 0.000000 0.000000 0.000000 1.000000
0.996849 0.079235 -0.003823 0.222933 -0.079235 0.996856 0.000306 -0.000177 0.003835 -0.000002 0.999993 -0.000000 0.000000 0.000000 0.000000 1.000000
0.996824 0.079554 -0.003669 0.222932 -0.079554 0.996831 0.000294 -0.000177 0.003681 -0.000001 0.999993 -0.000000 0.000000 0.000000 0.000000 1.000000
0.996795 0.079927 -0.003489 0.222933 -0.079926 0.996801 0.000280 -0.000177 0.003501 -0.000001 0.999994 -0.000000 0.000000 0.000000 0.000000 1.000000
0.996762 0.080346 -0.003287 0.222932 -0.080346 0.996767 0.000265 -0.000177 0.003297 0.000000 0.999995 -0.000000 0.000000 0.000000 0.000000 1.000000
0.996725 0.080806 -0.003065 0.222932 -0.080806 0.996730 0.000248 -0.000177 0.003075 0.000001 0.999995 -0.000000 0.000000 0.000000 0.000000 1.000000
0.996686 0.081300 -0.002826 0.222932 -0.081300 0.996690 0.000229 -0.000177 0.002836 0.000002 0.999996 -0.000000 0.000000 0.000000 0.000000 1.000000
0.996644 0.081822 -0.002574 0.222932 -0.081822 0.996647 0.000209 -0.000177 0.002583 0.000002 0.999997 -0.000000 0.000000 0.000000 0.000000 1.000000
0.996599 0.082365 -0.002312 0.222932 -0.082365 0.996602 0.000189 -0.000177 0.002320 0.000003 0.999997 -0.000000 0.000000 0.000000 0.000000 1.000000
0.996554 0.082923 -0.002043 0.222932 -0.082923 0.996556 0.000167 -0.000177 0.002050 0.000003 0.999998 -0.000000 0.000000 0.000000 0.000000 1.000000
0.996507 0.083490 -0.001770 0.222932 -0.083489 0.996509 0.000145 -0.000177 0.001775 0.000003 0.999999 -0.000000 0.000000 0.000000 0.000000 1.000000
0.996460 0.084058 -0.001495 0.222932 -0.084058 0.996461 0.000123 -0.000177 0.001500 0.000003 0.999999 -0.000000 0.000000 0.000000 0.000000 1.000000
0.996412 0.084623 -0.001223 0.222932 -0.084622 0.996413 0.000101 -0.000177 0.001227 0.000003 0.999999 -0.000000 0.000000 0.000000 0.000000 1.000000
0.996365 0.085176 -0.000955 0.222932 -0.085176 0.996366 0.000079 -0.000177 0.000959 0.000002 1.000000 -0.000000 0.000000 0.000000 0.000000 1.000000
0.996320 0.085713 -0.000696 0.222932 -0.085713 0.996320 0.000058 -0.000177 0.000699 0.000002 1.000000 -0.000000 0.000000 0.000000 0.000000 1.000000
0.996276 0.086226 -0.000449 0.222931 -0.086226 0.996276 0.000037 -0.000177 0.000450 0.000001 1.000000 -0.000000 0.000000 0.000000 0.000000 1.000000
0.996234 0.086709 -0.000215 0.222931 -0.086709 0.996234 0.000018 -0.000177 0.000216 0.000001 1.000000 -0.000000 0.000000 0.000000 0.000000 1.000000
0.996195 0.087156 0.000000 0.222932 -0.087156 0.996195 -0.000000 -0.000177 -0.000000 -0.000000 1.000000 -0.000000 0.000000 0.000000 0.000000 1.000000</float_array>
          <technique_common>
            <accessor source="#Bip01_Spine1-Matrix-animation-output-transform-array" count="41" stride="16">
              <param type="float4x4"/>
            </accessor>
          </technique_common>
        </source>
        <source id="Bip01_Spine1-Interpolations">
          <Name_array id="Bip01_Spine1-Interpolations-array" count="41">
 LINEAR LINEAR LINEAR LINEAR LINEAR LINEAR LINEAR LINEAR LINEAR LINEAR LINEAR
LINEAR LINEAR LINEAR LINEAR LINEAR LINEAR LINEAR LINEAR LINEAR LINEAR LINEAR LINEAR
LINEAR LINEAR LINEAR LINEAR LINEAR LINEAR LINEAR LINEAR LINEAR LINEAR LINEAR LINEAR
LINEAR LINEAR LINEAR LINEAR LINEAR LINEAR</Name_array>
          <technique_common>
            <accessor source="#Bip01_Spine1-Interpolations-array" count="41">
              <param type="name"/>
            </accessor>
          </technique_common>
        </source>
        <sampler id="Bip01_Spine1-Matrix-animation-transform">
          <input semantic="INPUT" source="#Bip01_Spine1-Matrix-animation-input"/>
          <input semantic="OUTPUT" source="#Bip01_Spine1-Matrix-animation-output-transform"/>
          <input semantic="INTERPOLATION" source="#Bip01_Spine1-Interpolations"/>
        </sampler>
        <channel source="#Bip01_Spine1-Matrix-animation-transform" target="Bip01_Spine1/matrix"/>
      </animation>
    </animation>
    <animation id="Bip01_Neck-anim" name="Bip01_Neck">
      <animation>
        <source id="Bip01_Neck-Matrix-animation-input">
          <float_array id="Bip01_Neck-Matrix-animation-input-array" count="41">

0.000000 0.033333 0.066667 0.100000 0.133333 0.166667 0.200000 0.233333 0.266667 0.300000 0.333333 0.366667 0.400000 0.433333 0.466667 0.500000
0.533333 0.566667 0.600000 0.633333 0.666667 0.700000 0.733333 0.766667 0.800000 0.833333 0.866667 0.900000 0.933333 0.966667 1.000000 1.033333
1.066667 1.100000 1.133333 1.166667 1.200000 1.233333 1.266667 1.300000 1.333333</float_array>
          <technique_common>
            <accessor source="#Bip01_Neck-Matrix-animation-input-array" count="41">
              <param name="TIME" type="float"/>
            </accessor>
          </technique_common>
        </source>
        <source id="Bip01_Neck-Matrix-animation-output-transform">
          <float_array id="Bip01_Neck-Matrix-animation-output-transform-array" count="656">

0.984808 -0.173648 -0.000000 0.222962 0.173648 0.984808 -0.000000 -0.000088 0.000000 -0.000000 1.000000 -0.000000 0.000000 0.000000 0.000000 1.000000
0.984730 -0.174090 -0.000214 0.222962 0.174090 0.984730 -0.000038 -0.000088 0.000217 0.000001 1.000000 -0.000000 0.000000 0.000000 0.000000 1.000000
0.984645 -0.174568 -0.000444 0.222962 0.174567 0.984645 -0.000080 -0.000088 0.000451 0.000001 1.000000 -0.000000 0.000000 0.000000 0.000000 1.000000
0.984555 -0.175075 -0.000688 0.222962 0.175074 0.984555 -0.000124 -0.000088 0.000699 0.000002 1.000000 -0.000000 0.000000 0.000000 0.000000 1.000000
0.984460 -0.175605 -0.000944 0.222962 0.175605 0.984461 -0.000171 -0.000088 0.000959 0.000002 1.000000 -0.000000 0.000000 0.000000 0.000000 1.000000
0.984362 -0.176152 -0.001208 0.222962 0.176152 0.984363 -0.000219 -0.000088 0.001228 0.000003 0.999999 -0.000000 0.000000 0.000000 0.000000 1.000000
0.984262 -0.176709 -0.001477 0.222963 0.176709 0.984263 -0.000268 -0.000088 0.001501 0.000003 0.999999 -0.000000 0.000000 0.000000 0.000000 1.000000
0.984161 -0.177271 -0.001748 0.222962 0.177270 0.984162 -0.000318 -0.000088 0.001776 0.000003 0.999999 0.000000 0.000000 0.000000 0.000000 1.000000
0.984059 -0.177830 -0.002017 0.222963 0.177830 0.984061 -0.000367 -0.000088 0.002051 0.000003 0.999998 -0.000000 0.000000 0.000000 0.000000 1.000000
0.983959 -0.178381 -0.002283 0.222963 0.178381 0.983961 -0.000416 -0.000088 0.002321 0.000002 0.999997 0.000000 0.000000 0.000000 0.000000 1.000000
0.983861 -0.178917 -0.002542 0.222963 0.178917 0.983864 -0.000464 -0.000088 0.002584 0.000002 0.999997 -0.000000 0.000000 0.000000 0.000000 1.000000
0.983766 -0.179432 -0.002790 0.222963 0.179432 0.983770 -0.000510 -0.000088 0.002836 0.000002 0.999996 -0.000000 0.000000 0.000000 0.000000 1.000000
0.983677 -0.179920 -0.003025 0.222963 0.179919 0.983681 -0.000554 -0.000088 0.003076 0.000001 0.999995 0.000000 0.000000 0.000000 0.000000 1.000000
0.983593 -0.180374 -0.003244 0.222963 0.180373 0.983598 -0.000595 -0.000088 0.003298 0.000000 0.999995 -0.000000 0.000000 0.000000 0.000000 1.000000
0.983516 -0.180788 -0.003444 0.222963 0.180787 0.983522 -0.000632 -0.000088 0.003501 -0.000001 0.999994 -0.000000 0.000000 0.000000 0.000000 1.000000
0.983448 -0.181155 -0.003621 0.222963 0.181154 0.983455 -0.000666 -0.000088 0.003682 -0.000001 0.999993 0.000000 0.000000 0.000000 0.000000 1.000000
0.983389 -0.181470 -0.003773 0.222963 0.181469 0.983396 -0.000694 -0.000088 0.003836 -0.000002 0.999993 0.000000 0.000000 0.000000 0.000000 1.000000
0.983341 -0.181726 -0.003896 0.222963 0.181724 0.983349 -0.000717 -0.000088 0.003962 -0.000002 0.999992 0.000000 0.000000 0.000000 0.000000 1.000000
0.983306 -0.181916 -0.003988 0.222963 0.181915 0.983314 -0.000735 -0.000088 0.004055 -0.000003 0.999992 -0.000000 0.000000 0.000000 0.000000 1.000000
0.983284 -0.182035 -0.004045 0.222963 0.182034 0.983292 -0.000746 -0.000088 0.004113 -0.000003 0.999992 -0.000000 0.000000 0.000000 0.000000 1.000000
0.983276 -0.182076 -0.004065 0.222963 0.182075 0.983284 -0.000749 -0.000088 0.004134 -0.000003 0.999992 0.000000 0.000000 0.000000 0.000000 1.000000
0.983284 -0.182035 -0.004045 0.222963 0.182034 0.983292 -0.000746 -0.000088 0.004113 -0.000003 0.999992 0.000000 0.000000 0.000000 0.000000 1.000000
0.983306 -0.181916 -0.003988 0.222963 0.181915 0.983314 -0.000735 -0.000088 0.004055 -0.000003 0.999992 -0.000000 0.000000 0.000000 0.000000 1.000000
0.983342 -0.181726 -0.003896 0.222963 0.181724 0.983349 -0.000717 -0.000088 0.003962 -0.000002 0.999992 0.000000 0.000000 0.000000 0.000000 1.000000
0.983389 -0.181470 -0.003773 0.222963 0.181469 0.983396 -0.000694 -0.000088 0.003836 -0.000002 0.999993 0.000000 0.000000 0.000000 0.000000 1.000000
0.983448 -0.181155 -0.003621 0.222963 0.181154 0.983455 -0.000666 -0.000088 0.003682 -0.000001 0.999993 0.000000 0.000000 0.000000 0.000000 1.000000
0.983516 -0.180788 -0.003444 0.222963 0.180787 0.983522 -0.000632 -0.000088 0.003501 -0.000001 0.999994 -0.000000 0.000000 0.000000 0.000000 1.000000
0.983593 -0.180374 -0.003244 0.222963 0.180373 0.983598 -0.000595 -0.000088 0.003298 0.000000 0.999995 -0.000000 0.000000 0.000000 0.000000 1.000000
0.983677 -0.179920 -0.003025 0.222963 0.179919 0.983681 -0.000554 -0.000088 0.003076 0.000001 0.999995 -0.000000 0.000000 0.000000 0.000000 1.000000
0.983766 -0.179432 -0.002790 0.222963 0.179432 0.983770 -0.000510 -0.000088 0.002836 0.000002 0.999996 -0.000000 0.000000 0.000000 0.000000 1.000000
0.983861 -0.178917 -0.002542 0.222963 0.178917 0.983864 -0.000464 -0.000088 0.002584 0.000002 0.999997 -0.000000 0.000000 0.000000 0.000000 1.000000
