<?xml version="1.0" encoding="utf-8"?>
<COLLADA xmlns="http://www.collada.org/2005/11/COLLADASchema" version="1.4.0">
  <asset>
    <contributor>
      <author></author>
      <authoring_tool>FBX COLLADA exporter</authoring_tool>
      <comments></comments>
    </contributor>
    <created>2010-07-11T11:37:12Z</created>
    <modified>2010-07-11T11:37:12Z</modified>
    <revision></revision>
    <title></title>
    <subject></subject>
    <keywords></keywords>
    <unit meter="1.000000"/>
    <up_axis>Y_UP</up_axis>
  </asset>
  <library_animations>
    <animation id="Bip01-anim" name="Bip01">
      <animation>
        <source id="Bip01-Matrix-animation-input">
          <float_array id="Bip01-Matrix-animation-input-array" count="21">

0.000000 0.033333 0.066667 0.100000 0.133333 0.166667 0.200000 0.233333 0.266667 0.300000 0.333333 0.366667 0.400000 0.433333 0.466667 0.500000
0.533333 0.566667 0.600000 0.633333 0.666667</float_array>
          <technique_common>
            <accessor source="#Bip01-Matrix-animation-input-array" count="21">
              <param name="TIME" type="float"/>
            </accessor>
          </technique_common>
        </source>
        <source id="Bip01-Matrix-animation-output-transform">
          <float_array id="Bip01-Matrix-animation-output-transform-array" count="336">

0.000000 0.000000 -1.000000 -0.975783 -0.000000 1.000000 0.000000 0.000000 1.000000 -0.000000 0.000000 0.037619 0.000000 0.000000 0.000000 1.000000
0.000000 -0.000016 -1.000000 -0.975783 -0.002852 0.999996 -0.000016 0.000000 0.999996 0.002852 -0.000000 0.037619 0.000000 0.000000 0.000000 1.000000
0.000000 -0.000008 -1.000000 -0.975783 -0.006073 0.999982 -0.000008 0.000000 0.999982 0.006073 -0.000000 0.037619 0.000000 0.000000 0.000000 1.000000
0.000000 -0.000005 -1.000000 -0.975783 -0.009502 0.999955 -0.000005 0.000000 0.999955 0.009502 -0.000000 0.037619 0.000000 0.000000 0.000000 1.000000
0.000000 -0.000003 -1.000000 -0.975783 -0.012984 0.999916 -0.000003 0.000000 0.999916 0.012984 -0.000000 0.037619 0.000000 0.000000 0.000000 1.000000
0.000000 -0.000003 -1.000000 -0.975783 -0.016361 0.999866 -0.000003 0.000000 0.999866 0.016361 -0.000000 0.037619 0.000000 0.000000 0.000000 1.000000
0.000000 -0.000002 -1.000000 -0.975783 -0.019476 0.999810 -0.000002 0.000000 0.999810 0.019476 -0.000000 0.037619 0.000000 0.000000 0.000000 1.000000
0.000000 -0.000002 -1.000000 -0.975783 -0.022173 0.999754 -0.000002 0.000000 0.999754 0.022173 -0.000000 0.037619 0.000000 0.000000 0.000000 1.000000
0.000000 -0.000002 -1.000000 -0.975783 -0.024293 0.999705 -0.000002 0.000000 0.999705 0.024293 -0.000000 0.037619 0.000000 0.000000 0.000000 1.000000
0.000000 -0.000002 -1.000000 -0.975783 -0.025680 0.999670 -0.000002 0.000000 0.999670 0.025680 -0.000000 0.037619 0.000000 0.000000 0.000000 1.000000
0.000000 -0.000002 -1.000000 -0.975783 -0.026177 0.999657 -0.000002 0.000000 0.999657 0.026177 -0.000000 0.037619 0.000000 0.000000 0.000000 1.000000
0.000000 -0.000002 -1.000000 -0.975783 -0.025680 0.999670 -0.000002 0.000000 0.999670 0.025680 -0.000000 0.037619 0.000000 0.000000 0.000000 1.000000
0.000000 -0.000002 -1.000000 -0.975783 -0.024293 0.999705 -0.000002 0.000000 0.999705 0.024293 -0.000000 0.037619 0.000000 0.000000 0.000000 1.000000
0.000000 -0.000002 -1.000000 -0.975783 -0.022172 0.999754 -0.000002 0.000000 0.999754 0.022172 -0.000000 0.037619 0.000000 0.000000 0.000000 1.000000
0.000000 -0.000002 -1.000000 -0.975783 -0.019476 0.999810 -0.000002 0.000000 0.999810 0.019476 -0.000000 0.037619 0.000000 0.000000 0.000000 1.000000
0.000000 -0.000003 -1.000000 -0.975783 -0.016361 0.999866 -0.000003 0.000000 0.999866 0.016361 -0.000000 0.037619 0.000000 0.000000 0.000000 1.000000
0.000000 -0.000003 -1.000000 -0.975783 -0.012984 0.999916 -0.000003 0.000000 0.999916 0.012984 -0.000000 0.037619 0.000000 0.000000 0.000000 1.000000
0.000000 -0.000005 -1.000000 -0.975783 -0.009502 0.999955 -0.000005 0.000000 0.999955 0.009502 -0.000000 0.037619 0.000000 0.000000 0.000000 1.000000
0.000000 -0.000008 -1.000000 -0.975783 -0.006073 0.999982 -0.000008 0.000000 0.999982 0.006073 -0.000000 0.037619 0.000000 0.000000 0.000000 1.000000
0.000000 -0.000016 -1.000000 -0.975783 -0.002852 0.999996 -0.000016 0.000000 0.999996 0.002852 -0.000000 0.037619 0.000000 0.000000 0.000000 1.000000
0.000000 0.000000 -1.000000 -0.975783 -0.000000 1.000000 -0.000000 0.000000 1.000000 0.000000 0.000000 0.037619 0.000000 0.000000 0.000000 1.000000</float_array>
          <technique_common>
            <accessor source="#Bip01-Matrix-animation-output-transform-array" count="21" stride="16">
              <param type="float4x4"/>
            </accessor>
          </technique_common>
        </source>
        <source id="Bip01-Interpolations">
          <Name_array id="Bip01-Interpolations-array" count="21">
 LINEAR LINEAR LINEAR LINEAR LINEAR LINEAR LINEAR LINEAR LINEAR LINEAR LINEAR
LINEAR LINEAR LINEAR LINEAR LINEAR LINEAR LINEAR LINEAR LINEAR LINEAR</Name_array>
          <technique_common>
            <accessor source="#Bip01-Interpolations-array" count="21">
              <param type="name"/>
            </accessor>
          </technique_common>
        </source>
        <sampler id="Bip01-Matrix-animation-transform">
          <input semantic="INPUT" source="#Bip01-Matrix-animation-input"/>
          <input semantic="OUTPUT" source="#Bip01-Matrix-animation-output-transform"/>
          <input semantic="INTERPOLATION" source="#Bip01-Interpolations"/>
        </sampler>
        <channel source="#Bip01-Matrix-animation-transform" target="Bip01/matrix"/>
      </animation>
    </animation>
    <animation id="Bip01_Pelvis-anim" name="Bip01_Pelvis">
      <animation>
        <source id="Bip01_Pelvis-Matrix-animation-input">
          <float_array id="Bip01_Pelvis-Matrix-animation-input-array" count="21">

0.000000 0.033333 0.066667 0.100000 0.133333 0.166667 0.200000 0.233333 0.266667 0.300000 0.333333 0.366667 0.400000 0.433333 0.466667 0.500000
0.533333 0.566667 0.600000 0.633333 0.666667</float_array>
          <technique_common>
            <accessor source="#Bip01_Pelvis-Matrix-animation-input-array" count="21">
              <param name="TIME" type="float"/>
            </accessor>
          </technique_common>
        </source>
        <source id="Bip01_Pelvis-Matrix-animation-output-transform">
          <float_array id="Bip01_Pelvis-Matrix-animation-output-transform-array" count="336">

0.103070 0.991188 -0.083201 -0.035612 -0.045190 0.088227 0.995075 0.000000 0.993647 -0.098803 0.053886 -0.000000 0.000000 0.000000 0.000000 1.000000
0.101644 0.990546 -0.092129 -0.035612 -0.043768 0.096972 0.994324 0.000000 0.993857 -0.097035 0.053211 0.000000 0.000000 0.000000 0.000000 1.000000
0.100020 0.989723 -0.102193 -0.035612 -0.042179 0.106834 0.993382 0.000000 0.994091 -0.095047 0.052431 0.000000 0.000000 0.000000 0.000000 1.000000
0.098272 0.988735 -0.112899 -0.035612 -0.040504 0.117329 0.992267 0.000000 0.994335 -0.092939 0.051578 0.000000 0.000000 0.000000 0.000000 1.000000
0.096478 0.987612 -0.123754 -0.035612 -0.038823 0.127974 0.991017 0.000000 0.994578 -0.090807 0.050688 0.000000 0.000000 0.000000 0.000000 1.000000
0.094720 0.986408 -0.134267 -0.035612 -0.037210 0.138288 0.989693 0.000000 0.994808 -0.088748 0.049803 0.000000 0.000000 0.000000 0.000000 1.000000
0.093084 0.985197 -0.143951 -0.035612 -0.035739 0.147791 0.988373 0.000000 0.995017 -0.086857 0.048967 -0.000000 0.000000 0.000000 0.000000 1.000000
0.091655 0.984072 -0.152320 -0.035612 -0.034479 0.156009 0.987154 0.000000 0.995194 -0.085226 0.048228 0.000000 0.000000 0.000000 0.000000 1.000000
0.090524 0.983137 -0.158894 -0.035612 -0.033496 0.162465 0.986146 0.000000 0.995331 -0.083948 0.047638 0.000000 0.000000 0.000000 0.000000 1.000000
0.089781 0.982501 -0.163191 -0.035612 -0.032856 0.166686 0.985462 0.000000 0.995419 -0.083114 0.047247 0.000000 0.000000 0.000000 0.000000 1.000000
0.089513 0.982268 -0.164731 -0.035612 -0.032628 0.168198 0.985213 0.000000 0.995451 -0.082815 0.047106 0.000000 0.000000 0.000000 0.000000 1.000000
0.089781 0.982501 -0.163191 -0.035612 -0.032856 0.166686 0.985462 0.000000 0.995419 -0.083114 0.047247 -0.000000 0.000000 0.000000 0.000000 1.000000
0.090524 0.983137 -0.158894 -0.035612 -0.033496 0.162465 0.986146 0.000000 0.995331 -0.083948 0.047638 0.000000 0.000000 0.000000 0.000000 1.000000
0.091655 0.984072 -0.152320 -0.035612 -0.034479 0.156009 0.987154 0.000000 0.995194 -0.085226 0.048228 0.000000 0.000000 0.000000 0.000000 1.000000
0.093084 0.985197 -0.143951 -0.035612 -0.035739 0.147791 0.988373 0.000000 0.995017 -0.086857 0.048967 -0.000000 0.000000 0.000000 0.000000 1.000000
0.094720 0.986408 -0.134267 -0.035612 -0.037210 0.138288 0.989693 0.000000 0.994808 -0.088748 0.049803 0.000000 0.000000 0.000000 0.000000 1.000000
0.096478 0.987612 -0.123754 -0.035612 -0.038823 0.127974 0.991017 0.000000 0.994578 -0.090807 0.050688 -0.000000 0.000000 0.000000 0.000000 1.000000
0.098272 0.988735 -0.112899 -0.035612 -0.040504 0.117329 0.992267 0.000000 0.994335 -0.092939 0.051578 0.000000 0.000000 0.000000 0.000000 1.000000
0.100020 0.989723 -0.102193 -0.035612 -0.042179 0.106834 0.993382 0.000000 0.994091 -0.095047 0.052431 0.000000 0.000000 0.000000 0.000000 1.000000
0.101644 0.990546 -0.092129 -0.035612 -0.043768 0.096972 0.994324 0.000000 0.993857 -0.097035 0.053211 0.000000 0.000000 0.000000 0.000000 1.000000
0.103070 0.991188 -0.083201 -0.035612 -0.045190 0.088227 0.995075 0.000000 0.993647 -0.098803 0.053886 0.000000 0.000000 0.000000 0.000000 1.000000</float_array>
          <technique_common>
            <accessor source="#Bip01_Pelvis-Matrix-animation-output-transform-array" count="21" stride="16">
              <param type="float4x4"/>
            </accessor>
          </technique_common>
        </source>
        <source id="Bip01_Pelvis-Interpolations">
          <Name_array id="Bip01_Pelvis-Interpolations-array" count="21">
 LINEAR LINEAR LINEAR LINEAR LINEAR LINEAR LINEAR LINEAR LINEAR LINEAR LINEAR
LINEAR LINEAR LINEAR LINEAR LINEAR LINEAR LINEAR LINEAR LINEAR LINEAR</Name_array>
          <technique_common>
            <accessor source="#Bip01_Pelvis-Interpolations-array" count="21">
              <param type="name"/>
            </accessor>
          </technique_common>
        </source>
        <sampler id="Bip01_Pelvis-Matrix-animation-transform">
          <input semantic="INPUT" source="#Bip01_Pelvis-Matrix-animation-input"/>
          <input semantic="OUTPUT" source="#Bip01_Pelvis-Matrix-animation-output-transform"/>
          <input semantic="INTERPOLATION" source="#Bip01_Pelvis-Interpolations"/>
        </sampler>
        <channel source="#Bip01_Pelvis-Matrix-animation-transform" target="Bip01_Pelvis/matrix"/>
      </animation>
    </animation>
    <animation id="Bip01_Spine-anim" name="Bip01_Spine">
      <animation>
        <source id="Bip01_Spine-Matrix-animation-input">
          <float_array id="Bip01_Spine-Matrix-animation-input-array" count="21">

0.000000 0.033333 0.066667 0.100000 0.133333 0.166667 0.200000 0.233333 0.266667 0.300000 0.333333 0.366667 0.400000 0.433333 0.466667 0.500000
0.533333 0.566667 0.600000 0.633333 0.666667</float_array>
          <technique_common>
            <accessor source="#Bip01_Spine-Matrix-animation-input-array" count="21">
              <param name="TIME" type="float"/>
            </accessor>
          </technique_common>
        </source>
        <source id="Bip01_Spine-Matrix-animation-output-transform">
          <float_array id="Bip01_Spine-Matrix-animation-output-transform-array" count="336">

0.995889 -0.076094 0.049144 0.097998 0.079761 0.993793 -0.077547 -0.009919 -0.042938 0.081148 0.995777 0.005299 0.000000 0.000000 0.000000 1.000000
0.995925 -0.074525 0.050784 0.098019 0.077927 0.994591 -0.068667 -0.009745 -0.045391 0.072344 0.996346 0.005234 0.000000 0.000000 0.000000 1.000000
0.995949 -0.072912 0.052621 0.098041 0.075968 0.995385 -0.058638 -0.009549 -0.048103 0.062398 0.996891 0.005159 0.000000 0.000000 0.000000 1.000000
0.995963 -0.071284 0.054563 0.098065 0.073922 0.996111 -0.047949 -0.009342 -0.050932 0.051789 0.997359 0.005077 0.000000 0.000000 0.000000 1.000000
0.995968 -0.069670 0.056518 0.098089 0.071828 0.996727 -0.037089 -0.009131 -0.053749 0.040999 0.997712 0.004991 0.000000 0.000000 0.000000 1.000000
0.995968 -0.068092 0.058398 0.098111 0.069733 0.997212 -0.026550 -0.008929 -0.056427 0.030515 0.997940 0.004906 0.000000 0.000000 0.000000 1.000000
0.995969 -0.066569 0.060118 0.098131 0.067691 0.997565 -0.016823 -0.008742 -0.058852 0.020825 0.998050 0.004825 0.000000 0.000000 0.000000 1.000000
0.995975 -0.065119 0.061596 0.098149 0.065758 0.997800 -0.008402 -0.008581 -0.060914 0.012418 0.998066 0.004754 0.000000 0.000000 0.000000 1.000000
0.995991 -0.063755 0.062752 0.098162 0.063993 0.997949 -0.001778 -0.008455 -0.062509 0.005786 0.998028 0.004697 0.000000 0.000000 0.000000 1.000000
0.996023 -0.062491 0.063504 0.098170 0.062455 0.998044 0.002557 -0.008373 -0.063539 0.001419 0.997978 0.004659 0.000000 0.000000 0.000000 1.000000
0.996077 -0.061342 0.063773 0.098173 0.061205 0.998117 0.004111 -0.008344 -0.063905 -0.000192 0.997956 0.004645 0.000000 0.000000 0.000000 1.000000
0.996114 -0.061020 0.063504 0.098170 0.060981 0.998136 0.002557 -0.008373 -0.063541 0.001326 0.997978 0.004659 0.000000 0.000000 0.000000 1.000000
0.996108 -0.061895 0.062752 0.098162 0.062129 0.998067 -0.001778 -0.008455 -0.062520 0.005669 0.998028 0.004697 0.000000 0.000000 0.000000 1.000000
0.996081 -0.063469 0.061596 0.098148 0.064105 0.997908 -0.008402 -0.008581 -0.060934 0.012317 0.998066 0.004754 0.000000 0.000000 0.000000 1.000000
0.996056 -0.065248 0.060118 0.098131 0.066368 0.997653 -0.016823 -0.008742 -0.058880 0.020746 0.998050 0.004825 0.000000 0.000000 0.000000 1.000000
0.996060 -0.066733 0.058398 0.098111 0.068373 0.997307 -0.026549 -0.008929 -0.056469 0.030438 0.997940 0.004906 0.000000 0.000000 0.000000 1.000000
0.996076 -0.068105 0.056518 0.098088 0.070262 0.996839 -0.037089 -0.009131 -0.053813 0.040914 0.997713 0.004991 0.000000 0.000000 0.000000 1.000000
0.996066 -0.069817 0.054563 0.098065 0.072455 0.996218 -0.047949 -0.009342 -0.051009 0.051714 0.997359 0.005077 0.000000 0.000000 0.000000 1.000000
0.996031 -0.071782 0.052621 0.098041 0.074839 0.995470 -0.058638 -0.009549 -0.048173 0.062344 0.996891 0.005159 0.000000 0.000000 0.000000 1.000000
0.995971 -0.073906 0.050784 0.098018 0.077308 0.994640 -0.068667 -0.009745 -0.045436 0.072316 0.996346 0.005234 0.000000 0.000000 0.000000 1.000000
0.995889 -0.076094 0.049144 0.097998 0.079761 0.993793 -0.077547 -0.009919 -0.042938 0.081148 0.995777 0.005299 0.000000 0.000000 0.000000 1.000000</float_array>
          <technique_common>
            <accessor source="#Bip01_Spine-Matrix-animation-output-transform-array" count="21" stride="16">
              <param type="float4x4"/>
            </accessor>
          </technique_common>
        </source>
        <source id="Bip01_Spine-Interpolations">
          <Name_array id="Bip01_Spine-Interpolations-array" count="21">
 LINEAR LINEAR LINEAR LINEAR LINEAR LINEAR LINEAR LINEAR LINEAR LINEAR LINEAR
LINEAR LINEAR LINEAR LINEAR LINEAR LINEAR LINEAR LINEAR LINEAR LINEAR</Name_array>
          <technique_common>
            <accessor source="#Bip01_Spine-Interpolations-array" count="21">
              <param type="name"/>
            </accessor>
          </technique_common>
        </source>
        <sampler id="Bip01_Spine-Matrix-animation-transform">
          <input semantic="INPUT" source="#Bip01_Spine-Matrix-animation-input"/>
          <input semantic="OUTPUT" source="#Bip01_Spine-Matrix-animation-output-transform"/>
          <input semantic="INTERPOLATION" source="#Bip01_Spine-Interpolations"/>
        </sampler>
        <channel source="#Bip01_Spine-Matrix-animation-transform" target="Bip01_Spine/matrix"/>
      </animation>
    </animation>
    <animation id="Bip01_Spine1-anim" name="Bip01_Spine1">
      <animation>
        <source id="Bip01_Spine1-Matrix-animation-input">
          <float_array id="Bip01_Spine1-Matrix-animation-input-array" count="21">

0.000000 0.033333 0.066667 0.100000 0.133333 0.166667 0.200000 0.233333 0.266667 0.300000 0.333333 0.366667 0.400000 0.433333 0.466667 0.500000
0.533333 0.566667 0.600000 0.633333 0.666667</float_array>
          <technique_common>
            <accessor source="#Bip01_Spine1-Matrix-animation-input-array" count="21">
              <param name="TIME" type="float"/>
            </accessor>
          </technique_common>
        </source>
        <source id="Bip01_Spine1-Matrix-animation-output-transform">
          <float_array id="Bip01_Spine1-Matrix-animation-output-transform-array" count="336">

0.996188 -0.087230 -0.000337 0.222962 0.078916 0.902866 -0.422618 -0.000160 0.037169 0.420981 0.906308 -0.000075 0.000000 0.000000 0.000000 1.000000
0.996425 -0.084485 -0.000030 0.222962 0.076557 0.903079 -0.422597 -0.000160 0.035730 0.421084 0.906318 -0.000075 0.000000 0.000000 0.000000 1.000000
0.996671 -0.081526 0.000755 0.222961 0.074208 0.903300 -0.422543 -0.000160 0.033766 0.421193 0.906343 -0.000075 0.000000 0.000000 0.000000 1.000000
0.996917 -0.078444 0.001813 0.222961 0.071864 0.903522 -0.422473 -0.000160 0.031502 0.421301 0.906374 -0.000075 0.000000 0.000000 0.000000 1.000000
0.997154 -0.075331 0.002940 0.222960 0.069519 0.903739 -0.422401 -0.000160 0.029163 0.421403 0.906404 -0.000075 0.000000 0.000000 0.000000 1.000000
0.997377 -0.072278 0.003930 0.222959 0.067172 0.903945 -0.422340 -0.000161 0.026973 0.421496 0.906429 -0.000075 0.000000 0.000000 0.000000 1.000000
0.997580 -0.069378 0.004580 0.222959 0.064817 0.904134 -0.422304 -0.000161 0.025158 0.421579 0.906443 -0.000075 0.000000 0.000000 0.000000 1.000000
0.997761 -0.066720 0.004682 0.222958 0.062452 0.904301 -0.422303 -0.000161 0.023942 0.421650 0.906443 -0.000075 0.000000 0.000000 0.000000 1.000000
0.997916 -0.064397 0.004034 0.222958 0.060072 0.904441 -0.422349 -0.000161 0.023549 0.421712 0.906424 -0.000075 0.000000 0.000000 0.000000 1.000000
0.998042 -0.062500 0.002429 0.222957 0.057674 0.904549 -0.422451 -0.000161 0.024206 0.421764 0.906382 -0.000075 0.000000 0.000000 0.000000 1.000000
0.998130 -0.061122 -0.000337 0.222957 0.055253 0.904622 -0.422618 -0.000161 0.026136 0.421809 0.906308 -0.000075 0.000000 0.000000 0.000000 1.000000
0.998105 -0.061025 -0.007849 0.222957 0.051982 0.904614 -0.423050 -0.000161 0.032917 0.421840 0.906072 -0.000075 0.000000 0.000000 0.000000 1.000000
0.997826 -0.062532 -0.020824 0.222958 0.047841 0.904514 -0.423753 -0.000161 0.045333 0.421835 0.905538 -0.000075 0.000000 0.000000 0.000000 1.000000
0.997261 -0.065066 -0.035157 0.222958 0.044041 0.904365 -0.424481 -0.000161 0.059414 0.421770 0.904754 -0.000075 0.000000 0.000000 0.000000 1.000000
0.996586 -0.068053 -0.046751 0.222959 0.041805 0.904204 -0.425050 -0.000161 0.071199 0.421644 0.903962 -0.000075 0.000000 0.000000 0.000000 1.000000
0.996151 -0.070917 -0.051520 0.222959 0.042363 0.904053 -0.425315 -0.000161 0.076739 0.421495 0.903578 -0.000075 0.000000 0.000000 0.000000 1.000000
0.996128 -0.073763 -0.047833 0.222960 0.046514 0.903894 -0.425220 -0.000160 0.074602 0.421348 0.903825 -0.000075 0.000000 0.000000 0.000000 1.000000
0.996293 -0.076975 -0.038417 0.222960 0.053439 0.903692 -0.424836 -0.000160 0.067418 0.421208 0.904455 -0.000075 0.000000 0.000000 0.000000 1.000000
0.996431 -0.080395 -0.025724 0.222961 0.061941 0.903445 -0.424205 -0.000160 0.057344 0.421098 0.905201 -0.000075 0.000000 0.000000 0.000000 1.000000
0.996402 -0.083865 -0.012211 0.222962 0.070829 0.903164 -0.423413 -0.000160 0.046538 0.421025 0.905854 -0.000075 0.000000 0.000000 0.000000 1.000000
0.996188 -0.087230 -0.000337 0.222962 0.078916 0.902866 -0.422618 -0.000160 0.037169 0.420981 0.906308 -0.000075 0.000000 0.000000 0.000000 1.000000</float_array>
          <technique_common>
            <accessor source="#Bip01_Spine1-Matrix-animation-output-transform-array" count="21" stride="16">
              <param type="float4x4"/>
            </accessor>
          </technique_common>
        </source>
        <source id="Bip01_Spine1-Interpolations">
          <Name_array id="Bip01_Spine1-Interpolations-array" count="21">
 LINEAR LINEAR LINEAR LINEAR LINEAR LINEAR LINEAR LINEAR LINEAR LINEAR LINEAR
LINEAR LINEAR LINEAR LINEAR LINEAR LINEAR LINEAR LINEAR LINEAR LINEAR</Name_array>
          <technique_common>
            <accessor source="#Bip01_Spine1-Interpolations-array" count="21">
              <param type="name"/>
            </accessor>
          </technique_common>
        </source>
        <sampler id="Bip01_Spine1-Matrix-animation-transform">
          <input semantic="INPUT" source="#Bip01_Spine1-Matrix-animation-input"/>
          <input semantic="OUTPUT" source="#Bip01_Spine1-Matrix-animation-output-transform"/>
          <input semantic="INTERPOLATION" source="#Bip01_Spine1-Interpolations"/>
        </sampler>
        <channel source="#Bip01_Spine1-Matrix-animation-transform" target="Bip01_Spine1/matrix"/>
      </animation>
    </animation>
    <animation id="Bip01_Neck-anim" name="Bip01_Neck">
      <animation>
        <source id="Bip01_Neck-Matrix-animation-input">
          <float_array id="Bip01_Neck-Matrix-animation-input-array" count="21">

0.000000 0.033333 0.066667 0.100000 0.133333 0.166667 0.200000 0.233333 0.266667 0.300000 0.333333 0.366667 0.400000 0.433333 0.466667 0.500000
0.533333 0.566667 0.600000 0.633333 0.666667</float_array>
          <technique_common>
            <accessor source="#Bip01_Neck-Matrix-animation-input-array" count="21">
              <param name="TIME" type="float"/>
            </accessor>
          </technique_common>
        </source>
        <source id="Bip01_Neck-Matrix-animation-output-transform">
          <float_array id="Bip01_Neck-Matrix-animation-output-transform-array" count="336">

0.939693 -0.342020 -0.000001 0.222977 0.342020 0.939693 -0.000000 -0.000084 0.000001 -0.000000 1.000000 0.000000 0.000000 0.000000 0.000000 1.000000
0.940665 -0.339337 -0.000001 0.222977 0.339337 0.940665 -0.000000 -0.000084 0.000001 -0.000000 1.000000 0.000000 0.000000 0.000000 0.000000 1.000000
0.941753 -0.336306 -0.000001 0.222977 0.336306 0.941753 -0.000000 -0.000084 0.000001 -0.000000 1.000000 0.000000 0.000000 0.000000 0.000000 1.000000
0.942901 -0.333074 -0.000001 0.222977 0.333074 0.942901 -0.000000 -0.000084 0.000001 -0.000000 1.000000 0.000000 0.000000 0.000000 0.000000 1.000000
0.944055 -0.329789 -0.000001 0.222976 0.329789 0.944055 -0.000000 -0.000085 0.000001 -0.000000 1.000000 0.000000 0.000000 0.000000 0.000000 1.000000
0.945163 -0.326598 -0.000001 0.222976 0.326598 0.945163 -0.000000 -0.000085 0.000001 -0.000000 1.000000 0.000000 0.000000 0.000000 0.000000 1.000000
0.946176 -0.323652 -0.000001 0.222976 0.323652 0.946176 -0.000000 -0.000085 0.000001 -0.000000 1.000000 0.000000 0.000000 0.000000 0.000000 1.000000
0.947046 -0.321099 -0.000001 0.222975 0.321099 0.947045 -0.000000 -0.000085 0.000001 -0.000000 1.000000 0.000000 0.000000 0.000000 0.000000 1.000000
0.947724 -0.319090 -0.000001 0.222975 0.319090 0.947724 -0.000000 -0.000085 0.000001 -0.000000 1.000000 -0.000000 0.000000 0.000000 0.000000 1.000000
0.948166 -0.317775 -0.000001 0.222975 0.317775 0.948166 -0.000000 -0.000085 0.000001 -0.000000 1.000000 -0.000000 0.000000 0.000000 0.000000 1.000000
0.948324 -0.317303 -0.000001 0.222975 0.317303 0.948324 -0.000000 -0.000085 0.000001 -0.000000 1.000000 -0.000000 0.000000 0.000000 0.000000 1.000000
0.948166 -0.317775 -0.000001 0.222975 0.317775 0.948166 -0.000000 -0.000085 0.000001 -0.000000 1.000000 0.000000 0.000000 0.000000 0.000000 1.000000
0.947724 -0.319090 -0.000001 0.222975 0.319090 0.947724 -0.000000 -0.000085 0.000001 -0.000000 1.000000 0.000000 0.000000 0.000000 0.000000 1.000000
0.947046 -0.321099 -0.000001 0.222975 0.321099 0.947045 -0.000000 -0.000085 0.000001 -0.000000 1.000000 0.000000 0.000000 0.000000 0.000000 1.000000
0.946176 -0.323652 -0.000001 0.222976 0.323652 0.946176 -0.000000 -0.000085 0.000001 -0.000000 1.000000 -0.000000 0.000000 0.000000 0.000000 1.000000
0.945163 -0.326599 -0.000001 0.222976 0.326599 0.945163 -0.000000 -0.000085 0.000001 -0.000000 1.000000 -0.000000 0.000000 0.000000 0.000000 1.000000
0.944055 -0.329789 -0.000001 0.222976 0.329789 0.944055 -0.000000 -0.000085 0.000001 -0.000000 1.000000 0.000000 0.000000 0.000000 0.000000 1.000000
0.942901 -0.333074 -0.000001 0.222977 0.333074 0.942901 -0.000000 -0.000084 0.000001 -0.000000 1.000000 0.000000 0.000000 0.000000 0.000000 1.000000
0.941753 -0.336306 -0.000001 0.222977 0.336306 0.941753 -0.000000 -0.000084 0.000001 -0.000000 1.000000 0.000000 0.000000 0.000000 0.000000 1.000000
0.940665 -0.339337 -0.000001 0.222977 0.339337 0.940665 -0.000000 -0.000084 0.000001 -0.000000 1.000000 -0.000000 0.000000 0.000000 0.000000 1.000000
0.939693 -0.342020 -0.000001 0.222977 0.342020 0.939693 -0.000000 -0.000084 0.000001 -0.000000 1.000000 0.000000 0.000000 0.000000 0.000000 1.000000</float_array>
          <technique_common>
            <accessor source="#Bip01_Neck-Matrix-animation-output-transform-array" count="21" stride="16">
              <param type="float4x4"/>
            </accessor>
          </technique_common>
        </source>
        <source id="Bip01_Neck-Interpolations">
          <Name_array id="Bip01_Neck-Interpolations-array" count="21">
 LINEAR LINEAR LINEAR LINEAR LINEAR LINEAR LINEAR LINEAR LINEAR LINEAR LINEAR
LINEAR LINEAR LINEAR LINEAR LINEAR LINEAR LINEAR LINEAR LINEAR LINEAR</Name_array>
          <technique_common>
            <accessor source="#Bip01_Neck-Interpolations-array" count="21">
              <param type="name"/>
            </accessor>
          </technique_common>
        </source>
        <sampler id="Bip01_Neck-Matrix-animation-transform">
          <input semantic="INPUT" source="#Bip01_Neck-Matrix-animation-input"/>
          <input semantic="OUTPUT" source="#Bip01_Neck-Matrix-animation-output-transform"/>
          <input semantic="INTERPOLATION" source="#Bip01_Neck-Interpolations"/>
        </sampler>
        <channel source="#Bip01_Neck-Matrix-animation-transform" target="Bip01_Neck/matrix"/>
      </animation>
    </animation>
    <animation id="Bip01_L_Clavicle-anim" name="Bip01_L_Clavicle">
      <animation>
        <source id="Bip01_L_Clavicle-Matrix-animation-input">
          <float_array id="Bip01_L_Clavicle-Matrix-animation-input-array" count="21">

0.000000 0.033333 0.066667 0.100000 0.133333 0.166667 0.200000 0.233333 0.266667 0.300000 0.333333 0.366667 0.400000 0.433333 0.466667 0.500000
0.533333 0.566667 0.600000 0.633333 0.666667</float_array>
          <technique_common>
            <accessor source="#Bip01_L_Clavicle-Matrix-animation-input-array" count="21">
              <param name="TIME" type="float"/>
            </accessor>
          </technique_common>
        </source>
        <source id="Bip01_L_Clavicle-Matrix-animation-output-transform">
          <float_array id="Bip01_L_Clavicle-Matrix-animation-output-transform-array" count="336">

-0.192549 -0.341464 0.919960 -0.000000 -0.021114 -0.935845 -0.351779 0.000090 0.981060 -0.087158 0.172986 0.030012 0.000000 0.000000 0.000000 1.000000
-0.191893 -0.338845 0.921065 0.000000 -0.020017 -0.936960 -0.348862 0.000089 0.981212 -0.085381 0.173013 0.030012 0.000000 0.000000 0.000000 1.000000
-0.191162 -0.335883 0.922301 0.000000 -0.018776 -0.938206 -0.345567 0.000090 0.981379 -0.083376 0.173043 0.030012 0.000000 0.000000 0.000000 1.000000
-0.190394 -0.332721 0.923605 0.000000 -0.017448 -0.939519 -0.342051 0.000089 0.981553 -0.081240 0.173073 0.030012 0.000000 0.000000 0.000000 1.000000
-0.189626 -0.329506 0.924915 -0.000000 -0.016095 -0.940837 -0.338477 0.000090 0.981724 -0.079070 0.173104 0.030012 0.000000 0.000000 0.000000 1.000000
-0.188892 -0.326380 0.926172 -0.000000 -0.014777 -0.942100 -0.335007 0.000090 0.981887 -0.076966 0.173132 0.030012 0.000000 0.000000 0.000000 1.000000
-0.188225 -0.323491 0.927321 0.000000 -0.013556 -0.943252 -0.331801 0.000090 0.982032 -0.075024 0.173158 0.030012 0.000000 0.000000 0.000000 1.000000
-0.187655 -0.320987 0.928306 0.000000 -0.012497 -0.944239 -0.329022 0.000090 0.982156 -0.073343 0.173180 0.030012 0.000000 0.000000 0.000000 1.000000
-0.187211 -0.319015 0.929076 0.000000 -0.011661 -0.945009 -0.326836 0.000089 0.982250 -0.072021 0.173196 0.030012 0.000000 0.000000 0.000000 1.000000
-0.186924 -0.317722 0.929576 0.000000 -0.011114 -0.945510 -0.325403 0.000090 0.982311 -0.071156 0.173207 0.030012 0.000000 0.000000 0.000000 1.000000
-0.186821 -0.317259 0.929755 0.000000 -0.010917 -0.945689 -0.324890 0.000089 0.982333 -0.070846 0.173211 0.030012 0.000000 0.000000 0.000000 1.000000
-0.186924 -0.317722 0.929576 -0.000000 -0.011114 -0.945510 -0.325403 0.000090 0.982311 -0.071156 0.173207 0.030012 0.000000 0.000000 0.000000 1.000000
-0.187211 -0.319014 0.929076 0.000000 -0.011661 -0.945009 -0.326835 0.000090 0.982250 -0.072022 0.173196 0.030012 0.000000 0.000000 0.000000 1.000000
-0.187655 -0.320987 0.928306 0.000000 -0.012497 -0.944239 -0.329022 0.000090 0.982155 -0.073343 0.173180 0.030012 0.000000 0.000000 0.000000 1.000000
-0.188225 -0.323491 0.927321 -0.000000 -0.013556 -0.943252 -0.331800 0.000090 0.982032 -0.075024 0.173158 0.030012 0.000000 0.000000 0.000000 1.000000
-0.188892 -0.326380 0.926173 0.000000 -0.014777 -0.942100 -0.335007 0.000089 0.981887 -0.076966 0.173132 0.030012 0.000000 0.000000 0.000000 1.000000
-0.189626 -0.329506 0.924915 0.000000 -0.016095 -0.940836 -0.338478 0.000089 0.981724 -0.079070 0.173104 0.030012 0.000000 0.000000 0.000000 1.000000
-0.190394 -0.332722 0.923605 0.000000 -0.017448 -0.939519 -0.342052 0.000090 0.981553 -0.081240 0.173073 0.030012 0.000000 0.000000 0.000000 1.000000
-0.191162 -0.335883 0.922301 -0.000000 -0.018776 -0.938206 -0.345567 0.000090 0.981379 -0.083376 0.173043 0.030012 0.000000 0.000000 0.000000 1.000000
-0.191893 -0.338845 0.921065 0.000000 -0.020017 -0.936960 -0.348862 0.000089 0.981212 -0.085382 0.173013 0.030012 0.000000 0.000000 0.000000 1.000000
-0.192549 -0.341464 0.919960 -0.000000 -0.021114 -0.935845 -0.351779 0.000090 0.981060 -0.087158 0.172986 0.030012 0.000000 0.000000 0.000000 1.000000</float_array>
          <technique_common>
            <accessor source="#Bip01_L_Clavicle-Matrix-animation-output-transform-array" count="21" stride="16">
              <param type="float4x4"/>
            </accessor>
          </technique_common>
        </source>
        <source id="Bip01_L_Clavicle-Interpolations">
          <Name_array id="Bip01_L_Clavicle-Interpolations-array" count="21">
 LINEAR LINEAR LINEAR LINEAR LINEAR LINEAR LINEAR LINEAR LINEAR LINEAR LINEAR
LINEAR LINEAR LINEAR LINEAR LINEAR LINEAR LINEAR LINEAR LINEAR LINEAR</Name_array>
          <technique_common>
            <accessor source="#Bip01_L_Clavicle-Interpolations-array" count="21">
              <param type="name"/>
            </accessor>
          </technique_common>
        </source>
        <sampler id="Bip01_L_Clavicle-Matrix-animation-transform">
          <input semantic="INPUT" source="#Bip01_L_Clavicle-Matrix-animation-input"/>
          <input semantic="OUTPUT" source="#Bip01_L_Clavicle-Matrix-animation-output-transform"/>
          <input semantic="INTERPOLATION" source="#Bip01_L_Clavicle-Interpolations"/>
        </sampler>
        <channel source="#Bip01_L_Clavicle-Matrix-animation-transform" target="Bip01_L_Clavicle/matrix"/>
      </animation>
    </animation>
    <animation id="Bip01_L_UpperArm-anim" name="Bip01_L_UpperArm">
      <animation>
        <source id="Bip01_L_UpperArm-Matrix-animation-input">
          <float_array id="Bip01_L_UpperArm-Matrix-animation-input-array" count="21">

0.000000 0.033333 0.066667 0.100000 0.133333 0.166667 0.200000 0.233333 0.266667 0.300000 0.333333 0.366667 0.400000 0.433333 0.466667 0.500000
0.533333 0.566667 0.600000 0.633333 0.666667</float_array>
          <technique_common>
            <accessor source="#Bip01_L_UpperArm-Matrix-animation-input-array" count="21">
              <param name="TIME" type="float"/>
            </accessor>
          </technique_common>
        </source>
        <source id="Bip01_L_UpperArm-Matrix-animation-output-transform">
          <float_array id="Bip01_L_UpperArm-Matrix-animation-output-transform-array" count="336">

0.709828 0.234989 0.664021 0.172746 0.087311 0.906086 -0.413987 -0.000000 -0.698942 0.351836 0.622648 0.000000 0.000000 0.000000 0.000000 1.000000
0.712415 0.233290 0.661846 0.172746 0.089503 0.905218 -0.415415 0.000000 -0.696027 0.355185 0.624011 0.000000 0.000000 0.000000 0.000000 1.000000
0.714955 0.231610 0.659695 0.172746 0.091779 0.904285 -0.416948 0.000000 -0.693121 0.358645 0.625266 0.000000 0.000000 0.000000 0.000000 1.000000
0.717456 0.229951 0.657556 0.172746 0.094094 0.903303 -0.418556 -0.000000 -0.690220 0.362167 0.626443 -0.000000 0.000000 0.000000 0.000000 1.000000
0.719930 0.228312 0.655420 0.172746 0.096407 0.902294 -0.420205 0.000000 -0.687319 0.365705 0.627577 0.000000 0.000000 0.000000 0.000000 1.000000
0.722390 0.226684 0.653275 0.172746 0.098679 0.901276 -0.421859 0.000000 -0.684409 0.369210 0.628703 0.000000 0.000000 0.000000 0.000000 1.000000
0.724849 0.225058 0.651109 0.172746 0.100872 0.900273 -0.423478 -0.000000 -0.681483 0.372636 0.629860 -0.000000 0.000000 0.000000 0.000000 1.000000
0.727323 0.223417 0.648911 0.172746 0.102952 0.899310 -0.425021 -0.000000 -0.678529 0.375934 0.631088 0.000000 0.000000 0.000000 0.000000 1.000000
0.729829 0.221745 0.646667 0.172746 0.104885 0.898413 -0.426443 0.000000 -0.675536 0.379056 0.632430 -0.000000 0.000000 0.000000 0.000000 1.000000
0.732383 0.220022 0.644365 0.172746 0.106639 0.897609 -0.427699 0.000000 -0.672491 0.381954 0.633930 0.000000 0.000000 0.000000 0.000000 1.000000
0.735001 0.218228 0.641989 0.172746 0.108179 0.896928 -0.428740 -0.000000 -0.669381 0.384574 0.635635 -0.000000 0.000000 0.000000 0.000000 1.000000
0.739761 0.215447 0.637445 0.172746 0.108233 0.896916 -0.428750 0.000000 -0.664108 0.386166 0.640185 0.000000 0.000000 0.000000 0.000000 1.000000
0.747042 0.211592 0.630204 0.172746 0.106206 0.897830 -0.427343 -0.000000 -0.656239 0.386174 0.648244 0.000000 0.000000 0.000000 0.000000 1.000000
0.754365 0.207902 0.622663 0.172746 0.103072 0.899247 -0.425124 0.000000 -0.648312 0.384878 0.656932 0.000000 0.000000 0.000000 0.000000 1.000000
0.759362 0.205587 0.617335 0.172746 0.099806 0.900741 -0.422735 0.000000 -0.642968 0.382622 0.663470 0.000000 0.000000 0.000000 0.000000 1.000000
0.759729 0.205802 0.616813 0.172746 0.097387 0.901880 -0.420867 -0.000000 -0.642906 0.379815 0.665141 0.000000 0.000000 0.000000 0.000000 1.000000
0.754463 0.209151 0.622127 0.172746 0.095662 0.902706 -0.419489 -0.000000 -0.649334 0.376003 0.661050 -0.000000 0.000000 0.000000 0.000000 1.000000
0.745173 0.214787 0.631335 0.172746 0.093806 0.903539 -0.418114 0.000000 -0.660241 0.370790 0.653144 0.000000 0.000000 0.000000 0.000000 1.000000
0.733471 0.221646 0.642568 0.172746 0.091812 0.904372 -0.416752 0.000000 -0.673491 0.364672 0.642981 0.000000 0.000000 0.000000 0.000000 1.000000
0.721072 0.228704 0.654026 0.172746 0.089659 0.905214 -0.415391 0.000000 -0.687035 0.358166 0.632219 -0.000000 0.000000 0.000000 0.000000 1.000000
0.709828 0.234989 0.664021 0.172746 0.087311 0.906086 -0.413987 0.000000 -0.698942 0.351836 0.622648 0.000000 0.000000 0.000000 0.000000 1.000000</float_array>
          <technique_common>
            <accessor source="#Bip01_L_UpperArm-Matrix-animation-output-transform-array" count="21" stride="16">
              <param type="float4x4"/>
            </accessor>
          </technique_common>
        </source>
        <source id="Bip01_L_UpperArm-Interpolations">
          <Name_array id="Bip01_L_UpperArm-Interpolations-array" count="21">
 LINEAR LINEAR LINEAR LINEAR LINEAR LINEAR LINEAR LINEAR LINEAR LINEAR LINEAR
LINEAR LINEAR LINEAR LINEAR LINEAR LINEAR LINEAR LINEAR LINEAR LINEAR</Name_array>
          <technique_common>
            <accessor source="#Bip01_L_UpperArm-Interpolations-array" count="21">
              <param type="name"/>
            </accessor>
          </technique_common>
        </source>
        <sampler id="Bip01_L_UpperArm-Matrix-animation-transform">
          <input semantic="INPUT" source="#Bip01_L_UpperArm-Matrix-animation-input"/>
          <input semantic="OUTPUT" source="#Bip01_L_UpperArm-Matrix-animation-output-transform"/>
          <input semantic="INTERPOLATION" source="#Bip01_L_UpperArm-Interpolations"/>
        </sampler>
        <channel source="#Bip01_L_UpperArm-Matrix-animation-transform" target="Bip01_L_UpperArm/matrix"/>
      </animation>
    </animation>
    <animation id="Bip01_L_Forearm-anim" name="Bip01_L_Forearm">
      <animation>
        <source id="Bip01_L_Forearm-Matrix-animation-input">
          <float_array id="Bip01_L_Forearm-Matrix-animation-input-array" count="21">

0.000000 0.033333 0.066667 0.100000 0.133333 0.166667 0.200000 0.233333 0.266667 0.300000 0.333333 0.366667 0.400000 0.433333 0.466667 0.500000
0.533333 0.566667 0.600000 0.633333 0.666667</float_array>
          <technique_common>
            <accessor source="#Bip01_L_Forearm-Matrix-animation-input-array" count="21">
              <param name="TIME" type="float"/>
            </accessor>
          </technique_common>
        </source>
        <source id="Bip01_L_Forearm-Matrix-animation-output-transform">
          <float_array id="Bip01_L_Forearm-Matrix-animation-output-transform-array" count="336">

0.244299 0.969700 0.000000 0.257246 -0.969700 0.244299 -0.000000 0.000000 -0.000000 0.000000 1.000000 -0.000000 0.000000 0.000000 0.000000 1.000000
0.242569 0.970134 0.000000 0.257246 -0.970134 0.242569 -0.000000 -0.000000 -0.000000 0.000000 1.000000 0.000000 0.000000 0.000000 0.000000 1.000000
0.240616 0.970620 0.000000 0.257246 -0.970620 0.240616 -0.000000 0.000000 0.000000 -0.000000 1.000000 0.000000 0.000000 0.000000 0.000000 1.000000
0.238535 0.971134 0.000000 0.257246 -0.971134 0.238535 -0.000000 0.000000 -0.000000 0.000000 1.000000 0.000000 0.000000 0.000000 0.000000 1.000000
0.236421 0.971651 0.000000 0.257246 -0.971651 0.236421 -0.000000 0.000000 -0.000000 0.000000 1.000000 0.000000 0.000000 0.000000 0.000000 1.000000
0.234369 0.972148 -0.000000 0.257246 -0.972148 0.234369 0.000000 0.000000 0.000000 -0.000000 1.000000 -0.000000 0.000000 0.000000 0.000000 1.000000
0.232476 0.972602 -0.000000 0.257246 -0.972602 0.232476 0.000000 0.000000 0.000000 -0.000000 1.000000 -0.000000 0.000000 0.000000 0.000000 1.000000
0.230836 0.972993 -0.000000 0.257246 -0.972993 0.230836 0.000000 0.000000 0.000000 -0.000000 1.000000 0.000000 0.000000 0.000000 0.000000 1.000000
0.229547 0.973298 -0.000000 0.257246 -0.973298 0.229546 0.000000 0.000000 0.000000 -0.000000 1.000000 0.000000 0.000000 0.000000 0.000000 1.000000
0.228702 0.973496 0.000000 0.257246 -0.973496 0.228702 -0.000000 0.000000 -0.000000 0.000000 1.000000 -0.000000 0.000000 0.000000 0.000000 1.000000
0.228400 0.973567 -0.000000 0.257246 -0.973568 0.228399 0.000000 0.000000 0.000000 -0.000000 1.000000 -0.000000 0.000000 0.000000 0.000000 1.000000
0.228702 0.973496 0.000000 0.257246 -0.973496 0.228702 -0.000000 0.000000 -0.000000 0.000000 1.000000 -0.000000 0.000000 0.000000 0.000000 1.000000
0.229547 0.973298 -0.000000 0.257246 -0.973298 0.229546 0.000000 0.000000 0.000000 -0.000000 1.000000 0.000000 0.000000 0.000000 0.000000 1.000000
0.230836 0.972993 -0.000000 0.257246 -0.972992 0.230836 0.000000 -0.000000 0.000000 -0.000000 1.000000 0.000000 0.000000 0.000000 0.000000 1.000000
0.232476 0.972602 -0.000000 0.257246 -0.972602 0.232476 0.000000 0.000000 0.000000 -0.000000 1.000000 -0.000000 0.000000 0.000000 0.000000 1.000000
0.234369 0.972148 -0.000000 0.257246 -0.972148 0.234369 0.000000 -0.000000 -0.000000 0.000000 1.000000 -0.000000 0.000000 0.000000 0.000000 1.000000
