<?xml version="1.0" encoding="utf-8"?>
<COLLADA xmlns="http://www.collada.org/2005/11/COLLADASchema" version="1.4.0">
  <asset>
    <contributor>
      <author></author>
      <authoring_tool>FBX COLLADA exporter</authoring_tool>
      <comments></comments>
    </contributor>
    <created>2010-07-12T11:39:53Z</created>
    <modified>2010-07-12T11:39:53Z</modified>
    <revision></revision>
    <title></title>
    <subject></subject>
    <keywords></keywords>
    <unit meter="1.000000"/>
    <up_axis>Y_UP</up_axis>
  </asset>
  <library_animations>
    <animation id="Bip01-anim" name="Bip01">
      <animation>
        <source id="Bip01-Matrix-animation-input">
          <float_array id="Bip01-Matrix-animation-input-array" count="25">

0.000000 0.033333 0.066667 0.100000 0.133333 0.166667 0.200000 0.233333 0.266667 0.300000 0.333333 0.366667 0.400000 0.433333 0.466667 0.500000
0.533333 0.566667 0.600000 0.633333 0.666667 0.700000 0.733333 0.766667 0.800000</float_array>
          <technique_common>
            <accessor source="#Bip01-Matrix-animation-input-array" count="25">
              <param name="TIME" type="float"/>
            </accessor>
          </technique_common>
        </source>
        <source id="Bip01-Matrix-animation-output-transform">
          <float_array id="Bip01-Matrix-animation-output-transform-array" count="400">

0.000000 -0.000000 -1.000000 -0.824844 -0.289264 0.957249 -0.000000 -0.010301 0.957249 0.289264 -0.000000 -0.080063 0.000000 0.000000 0.000000 1.000000
0.000000 -0.000000 -1.000000 -0.826192 -0.289264 0.957249 -0.000000 -0.010301 0.957249 0.289264 -0.000000 0.013940 0.000000 0.000000 0.000000 1.000000
0.000000 -0.000000 -1.000000 -0.828886 -0.289264 0.957249 -0.000000 -0.010301 0.957249 0.289264 -0.000000 0.106256 0.000000 0.000000 0.000000 1.000000
0.000000 -0.000000 -1.000000 -0.830907 -0.289264 0.957249 -0.000000 -0.010301 0.957249 0.289264 -0.000000 0.199415 0.000000 0.000000 0.000000 1.000000
0.000000 -0.000000 -1.000000 -0.830233 -0.289264 0.957249 -0.000000 -0.010301 0.957249 0.289264 -0.000000 0.295947 0.000000 0.000000 0.000000 1.000000
0.000000 -0.000000 -1.000000 -0.824844 -0.289264 0.957249 -0.000000 -0.010301 0.957249 0.289264 -0.000000 0.398383 0.000000 0.000000 0.000000 1.000000
0.000000 -0.000000 -1.000000 -0.806633 -0.289264 0.957249 -0.000000 -0.010301 0.957249 0.289264 -0.000000 0.525377 0.000000 0.000000 0.000000 1.000000
0.000000 -0.000000 -1.000000 -0.779066 -0.289264 0.957249 -0.000000 -0.010301 0.957249 0.289264 -0.000000 0.664083 0.000000 0.000000 0.000000 1.000000
0.000000 -0.000000 -1.000000 -0.757486 -0.289264 0.957249 -0.000000 -0.010301 0.957249 0.289264 -0.000000 0.769776 0.000000 0.000000 0.000000 1.000000
0.000000 -0.000000 -1.000000 -0.754118 -0.289264 0.957249 -0.000000 -0.010301 0.957249 0.289264 -0.000000 0.801610 0.000000 0.000000 0.000000 1.000000
0.000000 -0.000000 -1.000000 -0.757486 -0.289264 0.957249 -0.000000 -0.010301 0.957249 0.289264 -0.000000 0.769776 0.000000 0.000000 0.000000 1.000000
0.000000 -0.000000 -1.000000 -0.757486 -0.289264 0.957249 -0.000000 -0.010301 0.957249 0.289264 -0.000000 0.701440 0.000000 0.000000 0.000000 1.000000
0.000000 -0.000000 -1.000000 -0.757486 -0.289264 0.957249 -0.000000 -0.010301 0.957249 0.289264 -0.000000 0.613579 0.000000 0.000000 0.000000 1.000000
0.000000 -0.000000 -1.000000 -0.757486 -0.289264 0.957249 -0.000000 -0.010301 0.957249 0.289264 -0.000000 0.522746 0.000000 0.000000 0.000000 1.000000
0.000000 -0.000000 -1.000000 -0.757486 -0.289264 0.957249 -0.000000 -0.010301 0.957249 0.289264 -0.000000 0.445496 0.000000 0.000000 0.000000 1.000000
0.000000 -0.000000 -1.000000 -0.757486 -0.289264 0.957249 -0.000000 -0.010301 0.957249 0.289264 -0.000000 0.398383 0.000000 0.000000 0.000000 1.000000
0.000000 -0.000000 -1.000000 -0.757486 -0.289264 0.957249 -0.000000 -0.010301 0.957249 0.289264 -0.000000 0.377422 0.000000 0.000000 0.000000 1.000000
0.000000 -0.000000 -1.000000 -0.757486 -0.289264 0.957249 -0.000000 -0.010301 0.957249 0.289264 -0.000000 0.366287 0.000000 0.000000 0.000000 1.000000
0.000000 -0.000000 -1.000000 -0.757486 -0.289264 0.957249 -0.000000 -0.010301 0.957249 0.289264 -0.000000 0.363012 0.000000 0.000000 0.000000 1.000000
0.000000 -0.000000 -1.000000 -0.757486 -0.289264 0.957249 -0.000000 -0.010301 0.957249 0.289264 -0.000000 0.365632 0.000000 0.000000 0.000000 1.000000
0.000000 -0.000000 -1.000000 -0.757486 -0.289264 0.957249 -0.000000 -0.010301 0.957249 0.289264 -0.000000 0.372182 0.000000 0.000000 0.000000 1.000000
0.000000 -0.000000 -1.000000 -0.757486 -0.289264 0.957249 -0.000000 -0.010301 0.957249 0.289264 -0.000000 0.380697 0.000000 0.000000 0.000000 1.000000
0.000000 -0.000000 -1.000000 -0.757486 -0.289264 0.957249 -0.000000 -0.010301 0.957249 0.289264 -0.000000 0.389212 0.000000 0.000000 0.000000 1.000000
0.000000 -0.000000 -1.000000 -0.757486 -0.289264 0.957249 -0.000000 -0.010301 0.957249 0.289264 -0.000000 0.395763 0.000000 0.000000 0.000000 1.000000
0.000000 -0.000000 -1.000000 -0.757486 -0.289264 0.957249 -0.000000 -0.010301 0.957249 0.289264 -0.000000 0.398383 0.000000 0.000000 0.000000 1.000000</float_array>
          <technique_common>
            <accessor source="#Bip01-Matrix-animation-output-transform-array" count="25" stride="16">
              <param type="float4x4"/>
            </accessor>
          </technique_common>
        </source>
        <source id="Bip01-Interpolations">
          <Name_array id="Bip01-Interpolations-array" count="25">
 LINEAR LINEAR LINEAR LINEAR LINEAR LINEAR LINEAR LINEAR LINEAR LINEAR LINEAR
LINEAR LINEAR LINEAR LINEAR LINEAR LINEAR LINEAR LINEAR LINEAR LINEAR LINEAR LINEAR
LINEAR LINEAR</Name_array>
          <technique_common>
            <accessor source="#Bip01-Interpolations-array" count="25">
              <param type="name"/>
            </accessor>
          </technique_common>
        </source>
        <sampler id="Bip01-Matrix-animation-transform">
          <input semantic="INPUT" source="#Bip01-Matrix-animation-input"/>
          <input semantic="OUTPUT" source="#Bip01-Matrix-animation-output-transform"/>
          <input semantic="INTERPOLATION" source="#Bip01-Interpolations"/>
        </sampler>
        <channel source="#Bip01-Matrix-animation-transform" target="Bip01/matrix"/>
      </animation>
    </animation>
    <animation id="Bip01_Pelvis-anim" name="Bip01_Pelvis">
      <animation>
        <source id="Bip01_Pelvis-Matrix-animation-input">
          <float_array id="Bip01_Pelvis-Matrix-animation-input-array" count="25">

0.000000 0.033333 0.066667 0.100000 0.133333 0.166667 0.200000 0.233333 0.266667 0.300000 0.333333 0.366667 0.400000 0.433333 0.466667 0.500000
0.533333 0.566667 0.600000 0.633333 0.666667 0.700000 0.733333 0.766667 0.800000</float_array>
          <technique_common>
            <accessor source="#Bip01_Pelvis-Matrix-animation-input-array" count="25">
              <param name="TIME" type="float"/>
            </accessor>
          </technique_common>
        </source>
        <source id="Bip01_Pelvis-Matrix-animation-output-transform">
          <float_array id="Bip01_Pelvis-Matrix-animation-output-transform-array" count="400">

0.080305 0.699827 -0.709785 -0.035610 0.005056 0.711789 0.702375 0.000000 0.996758 -0.059993 0.053621 0.000000 0.000000 0.000000 0.000000 1.000000
0.080305 0.699826 -0.709785 -0.035610 0.005056 0.711789 0.702375 0.000000 0.996758 -0.059993 0.053621 -0.000000 0.000000 0.000000 0.000000 1.000000
0.080305 0.699826 -0.709785 -0.035610 0.005056 0.711789 0.702375 0.000000 0.996758 -0.059993 0.053621 0.000000 0.000000 0.000000 0.000000 1.000000
0.080305 0.699827 -0.709785 -0.035610 0.005056 0.711789 0.702375 0.000000 0.996758 -0.059993 0.053621 0.000000 0.000000 0.000000 0.000000 1.000000
0.080305 0.699827 -0.709785 -0.035610 0.005056 0.711789 0.702375 0.000000 0.996758 -0.059993 0.053621 0.000000 0.000000 0.000000 0.000000 1.000000
0.080305 0.699827 -0.709785 -0.035610 0.005056 0.711789 0.702375 0.000000 0.996758 -0.059993 0.053621 -0.000000 0.000000 0.000000 0.000000 1.000000
0.080305 0.699827 -0.709785 -0.035610 0.005056 0.711789 0.702375 0.000000 0.996758 -0.059993 0.053621 0.000000 0.000000 0.000000 0.000000 1.000000
0.080305 0.699827 -0.709785 -0.035610 0.005056 0.711789 0.702375 0.000000 0.996758 -0.059993 0.053621 0.000000 0.000000 0.000000 0.000000 1.000000
0.080305 0.699827 -0.709785 -0.035610 0.005056 0.711789 0.702375 0.000000 0.996758 -0.059993 0.053621 0.000000 0.000000 0.000000 0.000000 1.000000
0.080305 0.699827 -0.709785 -0.035610 0.005056 0.711789 0.702375 0.000000 0.996758 -0.059993 0.053621 0.000000 0.000000 0.000000 0.000000 1.000000
0.080305 0.699827 -0.709785 -0.035610 0.005056 0.711789 0.702375 0.000000 0.996758 -0.059993 0.053621 0.000000 0.000000 0.000000 0.000000 1.000000
0.080305 0.699826 -0.709785 -0.035610 0.005056 0.711789 0.702375 0.000000 0.996758 -0.059993 0.053621 0.000000 0.000000 0.000000 0.000000 1.000000
0.080305 0.699826 -0.709785 -0.035610 0.005056 0.711789 0.702375 0.000000 0.996758 -0.059993 0.053621 0.000000 0.000000 0.000000 0.000000 1.000000
0.080305 0.699826 -0.709785 -0.035610 0.005056 0.711789 0.702375 0.000000 0.996758 -0.059993 0.053621 -0.000000 0.000000 0.000000 0.000000 1.000000
0.080305 0.699826 -0.709785 -0.035610 0.005056 0.711789 0.702375 0.000000 0.996758 -0.059993 0.053621 0.000000 0.000000 0.000000 0.000000 1.000000
0.080305 0.699827 -0.709785 -0.035610 0.005056 0.711789 0.702375 0.000000 0.996758 -0.059993 0.053621 0.000000 0.000000 0.000000 0.000000 1.000000
0.080305 0.699826 -0.709785 -0.035610 0.005056 0.711789 0.702375 0.000000 0.996758 -0.059993 0.053621 -0.000000 0.000000 0.000000 0.000000 1.000000
0.080305 0.699827 -0.709785 -0.035610 0.005056 0.711789 0.702375 0.000000 0.996758 -0.059993 0.053621 0.000000 0.000000 0.000000 0.000000 1.000000
0.080305 0.699827 -0.709785 -0.035610 0.005056 0.711789 0.702375 0.000000 0.996758 -0.059993 0.053621 0.000000 0.000000 0.000000 0.000000 1.000000
0.080305 0.699827 -0.709785 -0.035610 0.005056 0.711789 0.702375 0.000000 0.996758 -0.059993 0.053621 0.000000 0.000000 0.000000 0.000000 1.000000
0.080305 0.699827 -0.709785 -0.035610 0.005056 0.711789 0.702375 0.000000 0.996758 -0.059993 0.053621 0.000000 0.000000 0.000000 0.000000 1.000000
0.080305 0.699827 -0.709785 -0.035610 0.005056 0.711789 0.702375 0.000000 0.996758 -0.059993 0.053621 0.000000 0.000000 0.000000 0.000000 1.000000
0.080305 0.699827 -0.709785 -0.035610 0.005056 0.711789 0.702375 0.000000 0.996758 -0.059993 0.053621 -0.000000 0.000000 0.000000 0.000000 1.000000
0.080305 0.699826 -0.709785 -0.035610 0.005056 0.711789 0.702375 0.000000 0.996758 -0.059993 0.053621 0.000000 0.000000 0.000000 0.000000 1.000000
0.080305 0.699827 -0.709785 -0.035610 0.005056 0.711789 0.702375 0.000000 0.996758 -0.059993 0.053621 0.000000 0.000000 0.000000 0.000000 1.000000</float_array>
          <technique_common>
            <accessor source="#Bip01_Pelvis-Matrix-animation-output-transform-array" count="25" stride="16">
              <param type="float4x4"/>
            </accessor>
          </technique_common>
        </source>
        <source id="Bip01_Pelvis-Interpolations">
          <Name_array id="Bip01_Pelvis-Interpolations-array" count="25">
 LINEAR LINEAR LINEAR LINEAR LINEAR LINEAR LINEAR LINEAR LINEAR LINEAR LINEAR
LINEAR LINEAR LINEAR LINEAR LINEAR LINEAR LINEAR LINEAR LINEAR LINEAR LINEAR LINEAR
LINEAR LINEAR</Name_array>
          <technique_common>
            <accessor source="#Bip01_Pelvis-Interpolations-array" count="25">
              <param type="name"/>
            </accessor>
          </technique_common>
        </source>
        <sampler id="Bip01_Pelvis-Matrix-animation-transform">
          <input semantic="INPUT" source="#Bip01_Pelvis-Matrix-animation-input"/>
          <input semantic="OUTPUT" source="#Bip01_Pelvis-Matrix-animation-output-transform"/>
          <input semantic="INTERPOLATION" source="#Bip01_Pelvis-Interpolations"/>
        </sampler>
        <channel source="#Bip01_Pelvis-Matrix-animation-transform" target="Bip01_Pelvis/matrix"/>
      </animation>
    </animation>
    <animation id="Bip01_Spine-anim" name="Bip01_Spine">
      <animation>
        <source id="Bip01_Spine-Matrix-animation-input">
          <float_array id="Bip01_Spine-Matrix-animation-input-array" count="25">

0.000000 0.033333 0.066667 0.100000 0.133333 0.166667 0.200000 0.233333 0.266667 0.300000 0.333333 0.366667 0.400000 0.433333 0.466667 0.500000
0.533333 0.566667 0.600000 0.633333 0.666667 0.700000 0.733333 0.766667 0.800000</float_array>
          <technique_common>
            <accessor source="#Bip01_Spine-Matrix-animation-input-array" count="25">
              <param name="TIME" type="float"/>
            </accessor>
          </technique_common>
        </source>
        <source id="Bip01_Spine-Matrix-animation-output-transform">
          <float_array id="Bip01_Spine-Matrix-animation-output-transform-array" count="400">

0.999838 0.009441 0.015303 0.098290 -0.010817 0.995660 0.092435 -0.006093 -0.014364 -0.092585 0.995601 0.005304 0.000000 0.000000 0.000000 1.000000
0.999794 0.018977 0.007243 0.098288 -0.019647 0.994004 0.107566 -0.006092 -0.005158 -0.107686 0.994172 0.005307 0.000000 0.000000 0.000000 1.000000
0.999227 0.038404 -0.008437 0.098285 -0.036875 0.989751 0.137959 -0.006092 0.013649 -0.137541 0.990402 0.005312 0.000000 0.000000 0.000000 1.000000
0.998384 0.053268 -0.019800 0.098282 -0.049404 0.985743 0.160843 -0.006091 0.028085 -0.159605 0.986781 0.005316 0.000000 0.000000 0.000000 1.000000
0.998705 0.048286 -0.016051 0.098283 -0.045266 0.987157 0.153208 -0.006091 0.023242 -0.152283 0.988064 0.005315 0.000000 0.000000 0.000000 1.000000
0.999838 0.009441 0.015303 0.098290 -0.010817 0.995660 0.092435 -0.006093 -0.014364 -0.092585 0.995601 0.005304 0.000000 0.000000 0.000000 1.000000
0.984903 -0.105961 0.136891 0.098310 0.120759 0.987141 -0.104735 -0.006091 -0.124033 0.119684 0.985034 0.005266 0.000000 0.000000 0.000000 1.000000
0.910173 -0.220512 0.350656 0.098330 0.347036 0.868130 -0.354847 -0.006070 -0.226167 0.444663 0.866674 0.005209 0.000000 0.000000 0.000000 1.000000
0.814925 -0.249316 0.523201 0.098335 0.526042 0.697099 -0.487168 -0.006040 -0.243264 0.672231 0.699234 0.005168 0.000000 0.000000 0.000000 1.000000
0.785741 -0.246164 0.567464 0.098335 0.572197 0.637728 -0.515649 -0.006029 -0.234953 0.729868 0.641943 0.005158 0.000000 0.000000 0.000000 1.000000
0.814925 -0.249316 0.523201 0.098335 0.526042 0.697099 -0.487168 -0.006040 -0.243264 0.672231 0.699234 0.005168 0.000000 0.000000 0.000000 1.000000
0.871458 -0.243443 0.425790 0.098334 0.419874 0.818994 -0.391093 -0.006061 -0.253510 0.519599 0.815934 0.005195 0.000000 0.000000 0.000000 1.000000
0.931808 -0.204055 0.300158 0.098327 0.278614 0.932153 -0.231225 -0.006081 -0.232611 0.299085 0.925440 0.005235 0.000000 0.000000 0.000000 1.000000
0.975506 -0.128560 0.178497 0.098314 0.136729 0.990019 -0.034189 -0.006092 -0.172320 0.057757 0.983346 0.005277 0.000000 0.000000 0.000000 1.000000
0.995257 -0.040669 0.088370 0.098298 0.027266 0.988626 0.147904 -0.006091 -0.093380 -0.144793 0.985046 0.005313 0.000000 0.000000 0.000000 1.000000
0.998898 0.021513 0.041710 0.098287 -0.031678 0.964811 0.261031 -0.006087 -0.034626 -0.262064 0.964429 0.005334 0.000000 0.000000 0.000000 1.000000
0.998434 0.050862 0.023300 0.098282 -0.055591 0.948748 0.311107 -0.006084 -0.006282 -0.311915 0.950089 0.005343 0.000000 0.000000 0.000000 1.000000
0.997665 0.066816 0.014147 0.098279 -0.067665 0.938875 0.337544 -0.006083 0.009271 -0.337713 0.941204 0.005348 0.000000 0.000000 0.000000 1.000000
0.997370 0.071552 0.011540 0.098278 -0.071130 0.935796 0.345291 -0.006082 0.013908 -0.345204 0.938425 0.005349 0.000000 0.000000 0.000000 1.000000
0.997609 0.067762 0.013622 0.098279 -0.068361 0.938265 0.339094 -0.006083 0.010196 -0.339214 0.940654 0.005348 0.000000 0.000000 0.000000 1.000000
0.998117 0.058340 0.018937 0.098281 -0.061328 0.944216 0.323565 -0.006084 0.000996 -0.324117 0.946016 0.005345 0.000000 0.000000 0.000000 1.000000
0.998591 0.046216 0.026076 0.098283 -0.051955 0.951476 0.303306 -0.006085 -0.010793 -0.304234 0.952536 0.005342 0.000000 0.000000 0.000000 1.000000
0.998853 0.034238 0.033469 0.098285 -0.042326 0.958191 0.282980 -0.006086 -0.022381 -0.284072 0.958541 0.005338 0.000000 0.000000 0.000000 1.000000
0.998910 0.025130 0.039326 0.098287 -0.034750 0.962985 0.267307 -0.006087 -0.031153 -0.268383 0.962808 0.005335 0.000000 0.000000 0.000000 1.000000
0.998898 0.021513 0.041710 0.098287 -0.031678 0.964811 0.261031 -0.006087 -0.034626 -0.262064 0.964429 0.005334 0.000000 0.000000 0.000000 1.000000</float_array>
          <technique_common>
            <accessor source="#Bip01_Spine-Matrix-animation-output-transform-array" count="25" stride="16">
              <param type="float4x4"/>
            </accessor>
          </technique_common>
        </source>
        <source id="Bip01_Spine-Interpolations">
          <Name_array id="Bip01_Spine-Interpolations-array" count="25">
 LINEAR LINEAR LINEAR LINEAR LINEAR LINEAR LINEAR LINEAR LINEAR LINEAR LINEAR
LINEAR LINEAR LINEAR LINEAR LINEAR LINEAR LINEAR LINEAR LINEAR LINEAR LINEAR LINEAR
LINEAR LINEAR</Name_array>
          <technique_common>
            <accessor source="#Bip01_Spine-Interpolations-array" count="25">
              <param type="name"/>
            </accessor>
          </technique_common>
        </source>
        <sampler id="Bip01_Spine-Matrix-animation-transform">
          <input semantic="INPUT" source="#Bip01_Spine-Matrix-animation-input"/>
          <input semantic="OUTPUT" source="#Bip01_Spine-Matrix-animation-output-transform"/>
          <input semantic="INTERPOLATION" source="#Bip01_Spine-Interpolations"/>
        </sampler>
        <channel source="#Bip01_Spine-Matrix-animation-transform" target="Bip01_Spine/matrix"/>
      </animation>
    </animation>
    <animation id="Bip01_Spine1-anim" name="Bip01_Spine1">
      <animation>
        <source id="Bip01_Spine1-Matrix-animation-input">
          <float_array id="Bip01_Spine1-Matrix-animation-input-array" count="25">

0.000000 0.033333 0.066667 0.100000 0.133333 0.166667 0.200000 0.233333 0.266667 0.300000 0.333333 0.366667 0.400000 0.433333 0.466667 0.500000
0.533333 0.566667 0.600000 0.633333 0.666667 0.700000 0.733333 0.766667 0.800000</float_array>
          <technique_common>
            <accessor source="#Bip01_Spine1-Matrix-animation-input-array" count="25">
              <param name="TIME" type="float"/>
            </accessor>
          </technique_common>
        </source>
        <source id="Bip01_Spine1-Matrix-animation-output-transform">
          <float_array id="Bip01_Spine1-Matrix-animation-output-transform-array" count="400">

0.994190 0.082304 -0.069376 0.222932 -0.104784 0.887524 -0.448688 -0.000158 0.024644 0.453350 0.890992 -0.000080 0.000000 0.000000 0.000000 1.000000
0.994282 0.080436 -0.070241 0.222932 -0.103714 0.884046 -0.455748 -0.000157 0.025438 0.460427 0.887333 -0.000082 0.000000 0.000000 0.000000 1.000000
0.994458 0.076679 -0.071927 0.222933 -0.101594 0.876915 -0.469785 -0.000156 0.027052 0.474489 0.879846 -0.000084 0.000000 0.000000 0.000000 1.000000
0.994583 0.073844 -0.073152 0.222934 -0.100021 0.871418 -0.480237 -0.000155 0.028284 0.484952 0.874083 -0.000086 0.000000 0.000000 0.000000 1.000000
0.994542 0.074790 -0.072748 0.222934 -0.100544 0.873264 -0.476760 -0.000155 0.027871 0.481473 0.876018 -0.000085 0.000000 0.000000 0.000000 1.000000
0.994190 0.082304 -0.069376 0.222932 -0.104784 0.887524 -0.448688 -0.000158 0.024644 0.453350 0.890992 -0.000080 0.000000 0.000000 0.000000 1.000000
0.992688 0.106811 -0.056240 0.222928 -0.119806 0.928773 -0.350752 -0.000165 0.014771 0.354925 0.934778 -0.000063 0.000000 0.000000 0.000000 1.000000
0.989537 0.140790 -0.031546 0.222922 -0.144248 0.970010 -0.195638 -0.000172 0.003056 0.198141 0.980169 -0.000035 0.000000 0.000000 0.000000 1.000000
0.986383 0.164241 -0.008560 0.222918 -0.164432 0.983839 -0.070867 -0.000175 -0.003218 0.071310 0.997449 -0.000013 0.000000 0.000000 0.000000 1.000000
0.986229 0.165215 -0.007466 0.222917 -0.165348 0.984073 -0.065273 -0.000175 -0.003436 0.065609 0.997840 -0.000012 0.000000 0.000000 0.000000 1.000000
0.986383 0.164241 -0.008559 0.222918 -0.164432 0.983839 -0.070868 -0.000175 -0.003218 0.071310 0.997449 -0.000013 0.000000 0.000000 0.000000 1.000000
0.984321 0.176286 0.005931 0.222915 -0.176296 0.984337 0.001220 -0.000175 -0.005623 -0.002247 0.999982 0.000000 0.000000 0.000000 0.000000 1.000000
0.981423 0.190113 0.025785 0.222913 -0.191711 0.976980 0.093573 -0.000173 -0.007402 -0.096778 0.995279 0.000017 0.000000 0.000000 0.000000 1.000000
0.978163 0.202322 0.047578 0.222911 -0.207699 0.959992 0.187821 -0.000170 -0.007674 -0.193602 0.981050 0.000034 0.000000 0.000000 0.000000 1.000000
0.975201 0.210946 0.066967 0.222909 -0.221221 0.938158 0.266310 -0.000167 -0.006648 -0.274520 0.961558 0.000049 0.000000 0.000000 0.000000 1.000000
0.973319 0.215384 0.079116 0.222908 -0.229390 0.921577 0.313172 -0.000164 -0.005459 -0.322965 0.946395 0.000057 0.000000 0.000000 0.000000 1.000000
0.972465 0.217154 0.084589 0.222908 -0.232998 0.913418 0.333734 -0.000162 -0.004793 -0.344254 0.938864 0.000061 0.000000 0.000000 0.000000 1.000000
0.972008 0.218043 0.087512 0.222908 -0.234908 0.908891 0.344581 -0.000161 -0.004406 -0.355492 0.934669 0.000063 0.000000 0.000000 0.000000 1.000000
0.971873 0.218297 0.088374 0.222908 -0.235468 0.907534 0.347760 -0.000161 -0.004287 -0.358788 0.933409 0.000064 0.000000 0.000000 0.000000 1.000000
0.971981 0.218094 0.087684 0.222908 -0.235020 0.908620 0.345217 -0.000161 -0.004382 -0.356152 0.934418 0.000063 0.000000 0.000000 0.000000 1.000000
0.972250 0.217577 0.085963 0.222908 -0.233897 0.911305 0.338846 -0.000162 -0.004614 -0.349549 0.936907 0.000062 0.000000 0.000000 0.000000 1.000000
0.972599 0.216886 0.083731 0.222908 -0.232435 0.914725 0.330534 -0.000162 -0.004903 -0.340939 0.940072 0.000061 0.000000 0.000000 0.000000 1.000000
0.972947 0.216174 0.081505 0.222908 -0.230971 0.918066 0.322191 -0.000163 -0.005178 -0.332300 0.943159 0.000059 0.000000 0.000000 0.000000 1.000000
0.973213 0.215612 0.079798 0.222908 -0.229842 0.920583 0.315753 -0.000163 -0.005380 -0.325636 0.945480 0.000058 0.000000 0.000000 0.000000 1.000000
0.973319 0.215384 0.079116 0.222908 -0.229390 0.921577 0.313172 -0.000164 -0.005459 -0.322965 0.946395 0.000057 0.000000 0.000000 0.000000 1.000000</float_array>
          <technique_common>
            <accessor source="#Bip01_Spine1-Matrix-animation-output-transform-array" count="25" stride="16">
              <param type="float4x4"/>
            </accessor>
          </technique_common>
        </source>
        <source id="Bip01_Spine1-Interpolations">
          <Name_array id="Bip01_Spine1-Interpolations-array" count="25">
 LINEAR LINEAR LINEAR LINEAR LINEAR LINEAR LINEAR LINEAR LINEAR LINEAR LINEAR
LINEAR LINEAR LINEAR LINEAR LINEAR LINEAR LINEAR LINEAR LINEAR LINEAR LINEAR LINEAR
LINEAR LINEAR</Name_array>
          <technique_common>
            <accessor source="#Bip01_Spine1-Interpolations-array" count="25">
              <param type="name"/>
            </accessor>
          </technique_common>
        </source>
        <sampler id="Bip01_Spine1-Matrix-animation-transform">
          <input semantic="INPUT" source="#Bip01_Spine1-Matrix-animation-input"/>
          <input semantic="OUTPUT" source="#Bip01_Spine1-Matrix-animation-output-transform"/>
          <input semantic="INTERPOLATION" source="#Bip01_Spine1-Interpolations"/>
        </sampler>
        <channel source="#Bip01_Spine1-Matrix-animation-transform" target="Bip01_Spine1/matrix"/>
      </animation>
    </animation>
    <animation id="Bip01_Neck-anim" name="Bip01_Neck">
      <animation>
        <source id="Bip01_Neck-Matrix-animation-input">
          <float_array id="Bip01_Neck-Matrix-animation-input-array" count="25">

0.000000 0.033333 0.066667 0.100000 0.133333 0.166667 0.200000 0.233333 0.266667 0.300000 0.333333 0.366667 0.400000 0.433333 0.466667 0.500000
0.533333 0.566667 0.600000 0.633333 0.666667 0.700000 0.733333 0.766667 0.800000</float_array>
          <technique_common>
            <accessor source="#Bip01_Neck-Matrix-animation-input-array" count="25">
              <param name="TIME" type="float"/>
            </accessor>
          </technique_common>
        </source>
        <source id="Bip01_Neck-Matrix-animation-output-transform">
          <float_array id="Bip01_Neck-Matrix-animation-output-transform-array" count="400">

0.965926 -0.258819 -0.000001 0.222970 0.258819 0.965926 -0.000000 -0.000087 0.000001 -0.000000 1.000000 -0.000000 0.000000 0.000000 0.000000 1.000000
0.965926 -0.258819 -0.000001 0.222970 0.258819 0.965926 -0.000000 -0.000087 0.000001 -0.000000 1.000000 0.000000 0.000000 0.000000 0.000000 1.000000
0.965926 -0.258819 -0.000001 0.222970 0.258819 0.965926 -0.000000 -0.000087 0.000001 -0.000000 1.000000 0.000000 0.000000 0.000000 0.000000 1.000000
0.965926 -0.258819 -0.000001 0.222970 0.258819 0.965926 -0.000000 -0.000087 0.000001 -0.000000 1.000000 0.000000 0.000000 0.000000 0.000000 1.000000
0.965926 -0.258819 -0.000001 0.222970 0.258819 0.965926 -0.000000 -0.000087 0.000001 -0.000000 1.000000 0.000000 0.000000 0.000000 0.000000 1.000000
0.965926 -0.258819 -0.000001 0.222970 0.258819 0.965926 -0.000000 -0.000087 0.000001 -0.000000 1.000000 0.000000 0.000000 0.000000 0.000000 1.000000
0.965926 -0.258819 -0.000001 0.222970 0.258819 0.965926 -0.000000 -0.000086 0.000001 -0.000000 1.000000 -0.000000 0.000000 0.000000 0.000000 1.000000
0.965926 -0.258819 -0.000001 0.222970 0.258819 0.965926 -0.000000 -0.000087 0.000001 -0.000000 1.000000 -0.000000 0.000000 0.000000 0.000000 1.000000
0.965926 -0.258819 -0.000001 0.222970 0.258819 0.965926 -0.000000 -0.000087 0.000001 -0.000000 1.000000 0.000000 0.000000 0.000000 0.000000 1.000000
0.965926 -0.258819 -0.000001 0.222970 0.258819 0.965926 -0.000000 -0.000087 0.000001 -0.000000 1.000000 -0.000000 0.000000 0.000000 0.000000 1.000000
0.965926 -0.258819 -0.000001 0.222970 0.258819 0.965926 -0.000000 -0.000087 0.000001 -0.000000 1.000000 0.000000 0.000000 0.000000 0.000000 1.000000
0.965926 -0.258819 -0.000001 0.222970 0.258819 0.965926 -0.000000 -0.000087 0.000001 -0.000000 1.000000 0.000000 0.000000 0.000000 0.000000 1.000000
0.965926 -0.258819 -0.000001 0.222970 0.258819 0.965926 -0.000000 -0.000087 0.000001 -0.000000 1.000000 -0.000000 0.000000 0.000000 0.000000 1.000000
0.965926 -0.258819 -0.000001 0.222970 0.258819 0.965926 -0.000000 -0.000086 0.000001 -0.000000 1.000000 -0.000000 0.000000 0.000000 0.000000 1.000000
0.965926 -0.258819 -0.000001 0.222970 0.258819 0.965926 -0.000000 -0.000087 0.000001 -0.000000 1.000000 -0.000000 0.000000 0.000000 0.000000 1.000000
0.965926 -0.258819 -0.000001 0.222970 0.258819 0.965926 -0.000000 -0.000087 0.000001 -0.000000 1.000000 -0.000000 0.000000 0.000000 0.000000 1.000000
0.965926 -0.258819 -0.000001 0.222970 0.258819 0.965926 -0.000000 -0.000087 0.000001 -0.000000 1.000000 -0.000000 0.000000 0.000000 0.000000 1.000000
0.965926 -0.258819 -0.000001 0.222970 0.258819 0.965926 -0.000000 -0.000087 0.000001 -0.000000 1.000000 0.000000 0.000000 0.000000 0.000000 1.000000
0.965926 -0.258819 -0.000001 0.222970 0.258819 0.965926 -0.000000 -0.000087 0.000001 -0.000000 1.000000 -0.000000 0.000000 0.000000 0.000000 1.000000
0.965926 -0.258819 -0.000001 0.222970 0.258819 0.965926 -0.000000 -0.000087 0.000001 -0.000000 1.000000 0.000000 0.000000 0.000000 0.000000 1.000000
0.965926 -0.258819 -0.000001 0.222970 0.258819 0.965926 -0.000000 -0.000087 0.000001 -0.000000 1.000000 -0.000000 0.000000 0.000000 0.000000 1.000000
0.965926 -0.258819 -0.000001 0.222970 0.258819 0.965926 -0.000000 -0.000087 0.000001 -0.000000 1.000000 0.000000 0.000000 0.000000 0.000000 1.000000
0.965926 -0.258819 -0.000001 0.222970 0.258819 0.965926 -0.000000 -0.000087 0.000001 -0.000000 1.000000 0.000000 0.000000 0.000000 0.000000 1.000000
0.965926 -0.258819 -0.000001 0.222970 0.258819 0.965926 -0.000000 -0.000087 0.000001 -0.000000 1.000000 -0.000000 0.000000 0.000000 0.000000 1.000000
0.965926 -0.258819 -0.000001 0.222970 0.258819 0.965926 -0.000000 -0.000087 0.000001 -0.000000 1.000000 -0.000000 0.000000 0.000000 0.000000 1.000000</float_array>
          <technique_common>
            <accessor source="#Bip01_Neck-Matrix-animation-output-transform-array" count="25" stride="16">
              <param type="float4x4"/>
            </accessor>
          </technique_common>
        </source>
        <source id="Bip01_Neck-Interpolations">
          <Name_array id="Bip01_Neck-Interpolations-array" count="25">
 LINEAR LINEAR LINEAR LINEAR LINEAR LINEAR LINEAR LINEAR LINEAR LINEAR LINEAR
LINEAR LINEAR LINEAR LINEAR LINEAR LINEAR LINEAR LINEAR LINEAR LINEAR LINEAR LINEAR
LINEAR LINEAR</Name_array>
          <technique_common>
            <accessor source="#Bip01_Neck-Interpolations-array" count="25">
              <param type="name"/>
            </accessor>
          </technique_common>
        </source>
        <sampler id="Bip01_Neck-Matrix-animation-transform">
          <input semantic="INPUT" source="#Bip01_Neck-Matrix-animation-input"/>
          <input semantic="OUTPUT" source="#Bip01_Neck-Matrix-animation-output-transform"/>
          <input semantic="INTERPOLATION" source="#Bip01_Neck-Interpolations"/>
        </sampler>
        <channel source="#Bip01_Neck-Matrix-animation-transform" target="Bip01_Neck/matrix"/>
      </animation>
    </animation>
    <animation id="Bip01_L_Clavicle-anim" name="Bip01_L_Clavicle">
      <animation>
        <source id="Bip01_L_Clavicle-Matrix-animation-input">
          <float_array id="Bip01_L_Clavicle-Matrix-animation-input-array" count="25">

0.000000 0.033333 0.066667 0.100000 0.133333 0.166667 0.200000 0.233333 0.266667 0.300000 0.333333 0.366667 0.400000 0.433333 0.466667 0.500000
0.533333 0.566667 0.600000 0.633333 0.666667 0.700000 0.733333 0.766667 0.800000</float_array>
          <technique_common>
            <accessor source="#Bip01_L_Clavicle-Matrix-animation-input-array" count="25">
              <param name="TIME" type="float"/>
            </accessor>
          </technique_common>
        </source>
        <source id="Bip01_L_Clavicle-Matrix-animation-output-transform">
          <float_array id="Bip01_L_Clavicle-Matrix-animation-output-transform-array" count="400">

-0.099206 -0.250743 0.962957 0.000000 0.290711 -0.932814 -0.212944 0.000089 0.951654 0.258816 0.165434 0.030012 0.000000 0.000000 0.000000 1.000000
-0.099206 -0.250743 0.962957 0.000000 0.290711 -0.932814 -0.212944 0.000089 0.951654 0.258816 0.165434 0.030012 0.000000 0.000000 0.000000 1.000000
-0.099206 -0.250743 0.962957 0.000000 0.290711 -0.932814 -0.212945 0.000089 0.951654 0.258817 0.165434 0.030012 0.000000 0.000000 0.000000 1.000000
-0.099206 -0.250743 0.962957 0.000000 0.290711 -0.932814 -0.212944 0.000089 0.951654 0.258816 0.165434 0.030012 0.000000 0.000000 0.000000 1.000000
-0.099206 -0.250743 0.962957 -0.000000 0.290711 -0.932814 -0.212945 0.000090 0.951654 0.258816 0.165434 0.030012 0.000000 0.000000 0.000000 1.000000
-0.099206 -0.250743 0.962957 0.000000 0.290711 -0.932814 -0.212944 0.000089 0.951654 0.258816 0.165434 0.030012 0.000000 0.000000 0.000000 1.000000
0.023660 -0.240244 0.970424 0.000000 0.384717 -0.893754 -0.230643 0.000089 0.922731 0.378796 0.071279 0.030012 0.000000 0.000000 0.000000 1.000000
0.145192 -0.225893 0.963271 0.000000 0.471082 -0.840367 -0.268076 0.000089 0.870058 0.492703 -0.015600 0.030012 0.000000 0.000000 0.000000 1.000000
0.234785 -0.212642 0.948504 0.000000 0.528437 -0.791073 -0.308153 0.000089 0.815862 0.573574 -0.073364 0.030012 0.000000 0.000000 0.000000 1.000000
0.267764 -0.206142 0.941174 0.000000 0.553194 -0.766891 -0.325353 0.000089 0.788846 0.607770 -0.091309 0.030012 0.000000 0.000000 0.000000 1.000000
0.234785 -0.212642 0.948504 0.000000 0.528437 -0.791073 -0.308153 0.000089 0.815862 0.573574 -0.073364 0.030012 0.000000 0.000000 0.000000 1.000000
0.144964 -0.229964 0.962342 0.000000 0.441257 -0.855513 -0.270905 0.000089 0.885594 0.463912 -0.022546 0.030012 0.000000 0.000000 0.000000 1.000000
0.025709 -0.246634 0.968768 -0.000000 0.315589 -0.917528 -0.241964 0.000090 0.948547 0.311954 0.054246 0.030012 0.000000 0.000000 0.000000 1.000000
-0.099637 -0.256807 0.961313 0.000000 0.176414 -0.955374 -0.236936 0.000090 0.979260 0.145982 0.140495 0.030012 0.000000 0.000000 0.000000 1.000000
-0.205803 -0.259588 0.943535 0.000000 0.056629 -0.965719 -0.253339 0.000089 0.976954 0.001294 0.213449 0.030012 0.000000 0.000000 0.000000 1.000000
-0.269562 -0.258600 0.927611 0.000000 -0.014774 -0.962044 -0.272493 0.000089 0.962870 -0.087158 0.255510 0.030012 0.000000 0.000000 0.000000 1.000000
-0.297558 -0.257509 0.919319 0.000000 -0.045770 -0.957982 -0.283153 0.000090 0.953606 -0.126331 0.273270 0.030012 0.000000 0.000000 0.000000 1.000000
-0.312322 -0.256766 0.914618 0.000000 -0.061994 -0.955219 -0.289333 0.000090 0.947951 -0.147066 0.282418 0.030012 0.000000 0.000000 0.000000 1.000000
-0.316649 -0.256526 0.913197 0.000000 -0.066731 -0.954326 -0.291218 0.000090 0.946193 -0.153153 0.285068 0.030012 0.000000 0.000000 0.000000 1.000000
-0.313188 -0.256718 0.914335 0.000000 -0.062943 -0.955043 -0.289708 0.000089 0.947603 -0.148284 0.282949 0.030012 0.000000 0.000000 0.000000 1.000000
-0.304516 -0.257173 0.917133 0.000000 -0.053427 -0.956734 -0.286017 0.000089 0.951008 -0.136096 0.277601 0.030012 0.000000 0.000000 0.000000 1.000000
-0.293201 -0.257705 0.920663 0.000000 -0.040964 -0.958715 -0.281402 0.000089 0.955173 -0.120222 0.270540 0.030012 0.000000 0.000000 0.000000 1.000000
-0.281842 -0.258172 0.924074 0.000000 -0.028404 -0.960451 -0.276998 0.000089 0.959040 -0.104317 0.263363 0.030012 0.000000 0.000000 0.000000 1.000000
-0.273076 -0.258486 0.926615 0.000000 -0.018679 -0.961618 -0.273755 0.000089 0.961811 -0.092064 0.257766 0.030012 0.000000 0.000000 0.000000 1.000000
-0.269562 -0.258600 0.927611 0.000000 -0.014774 -0.962044 -0.272493 0.000089 0.962870 -0.087158 0.255510 0.030012 0.000000 0.000000 0.000000 1.000000</float_array>
          <technique_common>
            <accessor source="#Bip01_L_Clavicle-Matrix-animation-output-transform-array" count="25" stride="16">
              <param type="float4x4"/>
            </accessor>
          </technique_common>
        </source>
        <source id="Bip01_L_Clavicle-Interpolations">
          <Name_array id="Bip01_L_Clavicle-Interpolations-array" count="25">
 LINEAR LINEAR LINEAR LINEAR LINEAR LINEAR LINEAR LINEAR LINEAR LINEAR LINEAR
LINEAR LINEAR LINEAR LINEAR LINEAR LINEAR LINEAR LINEAR LINEAR LINEAR LINEAR LINEAR
LINEAR LINEAR</Name_array>
          <technique_common>
            <accessor source="#Bip01_L_Clavicle-Interpolations-array" count="25">
              <param type="name"/>
            </accessor>
          </technique_common>
        </source>
        <sampler id="Bip01_L_Clavicle-Matrix-animation-transform">
          <input semantic="INPUT" source="#Bip01_L_Clavicle-Matrix-animation-input"/>
          <input semantic="OUTPUT" source="#Bip01_L_Clavicle-Matrix-animation-output-transform"/>
          <input semantic="INTERPOLATION" source="#Bip01_L_Clavicle-Interpolations"/>
        </sampler>
        <channel source="#Bip01_L_Clavicle-Matrix-animation-transform" target="Bip01_L_Clavicle/matrix"/>
      </animation>
    </animation>
    <animation id="Bip01_L_UpperArm-anim" name="Bip01_L_UpperArm">
      <animation>
        <source id="Bip01_L_UpperArm-Matrix-animation-input">
          <float_array id="Bip01_L_UpperArm-Matrix-animation-input-array" count="25">

0.000000 0.033333 0.066667 0.100000 0.133333 0.166667 0.200000 0.233333 0.266667 0.300000 0.333333 0.366667 0.400000 0.433333 0.466667 0.500000
0.533333 0.566667 0.600000 0.633333 0.666667 0.700000 0.733333 0.766667 0.800000</float_array>
          <technique_common>
            <accessor source="#Bip01_L_UpperArm-Matrix-animation-input-array" count="25">
              <param name="TIME" type="float"/>
            </accessor>
          </technique_common>
        </source>
        <source id="Bip01_L_UpperArm-Matrix-animation-output-transform">
          <float_array id="Bip01_L_UpperArm-Matrix-animation-output-transform-array" count="400">

0.659656 -0.411865 -0.628666 0.172746 -0.232247 0.683825 -0.691697 -0.000000 0.714784 0.602288 0.355435 -0.000000 0.000000 0.000000 0.000000 1.000000
0.652642 -0.424105 -0.627849 0.172746 -0.230829 0.677971 -0.697906 -0.000000 0.721648 0.600408 0.344577 -0.000000 0.000000 0.000000 0.000000 1.000000
0.638251 -0.448449 -0.625723 0.172746 -0.228021 0.666209 -0.710051 -0.000000 0.735284 0.595868 0.322953 -0.000000 0.000000 0.000000 0.000000 1.000000
0.627142 -0.466574 -0.623700 0.172746 -0.225935 0.657344 -0.718924 -0.000000 0.745417 0.591783 0.306833 0.000000 0.000000 0.000000 0.000000 1.000000
0.630875 -0.460546 -0.624415 0.172746 -0.226628 0.660303 -0.715989 0.000000 0.742049 0.593209 0.312196 0.000000 0.000000 0.000000 0.000000 1.000000
0.659656 -0.411865 -0.628666 0.172746 -0.232247 0.683825 -0.691697 0.000000 0.714784 0.602288 0.355435 0.000000 0.000000 0.000000 0.000000 1.000000
0.800689 0.245523 -0.546458 0.172746 -0.510483 0.757008 -0.407855 0.000000 0.313535 0.605523 0.731463 0.000000 0.000000 0.000000 0.000000 1.000000
0.593082 0.786594 -0.171825 0.172746 -0.794890 0.605989 0.030448 0.000000 0.128074 0.118524 0.984657 0.000000 0.000000 0.000000 0.000000 1.000000
0.351396 0.919857 0.174309 0.172746 -0.892069 0.272463 0.360523 -0.000000 0.284137 -0.282182 0.916318 0.000000 0.000000 0.000000 0.000000 1.000000
0.325727 0.913343 0.244347 0.172746 -0.875437 0.193745 0.442802 0.000000 0.357089 -0.358143 0.862682 -0.000000 0.000000 0.000000 0.000000 1.000000
0.351396 0.919857 0.174309 0.172746 -0.892069 0.272463 0.360523 -0.000000 0.284137 -0.282182 0.916318 0.000000 0.000000 0.000000 0.000000 1.000000
0.300523 0.949087 0.094445 0.172746 -0.945048 0.282946 0.163788 0.000000 0.128726 -0.138477 0.981964 -0.000000 0.000000 0.000000 0.000000 1.000000
0.277420 0.960737 -0.004797 0.172746 -0.955911 0.275519 -0.101599 0.000000 -0.096288 0.032771 0.994814 0.000000 0.000000 0.000000 0.000000 1.000000
0.305709 0.948564 -0.082274 0.172746 -0.893869 0.256168 -0.367934 0.000000 -0.327933 0.186023 0.926205 0.000000 0.000000 0.000000 0.000000 1.000000
0.365574 0.924036 -0.111865 0.172746 -0.785539 0.241824 -0.569605 0.000000 -0.499284 0.296107 0.814270 0.000000 0.000000 0.000000 0.000000 1.000000
0.413486 0.903972 -0.108920 0.172746 -0.698115 0.237959 -0.675286 -0.000000 -0.584522 0.355260 0.729469 0.000000 0.000000 0.000000 0.000000 1.000000
0.436554 0.893872 -0.102050 0.172746 -0.654908 0.237959 -0.717267 0.000000 -0.616860 0.379959 0.689286 -0.000000 0.000000 0.000000 0.000000 1.000000
0.449095 0.888205 -0.096982 0.172746 -0.631014 0.238449 -0.738216 0.000000 -0.632562 0.392726 0.667556 -0.000000 0.000000 0.000000 0.000000 1.000000
0.452812 0.886498 -0.095303 0.172746 -0.623871 0.238661 -0.744194 -0.000000 -0.636982 0.396437 0.661129 -0.000000 0.000000 0.000000 0.000000 1.000000
0.449837 0.887865 -0.096653 0.172746 -0.629590 0.238489 -0.739419 -0.000000 -0.633453 0.393470 0.666272 -0.000000 0.000000 0.000000 0.000000 1.000000
0.442435 0.891231 -0.099788 0.172746 -0.643741 0.238146 -0.727244 0.000000 -0.624379 0.385996 0.679086 -0.000000 0.000000 0.000000 0.000000 1.000000
0.432899 0.895498 -0.103353 0.172746 -0.661815 0.237882 -0.710924 0.000000 -0.612045 0.376158 0.695633 -0.000000 0.000000 0.000000 0.000000 1.000000
0.423478 0.899643 -0.106342 0.172746 -0.679509 0.237816 -0.694055 -0.000000 -0.599112 0.366177 0.712025 0.000000 0.000000 0.000000 0.000000 1.000000
0.416323 0.902750 -0.108251 0.172746 -0.692847 0.237896 -0.680712 -0.000000 -0.588760 0.358397 0.724509 0.000000 0.000000 0.000000 0.000000 1.000000
