<?xml version="1.0" encoding="utf-8"?>
<COLLADA xmlns="http://www.collada.org/2005/11/COLLADASchema" version="1.4.0">
  <asset>
    <contributor>
      <author></author>
      <authoring_tool>FBX COLLADA exporter</authoring_tool>
      <comments></comments>
    </contributor>
    <created>2010-07-12T11:40:20Z</created>
    <modified>2010-07-12T11:40:20Z</modified>
    <revision></revision>
    <title></title>
    <subject></subject>
    <keywords></keywords>
    <unit meter="1.000000"/>
    <up_axis>Y_UP</up_axis>
  </asset>
  <library_animations>
    <animation id="Bip01-anim" name="Bip01">
      <animation>
        <source id="Bip01-Matrix-animation-input">
          <float_array id="Bip01-Matrix-animation-input-array" count="26">

0.000000 0.033333 0.066667 0.100000 0.133333 0.166667 0.200000 0.233333 0.266667 0.300000 0.333333 0.366667 0.400000 0.433333 0.466667 0.500000
0.533333 0.566667 0.600000 0.633333 0.666667 0.700000 0.733333 0.766667 0.800000 0.833333</float_array>
          <technique_common>
            <accessor source="#Bip01-Matrix-animation-input-array" count="26">
              <param name="TIME" type="float"/>
            </accessor>
          </technique_common>
        </source>
        <source id="Bip01-Matrix-animation-output-transform">
          <float_array id="Bip01-Matrix-animation-output-transform-array" count="416">

0.000000 -0.000000 -1.000000 -0.764502 -0.289264 0.957249 -0.000000 -0.010301 0.957249 0.289264 -0.000000 0.036095 0.000000 0.000000 0.000000 1.000000
0.000000 -0.000000 -1.000000 -0.764502 -0.289264 0.957249 -0.000000 -0.010301 0.957249 0.289264 -0.000000 0.025855 0.000000 0.000000 0.000000 1.000000
0.000000 -0.000000 -1.000000 -0.764502 -0.289264 0.957249 -0.000000 -0.010301 0.957249 0.289264 -0.000000 0.015615 0.000000 0.000000 0.000000 1.000000
0.000000 -0.000000 -1.000000 -0.764502 -0.289264 0.957249 -0.000000 -0.010301 0.957249 0.289264 -0.000000 0.005374 0.000000 0.000000 0.000000 1.000000
0.000000 -0.000000 -1.000000 -0.764502 -0.289264 0.957249 -0.000000 -0.010301 0.957249 0.289264 -0.000000 -0.004866 0.000000 0.000000 0.000000 1.000000
0.000000 -0.000000 -1.000000 -0.764502 -0.289264 0.957249 -0.000000 -0.010301 0.957249 0.289264 -0.000000 -0.015106 0.000000 0.000000 0.000000 1.000000
0.000000 -0.000000 -1.000000 -0.764502 -0.289264 0.957249 -0.000000 -0.010301 0.957249 0.289264 -0.000000 -0.015106 0.000000 0.000000 0.000000 1.000000
0.000000 -0.000000 -1.000000 -0.764502 -0.289264 0.957249 -0.000000 -0.010301 0.957249 0.289264 -0.000000 -0.015106 0.000000 0.000000 0.000000 1.000000
0.000000 -0.000000 -1.000000 -0.764502 -0.289264 0.957249 -0.000000 -0.010301 0.957249 0.289264 -0.000000 -0.015106 0.000000 0.000000 0.000000 1.000000
0.000000 -0.000000 -1.000000 -0.764502 -0.289264 0.957249 -0.000000 -0.010301 0.957249 0.289264 -0.000000 -0.015106 0.000000 0.000000 0.000000 1.000000
0.000000 -0.000000 -1.000000 -0.764502 -0.289264 0.957249 -0.000000 -0.010301 0.957249 0.289264 -0.000000 -0.015106 0.000000 0.000000 0.000000 1.000000
0.000000 -0.000000 -1.000000 -0.764502 -0.289264 0.957249 -0.000000 -0.010301 0.957249 0.289264 -0.000000 -0.015106 0.000000 0.000000 0.000000 1.000000
0.000000 -0.000000 -1.000000 -0.764502 -0.289264 0.957249 -0.000000 -0.010301 0.957249 0.289264 -0.000000 -0.015106 0.000000 0.000000 0.000000 1.000000
0.000000 -0.000000 -1.000000 -0.764502 -0.289264 0.957249 -0.000000 -0.010301 0.957249 0.289264 -0.000000 -0.015106 0.000000 0.000000 0.000000 1.000000
0.000000 -0.000000 -1.000000 -0.764502 -0.289264 0.957249 -0.000000 -0.010301 0.957249 0.289264 -0.000000 -0.015106 0.000000 0.000000 0.000000 1.000000
0.000000 -0.000000 -1.000000 -0.764502 -0.289264 0.957249 -0.000000 -0.010301 0.957249 0.289264 -0.000000 -0.015106 0.000000 0.000000 0.000000 1.000000
0.000000 -0.000000 -1.000000 -0.764502 -0.289264 0.957249 -0.000000 -0.010301 0.957249 0.289264 -0.000000 -0.015106 0.000000 0.000000 0.000000 1.000000
0.000000 -0.000000 -1.000000 -0.764502 -0.289264 0.957249 -0.000000 -0.010301 0.957249 0.289264 -0.000000 -0.015106 0.000000 0.000000 0.000000 1.000000
0.000000 -0.000000 -1.000000 -0.764502 -0.289264 0.957249 -0.000000 -0.010301 0.957249 0.289264 -0.000000 -0.015106 0.000000 0.000000 0.000000 1.000000
0.000000 -0.000000 -1.000000 -0.764502 -0.289264 0.957249 -0.000000 -0.010301 0.957249 0.289264 -0.000000 -0.015106 0.000000 0.000000 0.000000 1.000000
0.000000 -0.000000 -1.000000 -0.764502 -0.289264 0.957249 -0.000000 -0.010301 0.957249 0.289264 -0.000000 -0.015106 0.000000 0.000000 0.000000 1.000000
0.000000 -0.000000 -1.000000 -0.764502 -0.289264 0.957249 -0.000000 -0.010301 0.957249 0.289264 -0.000000 -0.015106 0.000000 0.000000 0.000000 1.000000
0.000000 -0.000000 -1.000000 -0.764502 -0.289264 0.957249 -0.000000 -0.010301 0.957249 0.289264 -0.000000 -0.015106 0.000000 0.000000 0.000000 1.000000
0.000000 -0.000000 -1.000000 -0.764502 -0.289264 0.957249 -0.000000 -0.010301 0.957249 0.289264 -0.000000 -0.015106 0.000000 0.000000 0.000000 1.000000
0.000000 -0.000000 -1.000000 -0.764502 -0.289264 0.957249 -0.000000 -0.010301 0.957249 0.289264 -0.000000 -0.015106 0.000000 0.000000 0.000000 1.000000
0.000000 -0.000000 -1.000000 -0.764502 -0.289264 0.957249 -0.000000 -0.010301 0.957249 0.289264 -0.000000 -0.015106 0.000000 0.000000 0.000000 1.000000</float_array>
          <technique_common>
            <accessor source="#Bip01-Matrix-animation-output-transform-array" count="26" stride="16">
              <param type="float4x4"/>
            </accessor>
          </technique_common>
        </source>
        <source id="Bip01-Interpolations">
          <Name_array id="Bip01-Interpolations-array" count="26">
 LINEAR LINEAR LINEAR LINEAR LINEAR LINEAR LINEAR LINEAR LINEAR LINEAR LINEAR
LINEAR LINEAR LINEAR LINEAR LINEAR LINEAR LINEAR LINEAR LINEAR LINEAR LINEAR LINEAR
LINEAR LINEAR LINEAR</Name_array>
          <technique_common>
            <accessor source="#Bip01-Interpolations-array" count="26">
              <param type="name"/>
            </accessor>
          </technique_common>
        </source>
        <sampler id="Bip01-Matrix-animation-transform">
          <input semantic="INPUT" source="#Bip01-Matrix-animation-input"/>
          <input semantic="OUTPUT" source="#Bip01-Matrix-animation-output-transform"/>
          <input semantic="INTERPOLATION" source="#Bip01-Interpolations"/>
        </sampler>
        <channel source="#Bip01-Matrix-animation-transform" target="Bip01/matrix"/>
      </animation>
    </animation>
    <animation id="Bip01_Pelvis-anim" name="Bip01_Pelvis">
      <animation>
        <source id="Bip01_Pelvis-Matrix-animation-input">
          <float_array id="Bip01_Pelvis-Matrix-animation-input-array" count="26">

0.000000 0.033333 0.066667 0.100000 0.133333 0.166667 0.200000 0.233333 0.266667 0.300000 0.333333 0.366667 0.400000 0.433333 0.466667 0.500000
0.533333 0.566667 0.600000 0.633333 0.666667 0.700000 0.733333 0.766667 0.800000 0.833333</float_array>
          <technique_common>
            <accessor source="#Bip01_Pelvis-Matrix-animation-input-array" count="26">
              <param name="TIME" type="float"/>
            </accessor>
          </technique_common>
        </source>
        <source id="Bip01_Pelvis-Matrix-animation-output-transform">
          <float_array id="Bip01_Pelvis-Matrix-animation-output-transform-array" count="416">

0.173647 0.806708 0.564862 -0.035610 -0.000001 -0.573576 0.819153 0.000000 0.984808 -0.142244 -0.099598 0.000000 0.000000 0.000000 0.000000 1.000000
0.173647 0.806708 0.564862 -0.035610 -0.000001 -0.573575 0.819153 0.000000 0.984808 -0.142244 -0.099598 0.000000 0.000000 0.000000 0.000000 1.000000
0.173647 0.806708 0.564862 -0.035610 -0.000001 -0.573576 0.819153 0.000000 0.984808 -0.142244 -0.099598 -0.000000 0.000000 0.000000 0.000000 1.000000
0.173647 0.806708 0.564862 -0.035610 -0.000001 -0.573576 0.819153 0.000000 0.984808 -0.142244 -0.099598 -0.000000 0.000000 0.000000 0.000000 1.000000
0.173647 0.806708 0.564862 -0.035610 -0.000001 -0.573576 0.819153 0.000000 0.984808 -0.142244 -0.099598 0.000000 0.000000 0.000000 0.000000 1.000000
0.173647 0.806708 0.564862 -0.035610 -0.000001 -0.573576 0.819153 0.000000 0.984808 -0.142244 -0.099598 -0.000000 0.000000 0.000000 0.000000 1.000000
0.173647 0.806708 0.564862 -0.035610 -0.000001 -0.573576 0.819153 0.000000 0.984808 -0.142244 -0.099598 -0.000000 0.000000 0.000000 0.000000 1.000000
0.173647 0.806708 0.564862 -0.035610 -0.000001 -0.573576 0.819153 0.000000 0.984808 -0.142244 -0.099598 -0.000000 0.000000 0.000000 0.000000 1.000000
0.173647 0.806708 0.564862 -0.035610 -0.000001 -0.573576 0.819153 0.000000 0.984808 -0.142244 -0.099598 0.000000 0.000000 0.000000 0.000000 1.000000
0.173647 0.806708 0.564862 -0.035610 -0.000001 -0.573576 0.819153 0.000000 0.984808 -0.142244 -0.099598 -0.000000 0.000000 0.000000 0.000000 1.000000
0.173647 0.806708 0.564862 -0.035610 -0.000001 -0.573576 0.819153 0.000000 0.984808 -0.142244 -0.099598 -0.000000 0.000000 0.000000 0.000000 1.000000
0.173647 0.806708 0.564862 -0.035610 -0.000001 -0.573576 0.819153 0.000000 0.984808 -0.142244 -0.099598 -0.000000 0.000000 0.000000 0.000000 1.000000
0.173647 0.806708 0.564862 -0.035610 -0.000001 -0.573575 0.819153 0.000000 0.984808 -0.142244 -0.099598 0.000000 0.000000 0.000000 0.000000 1.000000
0.173647 0.806708 0.564862 -0.035610 -0.000001 -0.573576 0.819153 0.000000 0.984808 -0.142244 -0.099598 -0.000000 0.000000 0.000000 0.000000 1.000000
0.173647 0.806708 0.564862 -0.035610 -0.000001 -0.573576 0.819153 0.000000 0.984808 -0.142244 -0.099598 -0.000000 0.000000 0.000000 0.000000 1.000000
0.173647 0.806708 0.564862 -0.035610 -0.000001 -0.573576 0.819153 0.000000 0.984808 -0.142244 -0.099598 0.000000 0.000000 0.000000 0.000000 1.000000
0.173647 0.806708 0.564862 -0.035610 -0.000001 -0.573576 0.819153 0.000000 0.984808 -0.142244 -0.099598 -0.000000 0.000000 0.000000 0.000000 1.000000
0.173647 0.806708 0.564862 -0.035610 -0.000001 -0.573576 0.819153 0.000000 0.984808 -0.142244 -0.099598 0.000000 0.000000 0.000000 0.000000 1.000000
0.173647 0.806708 0.564862 -0.035610 -0.000001 -0.573576 0.819153 0.000000 0.984808 -0.142244 -0.099598 -0.000000 0.000000 0.000000 0.000000 1.000000
0.173647 0.806708 0.564862 -0.035610 -0.000001 -0.573576 0.819153 0.000000 0.984808 -0.142244 -0.099598 -0.000000 0.000000 0.000000 0.000000 1.000000
0.173647 0.806708 0.564862 -0.035610 -0.000001 -0.573576 0.819153 0.000000 0.984808 -0.142244 -0.099598 -0.000000 0.000000 0.000000 0.000000 1.000000
0.173647 0.806708 0.564862 -0.035610 -0.000001 -0.573576 0.819153 0.000000 0.984808 -0.142244 -0.099598 -0.000000 0.000000 0.000000 0.000000 1.000000
0.173647 0.806708 0.564862 -0.035610 -0.000001 -0.573576 0.819153 0.000000 0.984808 -0.142244 -0.099598 -0.000000 0.000000 0.000000 0.000000 1.000000
0.173647 0.806708 0.564862 -0.035610 -0.000001 -0.573575 0.819153 0.000000 0.984808 -0.142244 -0.099598 0.000000 0.000000 0.000000 0.000000 1.000000
0.173647 0.806708 0.564862 -0.035610 -0.000001 -0.573576 0.819153 0.000000 0.984808 -0.142244 -0.099598 -0.000000 0.000000 0.000000 0.000000 1.000000
0.173647 0.806708 0.564862 -0.035610 -0.000001 -0.573576 0.819153 0.000000 0.984808 -0.142244 -0.099598 -0.000000 0.000000 0.000000 0.000000 1.000000</float_array>
          <technique_common>
            <accessor source="#Bip01_Pelvis-Matrix-animation-output-transform-array" count="26" stride="16">
              <param type="float4x4"/>
            </accessor>
          </technique_common>
        </source>
        <source id="Bip01_Pelvis-Interpolations">
          <Name_array id="Bip01_Pelvis-Interpolations-array" count="26">
 LINEAR LINEAR LINEAR LINEAR LINEAR LINEAR LINEAR LINEAR LINEAR LINEAR LINEAR
LINEAR LINEAR LINEAR LINEAR LINEAR LINEAR LINEAR LINEAR LINEAR LINEAR LINEAR LINEAR
LINEAR LINEAR LINEAR</Name_array>
          <technique_common>
            <accessor source="#Bip01_Pelvis-Interpolations-array" count="26">
              <param type="name"/>
            </accessor>
          </technique_common>
        </source>
        <sampler id="Bip01_Pelvis-Matrix-animation-transform">
          <input semantic="INPUT" source="#Bip01_Pelvis-Matrix-animation-input"/>
          <input semantic="OUTPUT" source="#Bip01_Pelvis-Matrix-animation-output-transform"/>
          <input semantic="INTERPOLATION" source="#Bip01_Pelvis-Interpolations"/>
        </sampler>
        <channel source="#Bip01_Pelvis-Matrix-animation-transform" target="Bip01_Pelvis/matrix"/>
      </animation>
    </animation>
    <animation id="Bip01_Spine-anim" name="Bip01_Spine">
      <animation>
        <source id="Bip01_Spine-Matrix-animation-input">
          <float_array id="Bip01_Spine-Matrix-animation-input-array" count="26">

0.000000 0.033333 0.066667 0.100000 0.133333 0.166667 0.200000 0.233333 0.266667 0.300000 0.333333 0.366667 0.400000 0.433333 0.466667 0.500000
0.533333 0.566667 0.600000 0.633333 0.666667 0.700000 0.733333 0.766667 0.800000 0.833333</float_array>
          <technique_common>
            <accessor source="#Bip01_Spine-Matrix-animation-input-array" count="26">
              <param name="TIME" type="float"/>
            </accessor>
          </technique_common>
        </source>
        <source id="Bip01_Spine-Matrix-animation-output-transform">
          <float_array id="Bip01_Spine-Matrix-animation-output-transform-array" count="416">

0.992824 0.119580 0.000656 0.097092 -0.112587 0.932883 0.342130 -0.014192 0.040300 -0.339749 0.939652 -0.009761 0.000000 0.000000 0.000000 1.000000
0.991844 0.125907 0.019835 0.097091 -0.125091 0.931692 0.341031 -0.014192 0.024458 -0.340731 0.939843 -0.009761 0.000000 0.000000 0.000000 1.000000
0.990232 0.133068 0.041641 0.097089 -0.139282 0.930241 0.339488 -0.014192 0.006439 -0.341971 0.939688 -0.009761 0.000000 0.000000 0.000000 1.000000
0.988237 0.139754 0.062097 0.097088 -0.152570 0.928787 0.337754 -0.014192 -0.010472 -0.343255 0.939184 -0.009761 0.000000 0.000000 0.000000 1.000000
0.986457 0.144687 0.077251 0.097087 -0.162397 0.927651 0.336291 -0.014191 -0.023005 -0.344282 0.938584 -0.009760 0.000000 0.000000 0.000000 1.000000
0.985691 0.146611 0.083175 0.097087 -0.166235 0.927193 0.335678 -0.014191 -0.027905 -0.344701 0.938298 -0.009760 0.000000 0.000000 0.000000 1.000000
0.985744 0.146481 0.082774 0.097087 -0.165975 0.927224 0.335720 -0.014191 -0.027573 -0.344672 0.938318 -0.009760 0.000000 0.000000 0.000000 1.000000
0.985897 0.146103 0.081612 0.097087 -0.165223 0.927314 0.335842 -0.014191 -0.026612 -0.344590 0.938376 -0.009760 0.000000 0.000000 0.000000 1.000000
0.986139 0.145499 0.079751 0.097087 -0.164017 0.927458 0.336035 -0.014191 -0.025073 -0.344458 0.938467 -0.009760 0.000000 0.000000 0.000000 1.000000
0.986457 0.144687 0.077251 0.097087 -0.162397 0.927651 0.336291 -0.014191 -0.023005 -0.344282 0.938584 -0.009760 0.000000 0.000000 0.000000 1.000000
0.986839 0.143687 0.074175 0.097087 -0.160403 0.927885 0.336601 -0.014192 -0.020461 -0.344069 0.938722 -0.009760 0.000000 0.000000 0.000000 1.000000
0.987272 0.142518 0.070583 0.097088 -0.158074 0.928157 0.336954 -0.014192 -0.017490 -0.343822 0.938872 -0.009760 0.000000 0.000000 0.000000 1.000000
0.987742 0.141201 0.066536 0.097088 -0.155450 0.928459 0.337342 -0.014192 -0.014143 -0.343550 0.939028 -0.009760 0.000000 0.000000 0.000000 1.000000
0.988237 0.139754 0.062097 0.097088 -0.152570 0.928787 0.337754 -0.014192 -0.010472 -0.343255 0.939184 -0.009761 0.000000 0.000000 0.000000 1.000000
0.988744 0.138197 0.057326 0.097088 -0.149473 0.929134 0.338183 -0.014192 -0.006527 -0.342946 0.939333 -0.009761 0.000000 0.000000 0.000000 1.000000
0.989252 0.136551 0.052285 0.097089 -0.146200 0.929496 0.338620 -0.014192 -0.002360 -0.342625 0.939469 -0.009761 0.000000 0.000000 0.000000 1.000000
0.989751 0.134835 0.047036 0.097089 -0.142789 0.929866 0.339057 -0.014192 0.001979 -0.342299 0.939589 -0.009761 0.000000 0.000000 0.000000 1.000000
0.990232 0.133068 0.041641 0.097089 -0.139282 0.930241 0.339488 -0.014192 0.006439 -0.341971 0.939688 -0.009761 0.000000 0.000000 0.000000 1.000000
0.990687 0.131272 0.036161 0.097090 -0.135719 0.930616 0.339905 -0.014192 0.010968 -0.341647 0.939764 -0.009761 0.000000 0.000000 0.000000 1.000000
0.991110 0.129466 0.030658 0.097090 -0.132139 0.930985 0.340304 -0.014192 0.015515 -0.341330 0.939815 -0.009761 0.000000 0.000000 0.000000 1.000000
0.991497 0.127671 0.025196 0.097090 -0.128583 0.931345 0.340681 -0.014192 0.020029 -0.341024 0.939841 -0.009761 0.000000 0.000000 0.000000 1.000000
0.991844 0.125907 0.019835 0.097091 -0.125091 0.931692 0.341031 -0.014192 0.024458 -0.340731 0.939843 -0.009761 0.000000 0.000000 0.000000 1.000000
0.992150 0.124195 0.014638 0.097091 -0.121705 0.932022 0.341353 -0.014192 0.028751 -0.340455 0.939821 -0.009761 0.000000 0.000000 0.000000 1.000000
0.992414 0.122557 0.009668 0.097091 -0.118465 0.932333 0.341644 -0.014192 0.032857 -0.340198 0.939780 -0.009761 0.000000 0.000000 0.000000 1.000000
0.992639 0.121011 0.004987 0.097091 -0.115412 0.932621 0.341903 -0.014192 0.036723 -0.339962 0.939722 -0.009761 0.000000 0.000000 0.000000 1.000000
0.992824 0.119580 0.000656 0.097092 -0.112587 0.932883 0.342130 -0.014192 0.040300 -0.339749 0.939652 -0.009761 0.000000 0.000000 0.000000 1.000000</float_array>
          <technique_common>
            <accessor source="#Bip01_Spine-Matrix-animation-output-transform-array" count="26" stride="16">
              <param type="float4x4"/>
            </accessor>
          </technique_common>
        </source>
        <source id="Bip01_Spine-Interpolations">
          <Name_array id="Bip01_Spine-Interpolations-array" count="26">
 LINEAR LINEAR LINEAR LINEAR LINEAR LINEAR LINEAR LINEAR LINEAR LINEAR LINEAR
LINEAR LINEAR LINEAR LINEAR LINEAR LINEAR LINEAR LINEAR LINEAR LINEAR LINEAR LINEAR
LINEAR LINEAR LINEAR</Name_array>
          <technique_common>
            <accessor source="#Bip01_Spine-Interpolations-array" count="26">
              <param type="name"/>
            </accessor>
          </technique_common>
        </source>
        <sampler id="Bip01_Spine-Matrix-animation-transform">
          <input semantic="INPUT" source="#Bip01_Spine-Matrix-animation-input"/>
          <input semantic="OUTPUT" source="#Bip01_Spine-Matrix-animation-output-transform"/>
          <input semantic="INTERPOLATION" source="#Bip01_Spine-Interpolations"/>
        </sampler>
        <channel source="#Bip01_Spine-Matrix-animation-transform" target="Bip01_Spine/matrix"/>
      </animation>
    </animation>
    <animation id="Bip01_Spine1-anim" name="Bip01_Spine1">
      <animation>
        <source id="Bip01_Spine1-Matrix-animation-input">
          <float_array id="Bip01_Spine1-Matrix-animation-input-array" count="26">

0.000000 0.033333 0.066667 0.100000 0.133333 0.166667 0.200000 0.233333 0.266667 0.300000 0.333333 0.366667 0.400000 0.433333 0.466667 0.500000
0.533333 0.566667 0.600000 0.633333 0.666667 0.700000 0.733333 0.766667 0.800000 0.833333</float_array>
          <technique_common>
            <accessor source="#Bip01_Spine1-Matrix-animation-input-array" count="26">
              <param name="TIME" type="float"/>
            </accessor>
          </technique_common>
        </source>
        <source id="Bip01_Spine1-Matrix-animation-output-transform">
          <float_array id="Bip01_Spine1-Matrix-animation-output-transform-array" count="416">

0.995963 0.088158 -0.016924 0.222931 -0.081066 0.802316 -0.591368 -0.000142 -0.038555 0.590353 0.806224 -0.000105 0.000000 0.000000 0.000000 1.000000
0.995963 0.088158 -0.016924 0.222931 -0.081066 0.802316 -0.591368 -0.000142 -0.038555 0.590353 0.806224 -0.000105 0.000000 0.000000 0.000000 1.000000
0.995962 0.088158 -0.016924 0.222931 -0.081066 0.802316 -0.591368 -0.000142 -0.038555 0.590353 0.806224 -0.000105 0.000000 0.000000 0.000000 1.000000
0.995963 0.088158 -0.016924 0.222931 -0.081066 0.802316 -0.591368 -0.000142 -0.038555 0.590353 0.806224 -0.000105 0.000000 0.000000 0.000000 1.000000
0.995963 0.088158 -0.016924 0.222931 -0.081066 0.802316 -0.591368 -0.000142 -0.038555 0.590353 0.806224 -0.000105 0.000000 0.000000 0.000000 1.000000
0.995963 0.088158 -0.016924 0.222931 -0.081066 0.802316 -0.591368 -0.000142 -0.038555 0.590353 0.806224 -0.000105 0.000000 0.000000 0.000000 1.000000
0.995963 0.088158 -0.016924 0.222931 -0.081066 0.802316 -0.591368 -0.000142 -0.038555 0.590353 0.806224 -0.000105 0.000000 0.000000 0.000000 1.000000
0.995963 0.088158 -0.016924 0.222931 -0.081066 0.802316 -0.591368 -0.000142 -0.038555 0.590353 0.806224 -0.000105 0.000000 0.000000 0.000000 1.000000
0.995963 0.088158 -0.016924 0.222931 -0.081066 0.802316 -0.591368 -0.000142 -0.038555 0.590353 0.806224 -0.000105 0.000000 0.000000 0.000000 1.000000
0.995963 0.088158 -0.016924 0.222931 -0.081066 0.802316 -0.591368 -0.000142 -0.038555 0.590353 0.806224 -0.000105 0.000000 0.000000 0.000000 1.000000
0.995963 0.088158 -0.016924 0.222931 -0.081066 0.802316 -0.591368 -0.000142 -0.038555 0.590353 0.806224 -0.000105 0.000000 0.000000 0.000000 1.000000
0.995963 0.088158 -0.016924 0.222931 -0.081066 0.802316 -0.591368 -0.000142 -0.038555 0.590353 0.806224 -0.000105 0.000000 0.000000 0.000000 1.000000
0.995963 0.088158 -0.016924 0.222931 -0.081066 0.802316 -0.591368 -0.000142 -0.038555 0.590353 0.806224 -0.000105 0.000000 0.000000 0.000000 1.000000
0.995963 0.088158 -0.016924 0.222931 -0.081066 0.802316 -0.591369 -0.000142 -0.038555 0.590353 0.806224 -0.000105 0.000000 0.000000 0.000000 1.000000
0.995963 0.088158 -0.016924 0.222931 -0.081066 0.802316 -0.591369 -0.000142 -0.038555 0.590353 0.806224 -0.000105 0.000000 0.000000 0.000000 1.000000
0.995963 0.088158 -0.016924 0.222931 -0.081066 0.802316 -0.591368 -0.000142 -0.038555 0.590353 0.806224 -0.000105 0.000000 0.000000 0.000000 1.000000
0.995963 0.088158 -0.016924 0.222931 -0.081066 0.802316 -0.591368 -0.000142 -0.038555 0.590353 0.806224 -0.000105 0.000000 0.000000 0.000000 1.000000
0.995962 0.088158 -0.016924 0.222931 -0.081066 0.802316 -0.591368 -0.000142 -0.038555 0.590353 0.806224 -0.000105 0.000000 0.000000 0.000000 1.000000
0.995963 0.088158 -0.016924 0.222931 -0.081066 0.802316 -0.591368 -0.000142 -0.038555 0.590353 0.806224 -0.000105 0.000000 0.000000 0.000000 1.000000
0.995963 0.088158 -0.016924 0.222931 -0.081066 0.802316 -0.591368 -0.000142 -0.038555 0.590353 0.806224 -0.000105 0.000000 0.000000 0.000000 1.000000
0.995963 0.088158 -0.016924 0.222931 -0.081066 0.802316 -0.591369 -0.000142 -0.038555 0.590353 0.806224 -0.000105 0.000000 0.000000 0.000000 1.000000
0.995963 0.088158 -0.016924 0.222931 -0.081066 0.802316 -0.591368 -0.000142 -0.038555 0.590353 0.806224 -0.000105 0.000000 0.000000 0.000000 1.000000
0.995963 0.088158 -0.016924 0.222931 -0.081066 0.802316 -0.591369 -0.000142 -0.038555 0.590353 0.806224 -0.000105 0.000000 0.000000 0.000000 1.000000
0.995963 0.088158 -0.016924 0.222931 -0.081066 0.802316 -0.591369 -0.000142 -0.038555 0.590353 0.806224 -0.000105 0.000000 0.000000 0.000000 1.000000
0.995963 0.088158 -0.016924 0.222931 -0.081066 0.802316 -0.591369 -0.000142 -0.038555 0.590353 0.806224 -0.000105 0.000000 0.000000 0.000000 1.000000
0.995963 0.088158 -0.016924 0.222931 -0.081066 0.802316 -0.591368 -0.000142 -0.038555 0.590353 0.806224 -0.000105 0.000000 0.000000 0.000000 1.000000</float_array>
          <technique_common>
            <accessor source="#Bip01_Spine1-Matrix-animation-output-transform-array" count="26" stride="16">
              <param type="float4x4"/>
            </accessor>
          </technique_common>
        </source>
        <source id="Bip01_Spine1-Interpolations">
          <Name_array id="Bip01_Spine1-Interpolations-array" count="26">
 LINEAR LINEAR LINEAR LINEAR LINEAR LINEAR LINEAR LINEAR LINEAR LINEAR LINEAR
LINEAR LINEAR LINEAR LINEAR LINEAR LINEAR LINEAR LINEAR LINEAR LINEAR LINEAR LINEAR
LINEAR LINEAR LINEAR</Name_array>
          <technique_common>
            <accessor source="#Bip01_Spine1-Interpolations-array" count="26">
              <param type="name"/>
            </accessor>
          </technique_common>
        </source>
        <sampler id="Bip01_Spine1-Matrix-animation-transform">
          <input semantic="INPUT" source="#Bip01_Spine1-Matrix-animation-input"/>
          <input semantic="OUTPUT" source="#Bip01_Spine1-Matrix-animation-output-transform"/>
          <input semantic="INTERPOLATION" source="#Bip01_Spine1-Interpolations"/>
        </sampler>
        <channel source="#Bip01_Spine1-Matrix-animation-transform" target="Bip01_Spine1/matrix"/>
      </animation>
    </animation>
    <animation id="Bip01_Neck-anim" name="Bip01_Neck">
      <animation>
        <source id="Bip01_Neck-Matrix-animation-input">
          <float_array id="Bip01_Neck-Matrix-animation-input-array" count="26">

0.000000 0.033333 0.066667 0.100000 0.133333 0.166667 0.200000 0.233333 0.266667 0.300000 0.333333 0.366667 0.400000 0.433333 0.466667 0.500000
0.533333 0.566667 0.600000 0.633333 0.666667 0.700000 0.733333 0.766667 0.800000 0.833333</float_array>
          <technique_common>
            <accessor source="#Bip01_Neck-Matrix-animation-input-array" count="26">
              <param name="TIME" type="float"/>
            </accessor>
          </technique_common>
        </source>
        <source id="Bip01_Neck-Matrix-animation-output-transform">
          <float_array id="Bip01_Neck-Matrix-animation-output-transform-array" count="416">

0.965926 -0.258819 -0.000001 0.222970 0.258819 0.965926 0.000000 -0.000087 0.000001 -0.000000 1.000000 0.000000 0.000000 0.000000 0.000000 1.000000
0.965926 -0.258819 -0.000001 0.222970 0.258819 0.965926 -0.000000 -0.000087 0.000001 -0.000000 1.000000 -0.000000 0.000000 0.000000 0.000000 1.000000
0.965926 -0.258819 -0.000001 0.222970 0.258819 0.965926 -0.000000 -0.000087 0.000001 -0.000000 1.000000 -0.000000 0.000000 0.000000 0.000000 1.000000
0.965926 -0.258819 -0.000001 0.222970 0.258819 0.965926 -0.000000 -0.000087 0.000001 -0.000000 1.000000 -0.000000 0.000000 0.000000 0.000000 1.000000
0.965926 -0.258819 -0.000001 0.222970 0.258819 0.965926 -0.000000 -0.000087 0.000001 -0.000000 1.000000 -0.000000 0.000000 0.000000 0.000000 1.000000
0.965926 -0.258819 -0.000001 0.222970 0.258819 0.965926 -0.000000 -0.000087 0.000001 -0.000000 1.000000 -0.000000 0.000000 0.000000 0.000000 1.000000
0.965926 -0.258819 -0.000001 0.222970 0.258819 0.965926 0.000000 -0.000087 0.000001 -0.000000 1.000000 0.000000 0.000000 0.000000 0.000000 1.000000
0.965926 -0.258819 -0.000001 0.222970 0.258819 0.965926 -0.000000 -0.000087 0.000001 -0.000000 1.000000 -0.000000 0.000000 0.000000 0.000000 1.000000
0.965926 -0.258819 -0.000001 0.222970 0.258819 0.965926 -0.000000 -0.000087 0.000001 -0.000000 1.000000 0.000000 0.000000 0.000000 0.000000 1.000000
0.965926 -0.258819 -0.000001 0.222970 0.258819 0.965926 -0.000000 -0.000087 0.000001 -0.000000 1.000000 -0.000000 0.000000 0.000000 0.000000 1.000000
0.965926 -0.258819 -0.000001 0.222970 0.258819 0.965926 -0.000000 -0.000087 0.000001 -0.000000 1.000000 0.000000 0.000000 0.000000 0.000000 1.000000
0.965926 -0.258819 -0.000001 0.222970 0.258819 0.965926 -0.000000 -0.000087 0.000001 -0.000000 1.000000 -0.000000 0.000000 0.000000 0.000000 1.000000
0.965926 -0.258819 -0.000001 0.222970 0.258819 0.965926 -0.000000 -0.000087 0.000001 -0.000000 1.000000 -0.000000 0.000000 0.000000 0.000000 1.000000
0.965926 -0.258819 -0.000001 0.222970 0.258819 0.965926 -0.000000 -0.000087 0.000001 -0.000000 1.000000 -0.000000 0.000000 0.000000 0.000000 1.000000
0.965926 -0.258819 -0.000001 0.222970 0.258819 0.965926 -0.000000 -0.000087 0.000001 -0.000000 1.000000 -0.000000 0.000000 0.000000 0.000000 1.000000
0.965926 -0.258819 -0.000001 0.222970 0.258819 0.965926 -0.000000 -0.000087 0.000001 -0.000000 1.000000 -0.000000 0.000000 0.000000 0.000000 1.000000
0.965926 -0.258819 -0.000001 0.222970 0.258819 0.965926 -0.000000 -0.000087 0.000001 -0.000000 1.000000 0.000000 0.000000 0.000000 0.000000 1.000000
0.965926 -0.258819 -0.000001 0.222970 0.258819 0.965926 -0.000000 -0.000087 0.000001 -0.000000 1.000000 0.000000 0.000000 0.000000 0.000000 1.000000
0.965926 -0.258819 -0.000001 0.222970 0.258819 0.965926 -0.000000 -0.000087 0.000001 -0.000000 1.000000 0.000000 0.000000 0.000000 0.000000 1.000000
0.965926 -0.258819 -0.000001 0.222970 0.258819 0.965926 -0.000000 -0.000087 0.000001 -0.000000 1.000000 -0.000000 0.000000 0.000000 0.000000 1.000000
0.965926 -0.258819 -0.000001 0.222970 0.258819 0.965926 -0.000000 -0.000087 0.000001 0.000000 1.000000 0.000000 0.000000 0.000000 0.000000 1.000000
0.965926 -0.258819 -0.000001 0.222970 0.258819 0.965926 -0.000000 -0.000087 0.000001 -0.000000 1.000000 0.000000 0.000000 0.000000 0.000000 1.000000
0.965926 -0.258819 -0.000001 0.222970 0.258819 0.965926 -0.000000 -0.000087 0.000001 -0.000000 1.000000 0.000000 0.000000 0.000000 0.000000 1.000000
0.965926 -0.258819 -0.000001 0.222970 0.258819 0.965926 -0.000000 -0.000087 0.000001 -0.000000 1.000000 -0.000000 0.000000 0.000000 0.000000 1.000000
0.965926 -0.258819 -0.000001 0.222970 0.258819 0.965926 -0.000000 -0.000087 0.000001 -0.000000 1.000000 -0.000000 0.000000 0.000000 0.000000 1.000000
0.965926 -0.258819 -0.000001 0.222970 0.258819 0.965926 0.000000 -0.000087 0.000001 -0.000000 1.000000 0.000000 0.000000 0.000000 0.000000 1.000000</float_array>
          <technique_common>
            <accessor source="#Bip01_Neck-Matrix-animation-output-transform-array" count="26" stride="16">
              <param type="float4x4"/>
            </accessor>
          </technique_common>
        </source>
        <source id="Bip01_Neck-Interpolations">
          <Name_array id="Bip01_Neck-Interpolations-array" count="26">
 LINEAR LINEAR LINEAR LINEAR LINEAR LINEAR LINEAR LINEAR LINEAR LINEAR LINEAR
LINEAR LINEAR LINEAR LINEAR LINEAR LINEAR LINEAR LINEAR LINEAR LINEAR LINEAR LINEAR
LINEAR LINEAR LINEAR</Name_array>
          <technique_common>
            <accessor source="#Bip01_Neck-Interpolations-array" count="26">
              <param type="name"/>
            </accessor>
          </technique_common>
        </source>
        <sampler id="Bip01_Neck-Matrix-animation-transform">
          <input semantic="INPUT" source="#Bip01_Neck-Matrix-animation-input"/>
          <input semantic="OUTPUT" source="#Bip01_Neck-Matrix-animation-output-transform"/>
          <input semantic="INTERPOLATION" source="#Bip01_Neck-Interpolations"/>
        </sampler>
        <channel source="#Bip01_Neck-Matrix-animation-transform" target="Bip01_Neck/matrix"/>
      </animation>
    </animation>
    <animation id="Bip01_L_Clavicle-anim" name="Bip01_L_Clavicle">
      <animation>
        <source id="Bip01_L_Clavicle-Matrix-animation-input">
          <float_array id="Bip01_L_Clavicle-Matrix-animation-input-array" count="26">

0.000000 0.033333 0.066667 0.100000 0.133333 0.166667 0.200000 0.233333 0.266667 0.300000 0.333333 0.366667 0.400000 0.433333 0.466667 0.500000
0.533333 0.566667 0.600000 0.633333 0.666667 0.700000 0.733333 0.766667 0.800000 0.833333</float_array>
          <technique_common>
            <accessor source="#Bip01_L_Clavicle-Matrix-animation-input-array" count="26">
              <param name="TIME" type="float"/>
            </accessor>
          </technique_common>
        </source>
        <source id="Bip01_L_Clavicle-Matrix-animation-output-transform">
          <float_array id="Bip01_L_Clavicle-Matrix-animation-output-transform-array" count="416">

0.086490 -0.259587 0.961839 0.000000 -0.023251 -0.965720 -0.258544 0.000089 0.995981 -0.000003 -0.089560 0.030012 0.000000 0.000000 0.000000 1.000000
0.086490 -0.259589 0.961838 0.000000 -0.023251 -0.965719 -0.258546 0.000090 0.995981 -0.000003 -0.089561 0.030012 0.000000 0.000000 0.000000 1.000000
0.086490 -0.259588 0.961839 -0.000000 -0.023251 -0.965719 -0.258545 0.000089 0.995981 -0.000003 -0.089560 0.030012 0.000000 0.000000 0.000000 1.000000
0.086490 -0.259589 0.961839 0.000000 -0.023251 -0.965719 -0.258546 0.000089 0.995981 -0.000003 -0.089560 0.030012 0.000000 0.000000 0.000000 1.000000
0.086490 -0.259588 0.961839 0.000000 -0.023251 -0.965720 -0.258544 0.000089 0.995981 -0.000003 -0.089560 0.030012 0.000000 0.000000 0.000000 1.000000
0.086490 -0.259588 0.961839 0.000000 -0.023251 -0.965720 -0.258545 0.000089 0.995981 -0.000003 -0.089560 0.030012 0.000000 0.000000 0.000000 1.000000
0.086490 -0.259588 0.961839 0.000000 -0.023251 -0.965719 -0.258545 0.000089 0.995981 -0.000003 -0.089560 0.030012 0.000000 0.000000 0.000000 1.000000
0.086490 -0.259588 0.961839 0.000000 -0.023251 -0.965719 -0.258545 0.000089 0.995981 -0.000003 -0.089560 0.030012 0.000000 0.000000 0.000000 1.000000
0.086490 -0.259588 0.961839 0.000000 -0.023251 -0.965719 -0.258545 0.000089 0.995981 -0.000003 -0.089560 0.030012 0.000000 0.000000 0.000000 1.000000
0.086490 -0.259587 0.961839 0.000000 -0.023251 -0.965720 -0.258544 0.000089 0.995981 -0.000003 -0.089560 0.030012 0.000000 0.000000 0.000000 1.000000
0.086490 -0.259589 0.961838 0.000000 -0.023251 -0.965719 -0.258545 0.000089 0.995981 -0.000003 -0.089560 0.030012 0.000000 0.000000 0.000000 1.000000
0.086490 -0.259589 0.961838 0.000000 -0.023251 -0.965719 -0.258545 0.000089 0.995981 -0.000003 -0.089560 0.030012 0.000000 0.000000 0.000000 1.000000
0.086490 -0.259587 0.961839 -0.000000 -0.023251 -0.965720 -0.258544 0.000090 0.995982 -0.000003 -0.089560 0.030012 0.000000 0.000000 0.000000 1.000000
0.086490 -0.259588 0.961839 0.000000 -0.023251 -0.965719 -0.258545 0.000089 0.995981 -0.000003 -0.089560 0.030012 0.000000 0.000000 0.000000 1.000000
0.086490 -0.259589 0.961838 -0.000000 -0.023251 -0.965719 -0.258546 0.000090 0.995981 -0.000003 -0.089560 0.030012 0.000000 0.000000 0.000000 1.000000
0.086490 -0.259589 0.961838 0.000000 -0.023251 -0.965719 -0.258546 0.000090 0.995982 -0.000003 -0.089560 0.030012 0.000000 0.000000 0.000000 1.000000
0.086490 -0.259589 0.961838 0.000000 -0.023251 -0.965719 -0.258546 0.000089 0.995981 -0.000003 -0.089560 0.030012 0.000000 0.000000 0.000000 1.000000
0.086490 -0.259588 0.961839 0.000000 -0.023251 -0.965719 -0.258545 0.000089 0.995981 -0.000003 -0.089560 0.030012 0.000000 0.000000 0.000000 1.000000
0.086490 -0.259588 0.961839 0.000000 -0.023251 -0.965719 -0.258545 0.000089 0.995982 -0.000003 -0.089560 0.030012 0.000000 0.000000 0.000000 1.000000
0.086490 -0.259588 0.961839 0.000000 -0.023251 -0.965720 -0.258544 0.000089 0.995982 -0.000003 -0.089560 0.030012 0.000000 0.000000 0.000000 1.000000
0.086490 -0.259589 0.961838 0.000000 -0.023251 -0.965719 -0.258546 0.000090 0.995981 -0.000003 -0.089560 0.030012 0.000000 0.000000 0.000000 1.000000
0.086490 -0.259588 0.961839 -0.000000 -0.023251 -0.965720 -0.258545 0.000089 0.995982 -0.000003 -0.089560 0.030012 0.000000 0.000000 0.000000 1.000000
0.086490 -0.259588 0.961839 0.000000 -0.023251 -0.965720 -0.258544 0.000089 0.995981 -0.000003 -0.089560 0.030012 0.000000 0.000000 0.000000 1.000000
0.086490 -0.259587 0.961839 0.000000 -0.023251 -0.965720 -0.258544 0.000089 0.995981 -0.000003 -0.089560 0.030012 0.000000 0.000000 0.000000 1.000000
0.086490 -0.259588 0.961839 -0.000000 -0.023251 -0.965719 -0.258545 0.000089 0.995982 -0.000003 -0.089560 0.030012 0.000000 0.000000 0.000000 1.000000
0.086490 -0.259587 0.961839 0.000000 -0.023251 -0.965720 -0.258544 0.000089 0.995981 -0.000003 -0.089560 0.030012 0.000000 0.000000 0.000000 1.000000</float_array>
          <technique_common>
            <accessor source="#Bip01_L_Clavicle-Matrix-animation-output-transform-array" count="26" stride="16">
              <param type="float4x4"/>
            </accessor>
          </technique_common>
        </source>
        <source id="Bip01_L_Clavicle-Interpolations">
          <Name_array id="Bip01_L_Clavicle-Interpolations-array" count="26">
 LINEAR LINEAR LINEAR LINEAR LINEAR LINEAR LINEAR LINEAR LINEAR LINEAR LINEAR
LINEAR LINEAR LINEAR LINEAR LINEAR LINEAR LINEAR LINEAR LINEAR LINEAR LINEAR LINEAR
LINEAR LINEAR LINEAR</Name_array>
          <technique_common>
            <accessor source="#Bip01_L_Clavicle-Interpolations-array" count="26">
              <param type="name"/>
            </accessor>
          </technique_common>
        </source>
        <sampler id="Bip01_L_Clavicle-Matrix-animation-transform">
          <input semantic="INPUT" source="#Bip01_L_Clavicle-Matrix-animation-input"/>
          <input semantic="OUTPUT" source="#Bip01_L_Clavicle-Matrix-animation-output-transform"/>
          <input semantic="INTERPOLATION" source="#Bip01_L_Clavicle-Interpolations"/>
        </sampler>
        <channel source="#Bip01_L_Clavicle-Matrix-animation-transform" target="Bip01_L_Clavicle/matrix"/>
      </animation>
    </animation>
    <animation id="Bip01_L_UpperArm-anim" name="Bip01_L_UpperArm">
      <animation>
        <source id="Bip01_L_UpperArm-Matrix-animation-input">
          <float_array id="Bip01_L_UpperArm-Matrix-animation-input-array" count="26">

0.000000 0.033333 0.066667 0.100000 0.133333 0.166667 0.200000 0.233333 0.266667 0.300000 0.333333 0.366667 0.400000 0.433333 0.466667 0.500000
0.533333 0.566667 0.600000 0.633333 0.666667 0.700000 0.733333 0.766667 0.800000 0.833333</float_array>
          <technique_common>
            <accessor source="#Bip01_L_UpperArm-Matrix-animation-input-array" count="26">
              <param name="TIME" type="float"/>
            </accessor>
          </technique_common>
        </source>
        <source id="Bip01_L_UpperArm-Matrix-animation-output-transform">
          <float_array id="Bip01_L_UpperArm-Matrix-animation-output-transform-array" count="416">

0.062623 0.990446 0.122865 0.172746 -0.994154 0.051055 0.095142 0.000000 0.087961 -0.128105 0.987852 -0.000000 0.000000 0.000000 0.000000 1.000000
0.286154 0.949412 0.129356 0.172746 -0.957064 0.276677 0.086480 -0.000000 0.046316 -0.148548 0.987820 0.000000 0.000000 0.000000 0.000000 1.000000
0.414171 0.899595 0.138537 0.172746 -0.910162 0.407957 0.071943 0.000000 0.008203 -0.155888 0.987741 0.000000 0.000000 0.000000 0.000000 1.000000
0.413993 0.897730 0.150636 0.172746 -0.910189 0.410590 0.054521 -0.000000 -0.012904 -0.159678 0.987085 0.000000 0.000000 0.000000 0.000000 1.000000
0.411069 0.897506 0.159701 0.172746 -0.911168 0.409936 0.041534 -0.000000 -0.028190 -0.162588 0.986291 0.000000 0.000000 0.000000 0.000000 1.000000
0.405585 0.899336 0.163385 0.172746 -0.913441 0.405347 0.036326 0.000000 -0.033558 -0.163976 0.985893 0.000000 0.000000 0.000000 0.000000 1.000000
0.397873 0.902774 0.163388 0.172746 -0.916880 0.397496 0.036431 -0.000000 -0.032057 -0.164302 0.985889 0.000000 0.000000 0.000000 0.000000 1.000000
0.388257 0.907022 0.162995 0.172746 -0.921079 0.387602 0.037124 -0.000000 -0.029505 -0.164545 0.985928 0.000000 0.000000 0.000000 0.000000 1.000000
0.376874 0.911946 0.162236 0.172746 -0.925900 0.375817 0.038356 -0.000000 -0.025993 -0.164670 0.986006 0.000000 0.000000 0.000000 0.000000 1.000000
0.363863 0.917408 0.161142 0.172746 -0.931202 0.362295 0.040077 0.000000 -0.021614 -0.164638 0.986117 0.000000 0.000000 0.000000 0.000000 1.000000
0.349362 0.923271 0.159741 0.172746 -0.936843 0.347189 0.042238 -0.000000 -0.016463 -0.164408 0.986255 0.000000 0.000000 0.000000 0.000000 1.000000
0.333512 0.929401 0.158063 0.172746 -0.942686 0.330661 0.044792 0.000000 -0.010635 -0.163942 0.986413 0.000000 0.000000 0.000000 0.000000 1.000000
0.316459 0.935668 0.156138 0.172746 -0.948597 0.312874 0.047690 -0.000000 -0.004230 -0.163204 0.986583 0.000000 0.000000 0.000000 0.000000 1.000000
0.298357 0.941949 0.153997 0.172746 -0.954451 0.293998 0.050883 -0.000000 0.002655 -0.162164 0.986760 -0.000000 0.000000 0.000000 0.000000 1.000000
0.279363 0.948131 0.151670 0.172746 -0.960134 0.274209 0.054324 -0.000000 0.009917 -0.160799 0.986937 0.000000 0.000000 0.000000 0.000000 1.000000
0.259641 0.954112 0.149187 0.172746 -0.965547 0.253689 0.057966 0.000000 0.017459 -0.159097 0.987109 0.000000 0.000000 0.000000 0.000000 1.000000
