<?xml version="1.0" encoding="utf-8"?>
<COLLADA xmlns="http://www.collada.org/2005/11/COLLADASchema" version="1.4.0">
  <asset>
    <contributor>
      <author></author>
      <authoring_tool>FBX COLLADA exporter</authoring_tool>
      <comments></comments>
    </contributor>
    <created>2011-02-12T11:16:46Z</created>
    <modified>2011-02-12T11:16:46Z</modified>
    <revision></revision>
    <title></title>
    <subject></subject>
    <keywords></keywords>
    <unit meter="1.000000"/>
    <up_axis>Y_UP</up_axis>
  </asset>
  <library_animations>
    <animation id="Root_Node-anim" name="Root_Node">
      <animation>
        <source id="Root_Node-Matrix-animation-input">
          <float_array id="Root_Node-Matrix-animation-input-array" count="51">

0.000000 0.033333 0.066667 0.100000 0.133333 0.166667 0.200000 0.233333 0.266667 0.300000 0.333333 0.366667 0.400000 0.433333 0.466667 0.500000
0.533333 0.566667 0.600000 0.633333 0.666667 0.700000 0.733333 0.766667 0.800000 0.833333 0.866667 0.900000 0.933333 0.966667 1.000000 1.033333
1.066667 1.100000 1.133333 1.166667 1.200000 1.233333 1.266667 1.300000 1.333333 1.366667 1.400000 1.433333 1.466667 1.500000 1.533333 1.566667
1.600000 1.633333 1.666667</float_array>
          <technique_common>
            <accessor source="#Root_Node-Matrix-animation-input-array" count="51">
              <param name="TIME" type="float"/>
            </accessor>
          </technique_common>
        </source>
        <source id="Root_Node-Matrix-animation-output-transform">
          <float_array id="Root_Node-Matrix-animation-output-transform-array" count="816">

1.000000 0.000022 0.000000 0.000000 -0.000000 -0.000022 1.000000 0.000000 0.000022 -1.000000 -0.000022 -0.000000 0.000000 0.000000 0.000000 1.000000
1.000000 0.000022 0.000000 0.000000 -0.000000 -0.000022 1.000000 0.000000 0.000022 -1.000000 -0.000022 -0.000000 0.000000 0.000000 0.000000 1.000000
1.000000 0.000022 0.000000 0.000000 -0.000000 -0.000022 1.000000 0.000000 0.000022 -1.000000 -0.000022 -0.000000 0.000000 0.000000 0.000000 1.000000
1.000000 0.000022 0.000000 0.000000 -0.000000 -0.000022 1.000000 0.000000 0.000022 -1.000000 -0.000022 -0.000000 0.000000 0.000000 0.000000 1.000000
1.000000 0.000022 0.000000 0.000000 -0.000000 -0.000022 1.000000 0.000000 0.000022 -1.000000 -0.000022 -0.000000 0.000000 0.000000 0.000000 1.000000
1.000000 0.000022 0.000000 0.000000 -0.000000 -0.000022 1.000000 0.000000 0.000022 -1.000000 -0.000022 -0.000000 0.000000 0.000000 0.000000 1.000000
1.000000 0.000022 0.000000 0.000000 -0.000000 -0.000022 1.000000 0.000000 0.000022 -1.000000 -0.000022 -0.000000 0.000000 0.000000 0.000000 1.000000
1.000000 0.000022 0.000000 0.000000 -0.000000 -0.000022 1.000000 0.000000 0.000022 -1.000000 -0.000022 -0.000000 0.000000 0.000000 0.000000 1.000000
1.000000 0.000022 0.000000 0.000000 -0.000000 -0.000022 1.000000 0.000000 0.000022 -1.000000 -0.000022 -0.000000 0.000000 0.000000 0.000000 1.000000
1.000000 0.000022 0.000000 0.000000 -0.000000 -0.000022 1.000000 0.000000 0.000022 -1.000000 -0.000022 -0.000000 0.000000 0.000000 0.000000 1.000000
1.000000 0.000022 0.000000 0.000000 -0.000000 -0.000022 1.000000 0.000000 0.000022 -1.000000 -0.000022 -0.000000 0.000000 0.000000 0.000000 1.000000
1.000000 0.000022 0.000000 0.000000 -0.000000 -0.000022 1.000000 0.000000 0.000022 -1.000000 -0.000022 -0.000000 0.000000 0.000000 0.000000 1.000000
1.000000 0.000022 0.000000 0.000000 -0.000000 -0.000022 1.000000 0.000000 0.000022 -1.000000 -0.000022 -0.000000 0.000000 0.000000 0.000000 1.000000
1.000000 0.000022 0.000000 0.000000 -0.000000 -0.000022 1.000000 0.000000 0.000022 -1.000000 -0.000022 -0.000000 0.000000 0.000000 0.000000 1.000000
1.000000 0.000022 0.000000 0.000000 -0.000000 -0.000022 1.000000 0.000000 0.000022 -1.000000 -0.000022 -0.000000 0.000000 0.000000 0.000000 1.000000
1.000000 0.000022 0.000000 0.000000 -0.000000 -0.000022 1.000000 0.000000 0.000022 -1.000000 -0.000022 -0.000000 0.000000 0.000000 0.000000 1.000000
1.000000 0.000022 0.000000 0.000000 -0.000000 -0.000022 1.000000 0.000000 0.000022 -1.000000 -0.000022 -0.000000 0.000000 0.000000 0.000000 1.000000
1.000000 0.000022 0.000000 0.000000 -0.000000 -0.000022 1.000000 0.000000 0.000022 -1.000000 -0.000022 -0.000000 0.000000 0.000000 0.000000 1.000000
1.000000 0.000022 0.000000 0.000000 -0.000000 -0.000022 1.000000 0.000000 0.000022 -1.000000 -0.000022 -0.000000 0.000000 0.000000 0.000000 1.000000
1.000000 0.000022 0.000000 0.000000 -0.000000 -0.000022 1.000000 0.000000 0.000022 -1.000000 -0.000022 -0.000000 0.000000 0.000000 0.000000 1.000000
1.000000 0.000022 0.000000 0.000000 -0.000000 -0.000022 1.000000 0.000000 0.000022 -1.000000 -0.000022 -0.000000 0.000000 0.000000 0.000000 1.000000
1.000000 0.000022 0.000000 0.000000 -0.000000 -0.000022 1.000000 0.000000 0.000022 -1.000000 -0.000022 -0.000000 0.000000 0.000000 0.000000 1.000000
1.000000 0.000022 0.000000 0.000000 -0.000000 -0.000022 1.000000 0.000000 0.000022 -1.000000 -0.000022 -0.000000 0.000000 0.000000 0.000000 1.000000
1.000000 0.000022 0.000000 0.000000 -0.000000 -0.000022 1.000000 0.000000 0.000022 -1.000000 -0.000022 -0.000000 0.000000 0.000000 0.000000 1.000000
1.000000 0.000022 0.000000 0.000000 -0.000000 -0.000022 1.000000 0.000000 0.000022 -1.000000 -0.000022 -0.000000 0.000000 0.000000 0.000000 1.000000
1.000000 0.000022 0.000000 0.000000 -0.000000 -0.000022 1.000000 0.000000 0.000022 -1.000000 -0.000022 -0.000000 0.000000 0.000000 0.000000 1.000000
1.000000 0.000022 0.000000 0.000000 -0.000000 -0.000022 1.000000 0.000000 0.000022 -1.000000 -0.000022 -0.000000 0.000000 0.000000 0.000000 1.000000
1.000000 0.000022 0.000000 0.000000 -0.000000 -0.000022 1.000000 0.000000 0.000022 -1.000000 -0.000022 -0.000000 0.000000 0.000000 0.000000 1.000000
1.000000 0.000022 0.000000 0.000000 -0.000000 -0.000022 1.000000 0.000000 0.000022 -1.000000 -0.000022 -0.000000 0.000000 0.000000 0.000000 1.000000
1.000000 0.000022 0.000000 0.000000 -0.000000 -0.000022 1.000000 0.000000 0.000022 -1.000000 -0.000022 -0.000000 0.000000 0.000000 0.000000 1.000000
1.000000 0.000022 0.000000 0.000000 -0.000000 -0.000022 1.000000 0.000000 0.000022 -1.000000 -0.000022 -0.000000 0.000000 0.000000 0.000000 1.000000
1.000000 0.000022 0.000000 0.000000 -0.000000 -0.000022 1.000000 0.000000 0.000022 -1.000000 -0.000022 -0.000000 0.000000 0.000000 0.000000 1.000000
1.000000 0.000022 0.000000 0.000000 -0.000000 -0.000022 1.000000 0.000000 0.000022 -1.000000 -0.000022 -0.000000 0.000000 0.000000 0.000000 1.000000
1.000000 0.000022 0.000000 0.000000 -0.000000 -0.000022 1.000000 0.000000 0.000022 -1.000000 -0.000022 -0.000000 0.000000 0.000000 0.000000 1.000000
1.000000 0.000022 0.000000 0.000000 -0.000000 -0.000022 1.000000 0.000000 0.000022 -1.000000 -0.000022 -0.000000 0.000000 0.000000 0.000000 1.000000
1.000000 0.000022 0.000000 0.000000 -0.000000 -0.000022 1.000000 0.000000 0.000022 -1.000000 -0.000022 -0.000000 0.000000 0.000000 0.000000 1.000000
1.000000 0.000022 0.000000 0.000000 -0.000000 -0.000022 1.000000 0.000000 0.000022 -1.000000 -0.000022 -0.000000 0.000000 0.000000 0.000000 1.000000
1.000000 0.000022 0.000000 0.000000 -0.000000 -0.000022 1.000000 0.000000 0.000022 -1.000000 -0.000022 -0.000000 0.000000 0.000000 0.000000 1.000000
1.000000 0.000022 0.000000 0.000000 -0.000000 -0.000022 1.000000 0.000000 0.000022 -1.000000 -0.000022 -0.000000 0.000000 0.000000 0.000000 1.000000
1.000000 0.000022 0.000000 0.000000 -0.000000 -0.000022 1.000000 0.000000 0.000022 -1.000000 -0.000022 -0.000000 0.000000 0.000000 0.000000 1.000000
1.000000 0.000022 0.000000 0.000000 -0.000000 -0.000022 1.000000 0.000000 0.000022 -1.000000 -0.000022 -0.000000 0.000000 0.000000 0.000000 1.000000
1.000000 0.000022 0.000000 0.000000 -0.000000 -0.000022 1.000000 0.000000 0.000022 -1.000000 -0.000022 -0.000000 0.000000 0.000000 0.000000 1.000000
1.000000 0.000022 0.000000 0.000000 -0.000000 -0.000022 1.000000 0.000000 0.000022 -1.000000 -0.000022 -0.000000 0.000000 0.000000 0.000000 1.000000
1.000000 0.000022 0.000000 0.000000 -0.000000 -0.000022 1.000000 0.000000 0.000022 -1.000000 -0.000022 -0.000000 0.000000 0.000000 0.000000 1.000000
1.000000 0.000022 0.000000 0.000000 -0.000000 -0.000022 1.000000 0.000000 0.000022 -1.000000 -0.000022 -0.000000 0.000000 0.000000 0.000000 1.000000
1.000000 0.000022 0.000000 0.000000 -0.000000 -0.000022 1.000000 0.000000 0.000022 -1.000000 -0.000022 -0.000000 0.000000 0.000000 0.000000 1.000000
1.000000 0.000022 0.000000 0.000000 -0.000000 -0.000022 1.000000 0.000000 0.000022 -1.000000 -0.000022 -0.000000 0.000000 0.000000 0.000000 1.000000
1.000000 0.000022 0.000000 0.000000 -0.000000 -0.000022 1.000000 0.000000 0.000022 -1.000000 -0.000022 -0.000000 0.000000 0.000000 0.000000 1.000000
1.000000 0.000022 0.000000 0.000000 -0.000000 -0.000022 1.000000 0.000000 0.000022 -1.000000 -0.000022 -0.000000 0.000000 0.000000 0.000000 1.000000
1.000000 0.000022 0.000000 0.000000 -0.000000 -0.000022 1.000000 0.000000 0.000022 -1.000000 -0.000022 -0.000000 0.000000 0.000000 0.000000 1.000000
1.000000 0.000022 0.000000 0.000000 -0.000000 -0.000022 1.000000 0.000000 0.000022 -1.000000 -0.000022 -0.000000 0.000000 0.000000 0.000000 1.000000</float_array>
          <technique_common>
            <accessor source="#Root_Node-Matrix-animation-output-transform-array" count="51" stride="16">
              <param type="float4x4"/>
            </accessor>
          </technique_common>
        </source>
        <source id="Root_Node-Interpolations">
          <Name_array id="Root_Node-Interpolations-array" count="51">
 LINEAR LINEAR LINEAR LINEAR LINEAR LINEAR LINEAR LINEAR LINEAR LINEAR LINEAR
LINEAR LINEAR LINEAR LINEAR LINEAR LINEAR LINEAR LINEAR LINEAR LINEAR LINEAR LINEAR
LINEAR LINEAR LINEAR LINEAR LINEAR LINEAR LINEAR LINEAR LINEAR LINEAR LINEAR LINEAR
LINEAR LINEAR LINEAR LINEAR LINEAR LINEAR LINEAR LINEAR LINEAR LINEAR LINEAR LINEAR
LINEAR LINEAR LINEAR LINEAR</Name_array>
          <technique_common>
            <accessor source="#Root_Node-Interpolations-array" count="51">
              <param type="name"/>
            </accessor>
          </technique_common>
        </source>
        <sampler id="Root_Node-Matrix-animation-transform">
          <input semantic="INPUT" source="#Root_Node-Matrix-animation-input"/>
          <input semantic="OUTPUT" source="#Root_Node-Matrix-animation-output-transform"/>
          <input semantic="INTERPOLATION" source="#Root_Node-Interpolations"/>
        </sampler>
        <channel source="#Root_Node-Matrix-animation-transform" target="Root_Node/matrix"/>
      </animation>
    </animation>
    <animation id="Bip01-anim" name="Bip01">
      <animation>
        <source id="Bip01-Matrix-animation-input">
          <float_array id="Bip01-Matrix-animation-input-array" count="51">

0.000000 0.033333 0.066667 0.100000 0.133333 0.166667 0.200000 0.233333 0.266667 0.300000 0.333333 0.366667 0.400000 0.433333 0.466667 0.500000
0.533333 0.566667 0.600000 0.633333 0.666667 0.700000 0.733333 0.766667 0.800000 0.833333 0.866667 0.900000 0.933333 0.966667 1.000000 1.033333
1.066667 1.100000 1.133333 1.166667 1.200000 1.233333 1.266667 1.300000 1.333333 1.366667 1.400000 1.433333 1.466667 1.500000 1.533333 1.566667
1.600000 1.633333 1.666667</float_array>
          <technique_common>
            <accessor source="#Bip01-Matrix-animation-input-array" count="51">
              <param name="TIME" type="float"/>
            </accessor>
          </technique_common>
        </source>
        <source id="Bip01-Matrix-animation-output-transform">
          <float_array id="Bip01-Matrix-animation-output-transform-array" count="816">

0.000046 1.000000 0.000023 -0.003142 -1.000000 0.000046 -0.000022 0.000002 -0.000022 -0.000023 1.000000 0.860192 0.000000 0.000000 0.000000 1.000000
0.000046 1.000000 0.000023 -0.003142 -1.000000 0.000046 -0.000022 0.000002 -0.000022 -0.000023 1.000000 0.860192 0.000000 0.000000 0.000000 1.000000
0.000046 1.000000 0.000023 -0.003142 -1.000000 0.000046 -0.000022 0.000002 -0.000022 -0.000023 1.000000 0.860192 0.000000 0.000000 0.000000 1.000000
0.000046 1.000000 0.000023 -0.003142 -1.000000 0.000046 -0.000022 0.000002 -0.000022 -0.000023 1.000000 0.860192 0.000000 0.000000 0.000000 1.000000
0.000046 1.000000 0.000023 -0.003142 -1.000000 0.000046 -0.000022 0.000002 -0.000022 -0.000023 1.000000 0.860192 0.000000 0.000000 0.000000 1.000000
0.000046 1.000000 0.000023 -0.003142 -1.000000 0.000046 -0.000022 0.000002 -0.000022 -0.000023 1.000000 0.860192 0.000000 0.000000 0.000000 1.000000
0.000046 1.000000 0.000023 -0.003142 -1.000000 0.000046 -0.000022 0.000002 -0.000022 -0.000023 1.000000 0.860192 0.000000 0.000000 0.000000 1.000000
0.000046 1.000000 0.000023 -0.003142 -1.000000 0.000046 -0.000022 0.000002 -0.000022 -0.000023 1.000000 0.860192 0.000000 0.000000 0.000000 1.000000
0.000046 1.000000 0.000023 -0.003142 -1.000000 0.000046 -0.000022 0.000002 -0.000022 -0.000023 1.000000 0.860192 0.000000 0.000000 0.000000 1.000000
0.000046 1.000000 0.000023 -0.003142 -1.000000 0.000046 -0.000022 0.000002 -0.000022 -0.000023 1.000000 0.860192 0.000000 0.000000 0.000000 1.000000
0.000046 1.000000 0.000023 -0.003142 -1.000000 0.000046 -0.000022 0.000002 -0.000022 -0.000023 1.000000 0.860192 0.000000 0.000000 0.000000 1.000000
0.000046 1.000000 0.000023 -0.003142 -1.000000 0.000046 -0.000022 0.000002 -0.000022 -0.000023 1.000000 0.860192 0.000000 0.000000 0.000000 1.000000
0.000046 1.000000 0.000023 -0.003142 -1.000000 0.000046 -0.000022 0.000002 -0.000022 -0.000023 1.000000 0.860192 0.000000 0.000000 0.000000 1.000000
0.000046 1.000000 0.000023 -0.003142 -1.000000 0.000046 -0.000022 0.000002 -0.000022 -0.000023 1.000000 0.860192 0.000000 0.000000 0.000000 1.000000
0.000046 1.000000 0.000023 -0.003142 -1.000000 0.000046 -0.000022 0.000002 -0.000022 -0.000023 1.000000 0.860192 0.000000 0.000000 0.000000 1.000000
0.000046 1.000000 0.000023 -0.003142 -1.000000 0.000046 -0.000022 0.000002 -0.000022 -0.000023 1.000000 0.860192 0.000000 0.000000 0.000000 1.000000
0.000046 1.000000 0.000023 -0.003142 -1.000000 0.000046 -0.000022 0.000002 -0.000022 -0.000023 1.000000 0.860192 0.000000 0.000000 0.000000 1.000000
0.000046 1.000000 0.000023 -0.003142 -1.000000 0.000046 -0.000022 0.000002 -0.000022 -0.000023 1.000000 0.860192 0.000000 0.000000 0.000000 1.000000
0.000046 1.000000 0.000023 -0.003142 -1.000000 0.000046 -0.000022 0.000002 -0.000022 -0.000023 1.000000 0.860192 0.000000 0.000000 0.000000 1.000000
0.000046 1.000000 0.000023 -0.003142 -1.000000 0.000046 -0.000022 0.000002 -0.000022 -0.000023 1.000000 0.860192 0.000000 0.000000 0.000000 1.000000
0.000046 1.000000 0.000023 -0.003142 -1.000000 0.000046 -0.000022 0.000002 -0.000022 -0.000023 1.000000 0.860192 0.000000 0.000000 0.000000 1.000000
0.000046 1.000000 0.000023 -0.003142 -1.000000 0.000046 -0.000022 0.000002 -0.000022 -0.000023 1.000000 0.860192 0.000000 0.000000 0.000000 1.000000
0.000046 1.000000 0.000023 -0.003142 -1.000000 0.000046 -0.000022 0.000002 -0.000022 -0.000023 1.000000 0.860192 0.000000 0.000000 0.000000 1.000000
0.000046 1.000000 0.000022 -0.003142 -1.000000 0.000046 -0.000022 0.000002 -0.000022 -0.000022 1.000000 0.860192 0.000000 0.000000 0.000000 1.000000
0.000046 1.000000 0.000022 -0.003142 -1.000000 0.000046 -0.000022 0.000002 -0.000022 -0.000022 1.000000 0.860192 0.000000 0.000000 0.000000 1.000000
0.000046 1.000000 0.000023 -0.003142 -1.000000 0.000046 -0.000022 0.000002 -0.000022 -0.000023 1.000000 0.860192 0.000000 0.000000 0.000000 1.000000
0.000046 1.000000 0.000023 -0.003142 -1.000000 0.000046 -0.000022 0.000002 -0.000022 -0.000023 1.000000 0.860192 0.000000 0.000000 0.000000 1.000000
0.000046 1.000000 0.000023 -0.003142 -1.000000 0.000046 -0.000022 0.000002 -0.000022 -0.000023 1.000000 0.860192 0.000000 0.000000 0.000000 1.000000
0.000046 1.000000 0.000023 -0.003142 -1.000000 0.000046 -0.000022 0.000002 -0.000022 -0.000023 1.000000 0.860192 0.000000 0.000000 0.000000 1.000000
0.000046 1.000000 0.000022 -0.003142 -1.000000 0.000046 -0.000022 0.000002 -0.000022 -0.000022 1.000000 0.860192 0.000000 0.000000 0.000000 1.000000
0.000046 1.000000 0.000022 -0.003142 -1.000000 0.000046 -0.000022 0.000002 -0.000022 -0.000022 1.000000 0.860192 0.000000 0.000000 0.000000 1.000000
0.000046 1.000000 0.000023 -0.003142 -1.000000 0.000046 -0.000022 0.000002 -0.000022 -0.000023 1.000000 0.860192 0.000000 0.000000 0.000000 1.000000
0.000046 1.000000 0.000023 -0.003142 -1.000000 0.000046 -0.000022 0.000002 -0.000022 -0.000023 1.000000 0.860192 0.000000 0.000000 0.000000 1.000000
0.000046 1.000000 0.000023 -0.003142 -1.000000 0.000046 -0.000022 0.000002 -0.000022 -0.000023 1.000000 0.860192 0.000000 0.000000 0.000000 1.000000
0.000046 1.000000 0.000023 -0.003142 -1.000000 0.000046 -0.000022 0.000002 -0.000022 -0.000023 1.000000 0.860192 0.000000 0.000000 0.000000 1.000000
0.000046 1.000000 0.000023 -0.003142 -1.000000 0.000046 -0.000022 0.000002 -0.000022 -0.000023 1.000000 0.860192 0.000000 0.000000 0.000000 1.000000
0.000046 1.000000 0.000023 -0.003142 -1.000000 0.000046 -0.000022 0.000002 -0.000022 -0.000023 1.000000 0.860192 0.000000 0.000000 0.000000 1.000000
0.000046 1.000000 0.000023 -0.003142 -1.000000 0.000046 -0.000022 0.000002 -0.000022 -0.000023 1.000000 0.860192 0.000000 0.000000 0.000000 1.000000
0.000046 1.000000 0.000023 -0.003142 -1.000000 0.000046 -0.000022 0.000002 -0.000022 -0.000023 1.000000 0.860192 0.000000 0.000000 0.000000 1.000000
0.000046 1.000000 0.000023 -0.003142 -1.000000 0.000046 -0.000022 0.000002 -0.000022 -0.000023 1.000000 0.860192 0.000000 0.000000 0.000000 1.000000
0.000046 1.000000 0.000023 -0.003142 -1.000000 0.000046 -0.000022 0.000002 -0.000022 -0.000023 1.000000 0.860192 0.000000 0.000000 0.000000 1.000000
0.000046 1.000000 0.000023 -0.003142 -1.000000 0.000046 -0.000022 0.000002 -0.000022 -0.000023 1.000000 0.860192 0.000000 0.000000 0.000000 1.000000
0.000046 1.000000 0.000022 -0.003142 -1.000000 0.000046 -0.000022 0.000002 -0.000022 -0.000022 1.000000 0.860192 0.000000 0.000000 0.000000 1.000000
0.000046 1.000000 0.000023 -0.003142 -1.000000 0.000046 -0.000022 0.000002 -0.000022 -0.000023 1.000000 0.860192 0.000000 0.000000 0.000000 1.000000
0.000046 1.000000 0.000023 -0.003142 -1.000000 0.000046 -0.000022 0.000002 -0.000022 -0.000023 1.000000 0.860192 0.000000 0.000000 0.000000 1.000000
0.000046 1.000000 0.000022 -0.003142 -1.000000 0.000046 -0.000022 0.000002 -0.000022 -0.000022 1.000000 0.860192 0.000000 0.000000 0.000000 1.000000
0.000046 1.000000 0.000023 -0.003142 -1.000000 0.000046 -0.000022 0.000002 -0.000022 -0.000023 1.000000 0.860192 0.000000 0.000000 0.000000 1.000000
0.000046 1.000000 0.000023 -0.003142 -1.000000 0.000046 -0.000022 0.000002 -0.000022 -0.000023 1.000000 0.860192 0.000000 0.000000 0.000000 1.000000
0.000046 1.000000 0.000023 -0.003142 -1.000000 0.000046 -0.000022 0.000002 -0.000022 -0.000023 1.000000 0.860192 0.000000 0.000000 0.000000 1.000000
0.000046 1.000000 0.000023 -0.003142 -1.000000 0.000046 -0.000022 0.000002 -0.000022 -0.000023 1.000000 0.860192 0.000000 0.000000 0.000000 1.000000
0.000046 1.000000 0.000023 -0.003142 -1.000000 0.000046 -0.000022 0.000002 -0.000022 -0.000023 1.000000 0.860192 0.000000 0.000000 0.000000 1.000000</float_array>
          <technique_common>
            <accessor source="#Bip01-Matrix-animation-output-transform-array" count="51" stride="16">
              <param type="float4x4"/>
            </accessor>
          </technique_common>
        </source>
        <source id="Bip01-Interpolations">
          <Name_array id="Bip01-Interpolations-array" count="51">
 LINEAR LINEAR LINEAR LINEAR LINEAR LINEAR LINEAR LINEAR LINEAR LINEAR LINEAR
LINEAR LINEAR LINEAR LINEAR LINEAR LINEAR LINEAR LINEAR LINEAR LINEAR LINEAR LINEAR
LINEAR LINEAR LINEAR LINEAR LINEAR LINEAR LINEAR LINEAR LINEAR LINEAR LINEAR LINEAR
LINEAR LINEAR LINEAR LINEAR LINEAR LINEAR LINEAR LINEAR LINEAR LINEAR LINEAR LINEAR
LINEAR LINEAR LINEAR LINEAR</Name_array>
          <technique_common>
            <accessor source="#Bip01-Interpolations-array" count="51">
              <param type="name"/>
            </accessor>
          </technique_common>
        </source>
        <sampler id="Bip01-Matrix-animation-transform">
          <input semantic="INPUT" source="#Bip01-Matrix-animation-input"/>
          <input semantic="OUTPUT" source="#Bip01-Matrix-animation-output-transform"/>
          <input semantic="INTERPOLATION" source="#Bip01-Interpolations"/>
        </sampler>
        <channel source="#Bip01-Matrix-animation-transform" target="Bip01/matrix"/>
      </animation>
    </animation>
    <animation id="Bip01_Pelvis-anim" name="Bip01_Pelvis">
      <animation>
        <source id="Bip01_Pelvis-Matrix-animation-input">
          <float_array id="Bip01_Pelvis-Matrix-animation-input-array" count="51">

0.000000 0.033333 0.066667 0.100000 0.133333 0.166667 0.200000 0.233333 0.266667 0.300000 0.333333 0.366667 0.400000 0.433333 0.466667 0.500000
0.533333 0.566667 0.600000 0.633333 0.666667 0.700000 0.733333 0.766667 0.800000 0.833333 0.866667 0.900000 0.933333 0.966667 1.000000 1.033333
1.066667 1.100000 1.133333 1.166667 1.200000 1.233333 1.266667 1.300000 1.333333 1.366667 1.400000 1.433333 1.466667 1.500000 1.533333 1.566667
1.600000 1.633333 1.666667</float_array>
          <technique_common>
            <accessor source="#Bip01_Pelvis-Matrix-animation-input-array" count="51">
              <param name="TIME" type="float"/>
            </accessor>
          </technique_common>
        </source>
        <source id="Bip01_Pelvis-Matrix-animation-output-transform">
          <float_array id="Bip01_Pelvis-Matrix-animation-output-transform-array" count="816">

0.000000 1.000000 0.000022 0.000001 -0.000000 -0.000022 1.000000 0.000001 1.000000 -0.000000 0.000000 -0.035612 0.000000 0.000000 0.000000 1.000000
0.000000 1.000000 0.000022 0.000001 -0.000000 -0.000022 1.000000 0.000001 1.000000 -0.000000 0.000000 -0.035612 0.000000 0.000000 0.000000 1.000000
0.000000 1.000000 0.000022 0.000001 -0.000000 -0.000022 1.000000 0.000001 1.000000 -0.000000 0.000000 -0.035612 0.000000 0.000000 0.000000 1.000000
0.000000 1.000000 0.000022 0.000001 -0.000000 -0.000022 1.000000 0.000001 1.000000 -0.000000 0.000000 -0.035612 0.000000 0.000000 0.000000 1.000000
0.000000 1.000000 0.000022 0.000001 -0.000000 -0.000022 1.000000 0.000001 1.000000 -0.000000 0.000000 -0.035612 0.000000 0.000000 0.000000 1.000000
0.000000 1.000000 0.000022 0.000001 -0.000000 -0.000022 1.000000 0.000001 1.000000 -0.000000 0.000000 -0.035612 0.000000 0.000000 0.000000 1.000000
0.000000 1.000000 0.000022 0.000001 -0.000000 -0.000022 1.000000 0.000001 1.000000 -0.000000 0.000000 -0.035612 0.000000 0.000000 0.000000 1.000000
0.000000 1.000000 0.000022 0.000001 -0.000000 -0.000022 1.000000 0.000001 1.000000 -0.000000 0.000000 -0.035612 0.000000 0.000000 0.000000 1.000000
0.000000 1.000000 0.000022 0.000001 -0.000000 -0.000022 1.000000 0.000001 1.000000 -0.000000 0.000000 -0.035612 0.000000 0.000000 0.000000 1.000000
0.000000 1.000000 0.000022 0.000001 -0.000000 -0.000022 1.000000 0.000001 1.000000 -0.000000 0.000000 -0.035612 0.000000 0.000000 0.000000 1.000000
0.000000 1.000000 0.000022 0.000001 -0.000000 -0.000022 1.000000 0.000001 1.000000 -0.000000 0.000000 -0.035612 0.000000 0.000000 0.000000 1.000000
0.000000 1.000000 0.000022 0.000001 -0.000000 -0.000022 1.000000 0.000001 1.000000 -0.000000 0.000000 -0.035612 0.000000 0.000000 0.000000 1.000000
0.000000 1.000000 0.000022 0.000001 -0.000000 -0.000022 1.000000 0.000001 1.000000 -0.000000 0.000000 -0.035612 0.000000 0.000000 0.000000 1.000000
0.000000 1.000000 0.000022 0.000001 -0.000000 -0.000022 1.000000 0.000001 1.000000 -0.000000 0.000000 -0.035612 0.000000 0.000000 0.000000 1.000000
0.000000 1.000000 0.000022 0.000001 -0.000000 -0.000022 1.000000 0.000001 1.000000 -0.000000 0.000000 -0.035612 0.000000 0.000000 0.000000 1.000000
0.000000 1.000000 0.000022 0.000001 -0.000000 -0.000022 1.000000 0.000001 1.000000 -0.000000 0.000000 -0.035612 0.000000 0.000000 0.000000 1.000000
0.000000 1.000000 0.000022 0.000001 -0.000000 -0.000022 1.000000 0.000001 1.000000 -0.000000 0.000000 -0.035612 0.000000 0.000000 0.000000 1.000000
0.000000 1.000000 0.000022 0.000001 -0.000000 -0.000022 1.000000 0.000001 1.000000 -0.000000 0.000000 -0.035612 0.000000 0.000000 0.000000 1.000000
0.000000 1.000000 0.000022 0.000001 -0.000000 -0.000022 1.000000 0.000001 1.000000 -0.000000 0.000000 -0.035612 0.000000 0.000000 0.000000 1.000000
0.000000 1.000000 0.000022 0.000001 -0.000000 -0.000022 1.000000 0.000001 1.000000 -0.000000 0.000000 -0.035612 0.000000 0.000000 0.000000 1.000000
0.000000 1.000000 0.000022 0.000001 -0.000000 -0.000022 1.000000 0.000001 1.000000 -0.000000 0.000000 -0.035612 0.000000 0.000000 0.000000 1.000000
0.000000 1.000000 0.000022 0.000001 -0.000000 -0.000022 1.000000 0.000001 1.000000 -0.000000 0.000000 -0.035612 0.000000 0.000000 0.000000 1.000000
0.000000 1.000000 0.000022 0.000001 -0.000000 -0.000022 1.000000 0.000001 1.000000 -0.000000 0.000000 -0.035612 0.000000 0.000000 0.000000 1.000000
0.000000 1.000000 0.000022 0.000001 -0.000000 -0.000022 1.000000 0.000001 1.000000 -0.000000 0.000000 -0.035612 0.000000 0.000000 0.000000 1.000000
0.000000 1.000000 0.000022 0.000001 -0.000000 -0.000022 1.000000 0.000001 1.000000 -0.000000 0.000000 -0.035612 0.000000 0.000000 0.000000 1.000000
0.000000 1.000000 0.000022 0.000001 -0.000000 -0.000022 1.000000 0.000001 1.000000 -0.000000 0.000000 -0.035612 0.000000 0.000000 0.000000 1.000000
0.000000 1.000000 0.000022 0.000001 -0.000000 -0.000022 1.000000 0.000001 1.000000 -0.000000 0.000000 -0.035612 0.000000 0.000000 0.000000 1.000000
0.000000 1.000000 0.000022 0.000001 -0.000000 -0.000022 1.000000 0.000001 1.000000 -0.000000 0.000000 -0.035612 0.000000 0.000000 0.000000 1.000000
0.000000 1.000000 0.000022 0.000001 -0.000000 -0.000022 1.000000 0.000001 1.000000 -0.000000 0.000000 -0.035612 0.000000 0.000000 0.000000 1.000000
0.000000 1.000000 0.000022 0.000001 -0.000000 -0.000022 1.000000 0.000001 1.000000 -0.000000 0.000000 -0.035612 0.000000 0.000000 0.000000 1.000000
0.000000 1.000000 0.000022 0.000001 -0.000000 -0.000022 1.000000 0.000001 1.000000 -0.000000 0.000000 -0.035612 0.000000 0.000000 0.000000 1.000000
0.000000 1.000000 0.000022 0.000001 -0.000000 -0.000022 1.000000 0.000001 1.000000 -0.000000 0.000000 -0.035612 0.000000 0.000000 0.000000 1.000000
0.000000 1.000000 0.000022 0.000001 -0.000000 -0.000022 1.000000 0.000001 1.000000 -0.000000 0.000000 -0.035612 0.000000 0.000000 0.000000 1.000000
0.000000 1.000000 0.000022 0.000001 -0.000000 -0.000022 1.000000 0.000001 1.000000 -0.000000 0.000000 -0.035612 0.000000 0.000000 0.000000 1.000000
0.000000 1.000000 0.000022 0.000001 -0.000000 -0.000022 1.000000 0.000001 1.000000 -0.000000 0.000000 -0.035612 0.000000 0.000000 0.000000 1.000000
0.000000 1.000000 0.000022 0.000001 -0.000000 -0.000022 1.000000 0.000001 1.000000 -0.000000 0.000000 -0.035612 0.000000 0.000000 0.000000 1.000000
0.000000 1.000000 0.000022 0.000001 -0.000000 -0.000022 1.000000 0.000001 1.000000 -0.000000 0.000000 -0.035612 0.000000 0.000000 0.000000 1.000000
0.000000 1.000000 0.000022 0.000001 -0.000000 -0.000022 1.000000 0.000001 1.000000 -0.000000 0.000000 -0.035612 0.000000 0.000000 0.000000 1.000000
0.000000 1.000000 0.000022 0.000001 -0.000000 -0.000022 1.000000 0.000001 1.000000 -0.000000 0.000000 -0.035612 0.000000 0.000000 0.000000 1.000000
0.000000 1.000000 0.000022 0.000001 -0.000000 -0.000022 1.000000 0.000001 1.000000 -0.000000 0.000000 -0.035612 0.000000 0.000000 0.000000 1.000000
0.000000 1.000000 0.000022 0.000001 -0.000000 -0.000022 1.000000 0.000001 1.000000 -0.000000 0.000000 -0.035612 0.000000 0.000000 0.000000 1.000000
0.000000 1.000000 0.000022 0.000001 -0.000000 -0.000022 1.000000 0.000001 1.000000 -0.000000 0.000000 -0.035612 0.000000 0.000000 0.000000 1.000000
0.000000 1.000000 0.000022 0.000001 -0.000000 -0.000022 1.000000 0.000001 1.000000 -0.000000 0.000000 -0.035612 0.000000 0.000000 0.000000 1.000000
0.000000 1.000000 0.000022 0.000001 -0.000000 -0.000022 1.000000 0.000001 1.000000 -0.000000 0.000000 -0.035612 0.000000 0.000000 0.000000 1.000000
0.000000 1.000000 0.000022 0.000001 -0.000000 -0.000022 1.000000 0.000001 1.000000 -0.000000 0.000000 -0.035612 0.000000 0.000000 0.000000 1.000000
0.000000 1.000000 0.000022 0.000001 -0.000000 -0.000022 1.000000 0.000001 1.000000 -0.000000 0.000000 -0.035612 0.000000 0.000000 0.000000 1.000000
0.000000 1.000000 0.000022 0.000001 -0.000000 -0.000022 1.000000 0.000001 1.000000 -0.000000 0.000000 -0.035612 0.000000 0.000000 0.000000 1.000000
0.000000 1.000000 0.000022 0.000001 -0.000000 -0.000022 1.000000 0.000001 1.000000 -0.000000 0.000000 -0.035612 0.000000 0.000000 0.000000 1.000000
0.000000 1.000000 0.000022 0.000001 -0.000000 -0.000022 1.000000 0.000001 1.000000 -0.000000 0.000000 -0.035612 0.000000 0.000000 0.000000 1.000000
0.000000 1.000000 0.000022 0.000001 -0.000000 -0.000022 1.000000 0.000001 1.000000 -0.000000 0.000000 -0.035612 0.000000 0.000000 0.000000 1.000000
0.000000 1.000000 0.000022 0.000001 -0.000000 -0.000022 1.000000 0.000001 1.000000 -0.000000 0.000000 -0.035612 0.000000 0.000000 0.000000 1.000000</float_array>
          <technique_common>
            <accessor source="#Bip01_Pelvis-Matrix-animation-output-transform-array" count="51" stride="16">
              <param type="float4x4"/>
            </accessor>
          </technique_common>
        </source>
        <source id="Bip01_Pelvis-Interpolations">
          <Name_array id="Bip01_Pelvis-Interpolations-array" count="51">
 LINEAR LINEAR LINEAR LINEAR LINEAR LINEAR LINEAR LINEAR LINEAR LINEAR LINEAR
LINEAR LINEAR LINEAR LINEAR LINEAR LINEAR LINEAR LINEAR LINEAR LINEAR LINEAR LINEAR
LINEAR LINEAR LINEAR LINEAR LINEAR LINEAR LINEAR LINEAR LINEAR LINEAR LINEAR LINEAR
LINEAR LINEAR LINEAR LINEAR LINEAR LINEAR LINEAR LINEAR LINEAR LINEAR LINEAR LINEAR
LINEAR LINEAR LINEAR LINEAR</Name_array>
          <technique_common>
            <accessor source="#Bip01_Pelvis-Interpolations-array" count="51">
              <param type="name"/>
            </accessor>
          </technique_common>
        </source>
        <sampler id="Bip01_Pelvis-Matrix-animation-transform">
          <input semantic="INPUT" source="#Bip01_Pelvis-Matrix-animation-input"/>
          <input semantic="OUTPUT" source="#Bip01_Pelvis-Matrix-animation-output-transform"/>
          <input semantic="INTERPOLATION" source="#Bip01_Pelvis-Interpolations"/>
        </sampler>
        <channel source="#Bip01_Pelvis-Matrix-animation-transform" target="Bip01_Pelvis/matrix"/>
      </animation>
    </animation>
    <animation id="Bip01_Spine-anim" name="Bip01_Spine">
      <animation>
        <source id="Bip01_Spine-Matrix-animation-input">
          <float_array id="Bip01_Spine-Matrix-animation-input-array" count="51">

0.000000 0.033333 0.066667 0.100000 0.133333 0.166667 0.200000 0.233333 0.266667 0.300000 0.333333 0.366667 0.400000 0.433333 0.466667 0.500000
0.533333 0.566667 0.600000 0.633333 0.666667 0.700000 0.733333 0.766667 0.800000 0.833333 0.866667 0.900000 0.933333 0.966667 1.000000 1.033333
1.066667 1.100000 1.133333 1.166667 1.200000 1.233333 1.266667 1.300000 1.333333 1.366667 1.400000 1.433333 1.466667 1.500000 1.533333 1.566667
1.600000 1.633333 1.666667</float_array>
          <technique_common>
            <accessor source="#Bip01_Spine-Matrix-animation-input-array" count="51">
              <param name="TIME" type="float"/>
            </accessor>
          </technique_common>
        </source>
        <source id="Bip01_Spine-Matrix-animation-output-transform">
          <float_array id="Bip01_Spine-Matrix-animation-output-transform-array" count="816">

0.998525 -0.054292 0.000002 0.098621 0.054292 0.998525 0.000001 -0.000177 -0.000002 -0.000001 1.000000 0.000000 0.000000 0.000000 0.000000 1.000000
0.998449 -0.055679 0.000002 0.098621 0.055679 0.998449 0.000001 -0.000177 -0.000002 -0.000001 1.000000 0.000000 0.000000 0.000000 0.000000 1.000000
0.998233 -0.059413 0.000002 0.098622 0.059413 0.998233 0.000001 -0.000177 -0.000003 -0.000001 1.000000 0.000000 0.000000 0.000000 0.000000 1.000000
0.997895 -0.064852 0.000003 0.098623 0.064852 0.997895 0.000001 -0.000177 -0.000003 -0.000001 1.000000 0.000000 0.000000 0.000000 0.000000 1.000000
0.997451 -0.071355 0.000003 0.098624 0.071355 0.997451 0.000001 -0.000177 -0.000003 -0.000001 1.000000 0.000000 0.000000 0.000000 0.000000 1.000000
0.996931 -0.078282 0.000003 0.098625 0.078282 0.996931 0.000001 -0.000177 -0.000003 -0.000000 1.000000 0.000000 0.000000 0.000000 0.000000 1.000000
0.996382 -0.084991 0.000003 0.098626 0.084991 0.996382 0.000001 -0.000177 -0.000003 -0.000000 1.000000 0.000000 0.000000 0.000000 0.000000 1.000000
0.995865 -0.090845 0.000003 0.098627 0.090845 0.995865 0.000000 -0.000177 -0.000003 -0.000000 1.000000 0.000000 0.000000 0.000000 0.000000 1.000000
0.995457 -0.095208 0.000003 0.098628 0.095208 0.995457 0.000000 -0.000177 -0.000003 -0.000000 1.000000 0.000000 0.000000 0.000000 0.000000 1.000000
0.995241 -0.097441 0.000003 0.098628 0.097441 0.995241 0.000000 -0.000177 -0.000003 0.000000 1.000000 0.000000 0.000000 0.000000 0.000000 1.000000
0.995293 -0.096909 0.000003 0.098628 0.096909 0.995293 0.000000 -0.000177 -0.000003 0.000000 1.000000 0.000000 0.000000 0.000000 0.000000 1.000000
0.995669 -0.092973 0.000003 0.098627 0.092973 0.995669 0.000000 -0.000177 -0.000003 -0.000000 1.000000 0.000000 0.000000 0.000000 0.000000 1.000000
0.996382 -0.084991 0.000003 0.098626 0.084991 0.996382 0.000001 -0.000177 -0.000003 -0.000000 1.000000 0.000000 0.000000 0.000000 0.000000 1.000000
0.997382 -0.072315 0.000003 0.098624 0.072315 0.997382 0.000001 -0.000177 -0.000003 -0.000001 1.000000 0.000000 0.000000 0.000000 0.000000 1.000000
0.998525 -0.054292 0.000002 0.098621 0.054292 0.998525 0.000001 -0.000177 -0.000002 -0.000001 1.000000 0.000000 0.000000 0.000000 0.000000 1.000000
0.999613 -0.027836 0.000002 0.098616 0.027836 0.999613 0.000002 -0.000177 -0.000002 -0.000002 1.000000 0.000000 0.000000 0.000000 0.000000 1.000000
0.999964 0.008467 0.000001 0.098609 -0.008467 0.999964 0.000002 -0.000178 -0.000001 -0.000002 1.000000 0.000000 0.000000 0.000000 0.000000 1.000000
0.998610 0.052707 0.000000 0.098602 -0.052707 0.998610 0.000003 -0.000177 -0.000000 -0.000003 1.000000 0.000000 0.000000 0.000000 0.000000 1.000000
0.994691 0.102905 -0.000001 0.098593 -0.102905 0.994691 0.000004 -0.000177 0.000001 -0.000004 1.000000 0.000000 0.000000 0.000000 0.000000 1.000000
0.987596 0.157016 -0.000002 0.098583 -0.157016 0.987596 0.000006 -0.000175 0.000002 -0.000005 1.000000 0.000000 0.000000 0.000000 0.000000 1.000000
0.977060 0.212962 -0.000003 0.098573 -0.212962 0.977060 0.000007 -0.000173 0.000004 -0.000006 1.000000 0.000000 0.000000 0.000000 0.000000 1.000000
0.963227 0.268689 -0.000003 0.098563 -0.268689 0.963227 0.000008 -0.000171 0.000005 -0.000007 1.000000 0.000000 0.000000 0.000000 0.000000 1.000000
0.946663 0.322226 -0.000004 0.098554 -0.322226 0.946663 0.000010 -0.000168 0.000007 -0.000008 1.000000 0.000000 0.000000 0.000000 0.000000 1.000000
0.928337 0.371739 -0.000005 0.098545 -0.371739 0.928337 0.000011 -0.000165 0.000009 -0.000009 1.000000 0.000000 0.000000 0.000000 0.000000 1.000000
0.909560 0.415572 -0.000005 0.098537 -0.415572 0.909560 0.000012 -0.000161 0.000010 -0.000009 1.000000 0.000000 0.000000 0.000000 0.000000 1.000000
0.891894 0.452244 -0.000006 0.098531 -0.452244 0.891894 0.000013 -0.000158 0.000011 -0.000009 1.000000 0.000000 0.000000 0.000000 0.000000 1.000000
0.874221 0.485529 -0.000006 0.098525 -0.485529 0.874221 0.000014 -0.000155 0.000012 -0.000010 1.000000 0.000000 0.000000 0.000000 0.000000 1.000000
0.855057 0.518534 -0.000006 0.098519 -0.518534 0.855057 0.000015 -0.000152 0.000013 -0.000010 1.000000 0.000000 0.000000 0.000000 0.000000 1.000000
0.835790 0.549049 -0.000006 0.098513 -0.549049 0.835790 0.000016 -0.000148 0.000014 -0.000010 1.000000 0.000000 0.000000 0.000000 0.000000 1.000000
0.818109 0.575063 -0.000007 0.098509 -0.575063 0.818109 0.000017 -0.000145 0.000015 -0.000010 1.000000 0.000000 0.000000 0.000000 0.000000 1.000000
0.803917 0.594742 -0.000007 0.098505 -0.594742 0.803917 0.000018 -0.000143 0.000016 -0.000010 1.000000 0.000000 0.000000 0.000000 0.000000 1.000000
0.795201 0.606346 -0.000007 0.098503 -0.606346 0.795201 0.000018 -0.000141 0.000016 -0.000010 1.000000 0.000000 0.000000 0.000000 0.000000 1.000000
0.793862 0.608098 -0.000007 0.098503 -0.608098 0.793862 0.000018 -0.000141 0.000017 -0.000010 1.000000 0.000000 0.000000 0.000000 0.000000 1.000000
0.801496 0.598000 -0.000007 0.098505 -0.598000 0.801496 0.000018 -0.000142 0.000016 -0.000010 1.000000 0.000000 0.000000 0.000000 0.000000 1.000000
0.815166 0.579228 -0.000007 0.098508 -0.579228 0.815166 0.000017 -0.000145 0.000015 -0.000010 1.000000 0.000000 0.000000 0.000000 0.000000 1.000000
0.830787 0.556591 -0.000007 0.098512 -0.556591 0.830787 0.000016 -0.000147 0.000015 -0.000010 1.000000 0.000000 0.000000 0.000000 0.000000 1.000000
0.847836 0.530258 -0.000006 0.098517 -0.530258 0.847836 0.000016 -0.000150 0.000014 -0.000010 1.000000 0.000000 0.000000 0.000000 0.000000 1.000000
0.865784 0.500417 -0.000006 0.098522 -0.500417 0.865784 0.000015 -0.000154 0.000013 -0.000010 1.000000 0.000000 0.000000 0.000000 0.000000 1.000000
0.884107 0.467285 -0.000006 0.098528 -0.467285 0.884107 0.000014 -0.000157 0.000012 -0.000009 1.000000 0.000000 0.000000 0.000000 0.000000 1.000000
0.902296 0.431117 -0.000005 0.098534 -0.431117 0.902296 0.000013 -0.000160 0.000010 -0.000009 1.000000 0.000000 0.000000 0.000000 0.000000 1.000000
0.919875 0.392211 -0.000005 0.098541 -0.392211 0.919875 0.000011 -0.000163 0.000009 -0.000009 1.000000 0.000000 0.000000 0.000000 0.000000 1.000000
0.936410 0.350909 -0.000005 0.098549 -0.350909 0.936410 0.000010 -0.000166 0.000008 -0.000008 1.000000 0.000000 0.000000 0.000000 0.000000 1.000000
0.951516 0.307599 -0.000004 0.098556 -0.307599 0.951516 0.000009 -0.000169 0.000007 -0.000007 1.000000 0.000000 0.000000 0.000000 0.000000 1.000000
0.964875 0.262708 -0.000003 0.098564 -0.262708 0.964875 0.000008 -0.000171 0.000005 -0.000007 1.000000 0.000000 0.000000 0.000000 0.000000 1.000000
0.976238 0.216703 -0.000003 0.098572 -0.216703 0.976238 0.000007 -0.000173 0.000004 -0.000006 1.000000 0.000000 0.000000 0.000000 0.000000 1.000000
0.985431 0.170074 -0.000002 0.098581 -0.170074 0.985431 0.000006 -0.000175 0.000003 -0.000005 1.000000 0.000000 0.000000 0.000000 0.000000 1.000000
0.992365 0.123335 -0.000001 0.098589 -0.123335 0.992365 0.000005 -0.000176 0.000002 -0.000005 1.000000 0.000000 0.000000 0.000000 0.000000 1.000000
0.997030 0.077010 -0.000000 0.098597 -0.077010 0.997030 0.000004 -0.000177 0.000000 -0.000004 1.000000 0.000000 0.000000 0.000000 0.000000 1.000000
0.999500 0.031622 0.000001 0.098605 -0.031622 0.999500 0.000003 -0.000177 -0.000001 -0.000003 1.000000 0.000000 0.000000 0.000000 0.000000 1.000000
0.999924 -0.012312 0.000002 0.098613 0.012312 0.999924 0.000002 -0.000178 -0.000002 -0.000002 1.000000 0.000000 0.000000 0.000000 0.000000 1.000000
0.998525 -0.054292 0.000002 0.098621 0.054292 0.998525 0.000001 -0.000177 -0.000002 -0.000001 1.000000 0.000000 0.000000 0.000000 0.000000 1.000000</float_array>
          <technique_common>
            <accessor source="#Bip01_Spine-Matrix-animation-output-transform-array" count="51" stride="16">
              <param type="float4x4"/>
            </accessor>
          </technique_common>
        </source>
        <source id="Bip01_Spine-Interpolations">
          <Name_array id="Bip01_Spine-Interpolations-array" count="51">
 LINEAR LINEAR LINEAR LINEAR LINEAR LINEAR LINEAR LINEAR LINEAR LINEAR LINEAR
LINEAR LINEAR LINEAR LINEAR LINEAR LINEAR LINEAR LINEAR LINEAR LINEAR LINEAR LINEAR
LINEAR LINEAR LINEAR LINEAR LINEAR LINEAR LINEAR LINEAR LINEAR LINEAR LINEAR LINEAR
