<?xml version="1.0" encoding="utf-8"?>
<COLLADA xmlns="http://www.collada.org/2005/11/COLLADASchema" version="1.4.0">
  <asset>
    <contributor>
      <author></author>
      <authoring_tool>FBX COLLADA exporter</authoring_tool>
      <comments></comments>
    </contributor>
    <created>2010-07-11T11:28:24Z</created>
    <modified>2010-07-11T11:28:24Z</modified>
    <revision></revision>
    <title></title>
    <subject></subject>
    <keywords></keywords>
    <unit meter="1.000000"/>
    <up_axis>Y_UP</up_axis>
  </asset>
  <library_animations>
    <animation id="Root_Node-anim" name="Root_Node">
      <animation>
        <source id="Root_Node-Matrix-animation-input">
          <float_array id="Root_Node-Matrix-animation-input-array" count="27">

0.000000 0.033333 0.066667 0.100000 0.133333 0.166667 0.200000 0.233333 0.266667 0.300000 0.333333 0.366667 0.400000 0.433333 0.466667 0.500000
0.533333 0.566667 0.600000 0.633333 0.666667 0.700000 0.733333 0.766667 0.800000 0.833333 0.866667</float_array>
          <technique_common>
            <accessor source="#Root_Node-Matrix-animation-input-array" count="27">
              <param name="TIME" type="float"/>
            </accessor>
          </technique_common>
        </source>
        <source id="Root_Node-Matrix-animation-output-transform">
          <float_array id="Root_Node-Matrix-animation-output-transform-array" count="432">

0.000000 0.999943 -0.010695 0.000000 -1.000000 0.000000 -0.000000 0.000000 -0.000000 0.010695 0.999943 -0.000000 0.000000 0.000000 0.000000 1.000000
0.000000 0.999943 -0.010695 0.000000 -1.000000 0.000000 -0.000000 0.000000 -0.000000 0.010695 0.999943 -0.000000 0.000000 0.000000 0.000000 1.000000
0.000000 0.999943 -0.010695 0.000000 -1.000000 0.000000 -0.000000 0.000000 -0.000000 0.010695 0.999943 -0.000000 0.000000 0.000000 0.000000 1.000000
0.000000 0.999943 -0.010695 0.000000 -1.000000 0.000000 -0.000000 0.000000 -0.000000 0.010695 0.999943 -0.000000 0.000000 0.000000 0.000000 1.000000
0.000000 0.999943 -0.010695 0.000000 -1.000000 0.000000 -0.000000 0.000000 -0.000000 0.010695 0.999943 -0.000000 0.000000 0.000000 0.000000 1.000000
0.000000 0.999943 -0.010695 0.000000 -1.000000 0.000000 -0.000000 0.000000 -0.000000 0.010695 0.999943 -0.000000 0.000000 0.000000 0.000000 1.000000
0.000000 0.999943 -0.010695 0.000000 -1.000000 0.000000 -0.000000 0.000000 -0.000000 0.010695 0.999943 -0.000000 0.000000 0.000000 0.000000 1.000000
0.000000 0.999943 -0.010695 0.000000 -1.000000 0.000000 -0.000000 0.000000 -0.000000 0.010695 0.999943 -0.000000 0.000000 0.000000 0.000000 1.000000
0.000000 0.999943 -0.010695 0.000000 -1.000000 0.000000 -0.000000 0.000000 -0.000000 0.010695 0.999943 -0.000000 0.000000 0.000000 0.000000 1.000000
0.000000 0.999943 -0.010695 0.000000 -1.000000 0.000000 -0.000000 0.000000 -0.000000 0.010695 0.999943 -0.000000 0.000000 0.000000 0.000000 1.000000
0.000000 0.999943 -0.010695 0.000000 -1.000000 0.000000 -0.000000 0.000000 -0.000000 0.010695 0.999943 -0.000000 0.000000 0.000000 0.000000 1.000000
0.000000 0.999943 -0.010695 0.000000 -1.000000 0.000000 -0.000000 0.000000 -0.000000 0.010695 0.999943 -0.000000 0.000000 0.000000 0.000000 1.000000
0.000000 0.999943 -0.010695 0.000000 -1.000000 0.000000 -0.000000 0.000000 -0.000000 0.010695 0.999943 -0.000000 0.000000 0.000000 0.000000 1.000000
0.000000 0.999943 -0.010695 0.000000 -1.000000 0.000000 -0.000000 0.000000 -0.000000 0.010695 0.999943 -0.000000 0.000000 0.000000 0.000000 1.000000
0.000000 0.999943 -0.010695 0.000000 -1.000000 0.000000 -0.000000 0.000000 -0.000000 0.010695 0.999943 -0.000000 0.000000 0.000000 0.000000 1.000000
0.000000 0.999943 -0.010695 0.000000 -1.000000 0.000000 -0.000000 0.000000 -0.000000 0.010695 0.999943 -0.000000 0.000000 0.000000 0.000000 1.000000
0.000000 0.999943 -0.010695 0.000000 -1.000000 0.000000 -0.000000 0.000000 -0.000000 0.010695 0.999943 -0.000000 0.000000 0.000000 0.000000 1.000000
0.000000 0.999943 -0.010695 0.000000 -1.000000 0.000000 -0.000000 0.000000 -0.000000 0.010695 0.999943 -0.000000 0.000000 0.000000 0.000000 1.000000
0.000000 0.999943 -0.010695 0.000000 -1.000000 0.000000 -0.000000 0.000000 -0.000000 0.010695 0.999943 -0.000000 0.000000 0.000000 0.000000 1.000000
0.000000 0.999943 -0.010695 0.000000 -1.000000 0.000000 -0.000000 0.000000 -0.000000 0.010695 0.999943 -0.000000 0.000000 0.000000 0.000000 1.000000
0.000000 0.999943 -0.010695 0.000000 -1.000000 0.000000 -0.000000 0.000000 -0.000000 0.010695 0.999943 -0.000000 0.000000 0.000000 0.000000 1.000000
0.000000 0.999943 -0.010695 0.000000 -1.000000 0.000000 -0.000000 0.000000 -0.000000 0.010695 0.999943 -0.000000 0.000000 0.000000 0.000000 1.000000
0.000000 0.999943 -0.010695 0.000000 -1.000000 0.000000 -0.000000 0.000000 -0.000000 0.010695 0.999943 -0.000000 0.000000 0.000000 0.000000 1.000000
0.000000 0.999943 -0.010695 0.000000 -1.000000 0.000000 -0.000000 0.000000 -0.000000 0.010695 0.999943 -0.000000 0.000000 0.000000 0.000000 1.000000
0.000000 0.999943 -0.010695 0.000000 -1.000000 0.000000 -0.000000 0.000000 -0.000000 0.010695 0.999943 -0.000000 0.000000 0.000000 0.000000 1.000000
0.000000 0.999943 -0.010695 0.000000 -1.000000 0.000000 -0.000000 0.000000 -0.000000 0.010695 0.999943 -0.000000 0.000000 0.000000 0.000000 1.000000
0.000000 0.999943 -0.010695 0.000000 -1.000000 0.000000 -0.000000 0.000000 -0.000000 0.010695 0.999943 -0.000000 0.000000 0.000000 0.000000 1.000000</float_array>
          <technique_common>
            <accessor source="#Root_Node-Matrix-animation-output-transform-array" count="27" stride="16">
              <param type="float4x4"/>
            </accessor>
          </technique_common>
        </source>
        <source id="Root_Node-Interpolations">
          <Name_array id="Root_Node-Interpolations-array" count="27">
 LINEAR LINEAR LINEAR LINEAR LINEAR LINEAR LINEAR LINEAR LINEAR LINEAR LINEAR
LINEAR LINEAR LINEAR LINEAR LINEAR LINEAR LINEAR LINEAR LINEAR LINEAR LINEAR LINEAR
LINEAR LINEAR LINEAR LINEAR</Name_array>
          <technique_common>
            <accessor source="#Root_Node-Interpolations-array" count="27">
              <param type="name"/>
            </accessor>
          </technique_common>
        </source>
        <sampler id="Root_Node-Matrix-animation-transform">
          <input semantic="INPUT" source="#Root_Node-Matrix-animation-input"/>
          <input semantic="OUTPUT" source="#Root_Node-Matrix-animation-output-transform"/>
          <input semantic="INTERPOLATION" source="#Root_Node-Interpolations"/>
        </sampler>
        <channel source="#Root_Node-Matrix-animation-transform" target="Root_Node/matrix"/>
      </animation>
    </animation>
    <animation id="Bip01-anim" name="Bip01">
      <animation>
        <source id="Bip01-Matrix-animation-input">
          <float_array id="Bip01-Matrix-animation-input-array" count="27">

0.000000 0.033333 0.066667 0.100000 0.133333 0.166667 0.200000 0.233333 0.266667 0.300000 0.333333 0.366667 0.400000 0.433333 0.466667 0.500000
0.533333 0.566667 0.600000 0.633333 0.666667 0.700000 0.733333 0.766667 0.800000 0.833333 0.866667</float_array>
          <technique_common>
            <accessor source="#Bip01-Matrix-animation-input-array" count="27">
              <param name="TIME" type="float"/>
            </accessor>
          </technique_common>
        </source>
        <source id="Bip01-Matrix-animation-output-transform">
          <float_array id="Bip01-Matrix-animation-output-transform-array" count="432">

0.000000 -0.000000 -1.000000 -0.721678 0.405994 0.913876 0.000000 -0.000748 0.913876 -0.405994 0.000000 -0.032349 0.000000 0.000000 0.000000 1.000000
0.000000 -0.000000 -1.000000 -0.745492 0.399414 0.916771 0.000000 -0.000748 0.916771 -0.399414 0.000000 -0.032349 0.000000 0.000000 0.000000 1.000000
0.000000 -0.000000 -1.000000 -0.772770 0.392082 0.919930 0.000000 -0.000748 0.919930 -0.392082 0.000000 -0.032349 0.000000 0.000000 0.000000 1.000000
0.000000 -0.000000 -1.000000 -0.800914 0.384211 0.923245 0.000000 -0.000748 0.923245 -0.384211 0.000000 -0.032349 0.000000 0.000000 0.000000 1.000000
0.000000 -0.000000 -1.000000 -0.827327 0.376018 0.926612 0.000000 -0.000748 0.926612 -0.376018 0.000000 -0.032349 0.000000 0.000000 0.000000 1.000000
0.000000 -0.000000 -1.000000 -0.849409 0.367722 0.929936 0.000000 -0.000748 0.929936 -0.367722 0.000000 -0.032349 0.000000 0.000000 0.000000 1.000000
0.000000 -0.000000 -1.000000 -0.864563 0.359545 0.933128 0.000000 -0.000748 0.933128 -0.359545 0.000000 -0.032349 0.000000 0.000000 0.000000 1.000000
0.000000 -0.000000 -1.000000 -0.870192 0.351712 0.936108 0.000000 -0.000748 0.936108 -0.351712 0.000000 -0.032349 0.000000 0.000000 0.000000 1.000000
0.000000 -0.000000 -1.000000 -0.859429 0.344451 0.938804 0.000000 -0.000748 0.938804 -0.344451 0.000000 -0.032349 0.000000 0.000000 0.000000 1.000000
0.000000 -0.000000 -1.000000 -0.832450 0.337991 0.941149 0.000000 -0.000748 0.941149 -0.337991 0.000000 -0.032349 0.000000 0.000000 0.000000 1.000000
0.000000 -0.000000 -1.000000 -0.797220 0.332565 0.943080 0.000000 -0.000748 0.943080 -0.332565 0.000000 -0.032349 0.000000 0.000000 0.000000 1.000000
0.000000 -0.000000 -1.000000 -0.761704 0.328404 0.944537 0.000000 -0.000748 0.944537 -0.328404 0.000000 -0.032349 0.000000 0.000000 0.000000 1.000000
0.000000 -0.000000 -1.000000 -0.733869 0.325739 0.945460 0.000000 -0.000748 0.945460 -0.325739 0.000000 -0.032349 0.000000 0.000000 0.000000 1.000000
0.000000 -0.000000 -1.000000 -0.721678 0.324800 0.945783 0.000000 -0.000748 0.945783 -0.324800 0.000000 -0.032349 0.000000 0.000000 0.000000 1.000000
0.000000 -0.000000 -1.000000 -0.727413 0.325739 0.945460 0.000000 -0.000748 0.945460 -0.325739 0.000000 -0.032349 0.000000 0.000000 0.000000 1.000000
0.000000 -0.000000 -1.000000 -0.744958 0.328404 0.944537 0.000000 -0.000748 0.944537 -0.328404 0.000000 -0.032349 0.000000 0.000000 0.000000 1.000000
0.000000 -0.000000 -1.000000 -0.769688 0.332565 0.943080 0.000000 -0.000748 0.943080 -0.332565 0.000000 -0.032349 0.000000 0.000000 0.000000 1.000000
0.000000 -0.000000 -1.000000 -0.796976 0.337991 0.941149 0.000000 -0.000748 0.941149 -0.337991 0.000000 -0.032349 0.000000 0.000000 0.000000 1.000000
0.000000 -0.000000 -1.000000 -0.822195 0.344451 0.938804 0.000000 -0.000748 0.938804 -0.344451 0.000000 -0.032349 0.000000 0.000000 0.000000 1.000000
0.000000 -0.000000 -1.000000 -0.840720 0.351712 0.936108 0.000000 -0.000748 0.936108 -0.351712 0.000000 -0.032349 0.000000 0.000000 0.000000 1.000000
0.000000 -0.000000 -1.000000 -0.847923 0.359545 0.933128 0.000000 -0.000748 0.933128 -0.359545 0.000000 -0.032349 0.000000 0.000000 0.000000 1.000000
0.000000 -0.000000 -1.000000 -0.841493 0.367722 0.929936 0.000000 -0.000748 0.929936 -0.367722 0.000000 -0.032349 0.000000 0.000000 0.000000 1.000000
0.000000 -0.000000 -1.000000 -0.824544 0.376018 0.926612 0.000000 -0.000748 0.926612 -0.376018 0.000000 -0.032349 0.000000 0.000000 0.000000 1.000000
0.000000 -0.000000 -1.000000 -0.800581 0.384211 0.923245 0.000000 -0.000748 0.923245 -0.384211 0.000000 -0.032349 0.000000 0.000000 0.000000 1.000000
0.000000 -0.000000 -1.000000 -0.773111 0.392081 0.919930 0.000000 -0.000748 0.919930 -0.392081 0.000000 -0.032349 0.000000 0.000000 0.000000 1.000000
0.000000 -0.000000 -1.000000 -0.745641 0.399414 0.916771 0.000000 -0.000748 0.916771 -0.399414 0.000000 -0.032349 0.000000 0.000000 0.000000 1.000000
0.000000 -0.000000 -1.000000 -0.721678 0.405994 0.913876 0.000000 -0.000748 0.913876 -0.405994 0.000000 -0.032349 0.000000 0.000000 0.000000 1.000000</float_array>
          <technique_common>
            <accessor source="#Bip01-Matrix-animation-output-transform-array" count="27" stride="16">
              <param type="float4x4"/>
            </accessor>
          </technique_common>
        </source>
        <source id="Bip01-Interpolations">
          <Name_array id="Bip01-Interpolations-array" count="27">
 LINEAR LINEAR LINEAR LINEAR LINEAR LINEAR LINEAR LINEAR LINEAR LINEAR LINEAR
LINEAR LINEAR LINEAR LINEAR LINEAR LINEAR LINEAR LINEAR LINEAR LINEAR LINEAR LINEAR
LINEAR LINEAR LINEAR LINEAR</Name_array>
          <technique_common>
            <accessor source="#Bip01-Interpolations-array" count="27">
              <param type="name"/>
            </accessor>
          </technique_common>
        </source>
        <sampler id="Bip01-Matrix-animation-transform">
          <input semantic="INPUT" source="#Bip01-Matrix-animation-input"/>
          <input semantic="OUTPUT" source="#Bip01-Matrix-animation-output-transform"/>
          <input semantic="INTERPOLATION" source="#Bip01-Interpolations"/>
        </sampler>
        <channel source="#Bip01-Matrix-animation-transform" target="Bip01/matrix"/>
      </animation>
    </animation>
    <animation id="Bip01_Pelvis-anim" name="Bip01_Pelvis">
      <animation>
        <source id="Bip01_Pelvis-Matrix-animation-input">
          <float_array id="Bip01_Pelvis-Matrix-animation-input-array" count="27">

0.000000 0.033333 0.066667 0.100000 0.133333 0.166667 0.200000 0.233333 0.266667 0.300000 0.333333 0.366667 0.400000 0.433333 0.466667 0.500000
0.533333 0.566667 0.600000 0.633333 0.666667 0.700000 0.733333 0.766667 0.800000 0.833333 0.866667</float_array>
          <technique_common>
            <accessor source="#Bip01_Pelvis-Matrix-animation-input-array" count="27">
              <param name="TIME" type="float"/>
            </accessor>
          </technique_common>
        </source>
        <source id="Bip01_Pelvis-Matrix-animation-output-transform">
          <float_array id="Bip01_Pelvis-Matrix-animation-output-transform-array" count="432">

0.000000 0.999943 0.010694 -0.035612 0.000000 -0.010694 0.999943 0.000000 1.000000 -0.000000 -0.000000 0.000000 0.000000 0.000000 0.000000 1.000000
0.000000 0.999519 0.031016 -0.035612 0.000000 -0.031016 0.999519 0.000000 1.000000 -0.000000 -0.000000 0.000000 0.000000 0.000000 0.000000 1.000000
0.000000 0.998532 0.054176 -0.035612 0.000000 -0.054176 0.998532 0.000000 1.000000 -0.000000 -0.000000 0.000000 0.000000 0.000000 0.000000 1.000000
0.000000 0.996851 0.079300 -0.035612 0.000000 -0.079300 0.996851 0.000000 1.000000 -0.000000 -0.000000 0.000000 0.000000 0.000000 0.000000 1.000000
0.000000 0.994418 0.105508 -0.035612 0.000000 -0.105508 0.994418 0.000000 1.000000 -0.000000 -0.000000 0.000000 0.000000 0.000000 0.000000 1.000000
0.000000 0.991259 0.131927 -0.035612 0.000000 -0.131927 0.991259 0.000000 1.000000 -0.000000 -0.000000 0.000000 0.000000 0.000000 0.000000 1.000000
0.000000 0.987489 0.157688 -0.035612 0.000000 -0.157688 0.987489 0.000000 1.000000 -0.000000 -0.000000 0.000000 0.000000 0.000000 0.000000 1.000000
0.000000 0.983310 0.181939 -0.035612 0.000000 -0.181939 0.983310 0.000000 1.000000 -0.000000 -0.000000 0.000000 0.000000 0.000000 0.000000 1.000000
0.000000 0.979003 0.203845 -0.035612 0.000000 -0.203845 0.979003 0.000000 1.000000 -0.000000 -0.000000 0.000000 0.000000 0.000000 0.000000 1.000000
0.000000 0.974912 0.222589 -0.035612 0.000000 -0.222589 0.974912 0.000000 1.000000 0.000000 -0.000000 0.000000 0.000000 0.000000 0.000000 1.000000
0.000000 0.971419 0.237370 -0.035612 -0.000000 -0.237370 0.971419 0.000000 1.000000 -0.000000 0.000000 0.000000 0.000000 0.000000 0.000000 1.000000
0.000000 0.968914 0.247397 -0.035612 -0.000000 -0.247397 0.968914 0.000000 1.000000 -0.000000 0.000000 0.000000 0.000000 0.000000 0.000000 1.000000
0.000000 0.967759 0.251877 -0.035612 -0.000000 -0.251877 0.967759 0.000000 1.000000 -0.000000 0.000000 0.000000 0.000000 0.000000 0.000000 1.000000
0.000000 0.968246 0.249999 -0.035612 -0.000000 -0.249999 0.968246 0.000000 1.000000 -0.000000 0.000000 0.000000 0.000000 0.000000 0.000000 1.000000
0.000000 0.971111 0.238626 -0.035612 -0.000000 -0.238626 0.971111 0.000000 1.000000 -0.000000 0.000000 0.000000 0.000000 0.000000 0.000000 1.000000
0.000000 0.976282 0.216505 -0.035612 -0.000000 -0.216505 0.976282 0.000000 1.000000 -0.000000 0.000000 0.000000 0.000000 0.000000 0.000000 1.000000
0.000000 0.982622 0.185620 -0.035612 -0.000000 -0.185620 0.982622 0.000000 1.000000 -0.000000 0.000000 0.000000 0.000000 0.000000 0.000000 1.000000
0.000000 0.988988 0.147992 -0.035612 0.000000 -0.147992 0.988988 0.000000 1.000000 -0.000000 -0.000000 0.000000 0.000000 0.000000 0.000000 1.000000
0.000000 0.994396 0.105717 -0.035612 0.000000 -0.105717 0.994396 0.000000 1.000000 -0.000000 -0.000000 0.000000 0.000000 0.000000 0.000000 1.000000
0.000000 0.998139 0.060974 -0.035612 0.000000 -0.060974 0.998139 0.000000 1.000000 -0.000000 -0.000000 0.000000 0.000000 0.000000 0.000000 1.000000
0.000000 0.999872 0.016005 -0.035612 0.000000 -0.016005 0.999872 0.000000 1.000000 -0.000000 -0.000000 0.000000 0.000000 0.000000 0.000000 1.000000
0.000000 0.999637 -0.026922 -0.035612 0.000000 0.026922 0.999637 0.000000 1.000000 -0.000000 -0.000000 0.000000 0.000000 0.000000 0.000000 1.000000
0.000000 0.997849 -0.065558 -0.035612 0.000000 0.065558 0.997849 0.000000 1.000000 -0.000000 -0.000000 0.000000 0.000000 0.000000 0.000000 1.000000
0.000000 0.995216 -0.097699 -0.035612 0.000000 0.097699 0.995216 0.000000 1.000000 -0.000000 -0.000000 0.000000 0.000000 0.000000 0.000000 1.000000
0.000000 0.992628 -0.121200 -0.035612 0.000000 0.121200 0.992628 0.000000 1.000000 -0.000000 -0.000000 0.000000 0.000000 0.000000 0.000000 1.000000
0.000000 0.997069 -0.076505 -0.035612 0.000000 0.076505 0.997069 0.000000 1.000000 -0.000000 -0.000000 0.000000 0.000000 0.000000 0.000000 1.000000
0.000000 0.999943 0.010694 -0.035612 0.000000 -0.010694 0.999943 0.000000 1.000000 -0.000000 -0.000000 0.000000 0.000000 0.000000 0.000000 1.000000</float_array>
          <technique_common>
            <accessor source="#Bip01_Pelvis-Matrix-animation-output-transform-array" count="27" stride="16">
              <param type="float4x4"/>
            </accessor>
          </technique_common>
        </source>
        <source id="Bip01_Pelvis-Interpolations">
          <Name_array id="Bip01_Pelvis-Interpolations-array" count="27">
 LINEAR LINEAR LINEAR LINEAR LINEAR LINEAR LINEAR LINEAR LINEAR LINEAR LINEAR
LINEAR LINEAR LINEAR LINEAR LINEAR LINEAR LINEAR LINEAR LINEAR LINEAR LINEAR LINEAR
LINEAR LINEAR LINEAR LINEAR</Name_array>
          <technique_common>
            <accessor source="#Bip01_Pelvis-Interpolations-array" count="27">
              <param type="name"/>
            </accessor>
          </technique_common>
        </source>
        <sampler id="Bip01_Pelvis-Matrix-animation-transform">
          <input semantic="INPUT" source="#Bip01_Pelvis-Matrix-animation-input"/>
          <input semantic="OUTPUT" source="#Bip01_Pelvis-Matrix-animation-output-transform"/>
          <input semantic="INTERPOLATION" source="#Bip01_Pelvis-Interpolations"/>
        </sampler>
        <channel source="#Bip01_Pelvis-Matrix-animation-transform" target="Bip01_Pelvis/matrix"/>
      </animation>
    </animation>
    <animation id="Bip01_Spine-anim" name="Bip01_Spine">
      <animation>
        <source id="Bip01_Spine-Matrix-animation-input">
          <float_array id="Bip01_Spine-Matrix-animation-input-array" count="27">

0.000000 0.033333 0.066667 0.100000 0.133333 0.166667 0.200000 0.233333 0.266667 0.300000 0.333333 0.366667 0.400000 0.433333 0.466667 0.500000
0.533333 0.566667 0.600000 0.633333 0.666667 0.700000 0.733333 0.766667 0.800000 0.833333 0.866667</float_array>
          <technique_common>
            <accessor source="#Bip01_Spine-Matrix-animation-input-array" count="27">
              <param name="TIME" type="float"/>
            </accessor>
          </technique_common>
        </source>
        <source id="Bip01_Spine-Matrix-animation-output-transform">
          <float_array id="Bip01_Spine-Matrix-animation-output-transform-array" count="432">

0.997016 -0.072730 0.025886 0.098624 0.066924 0.981418 0.179834 -0.000174 -0.038484 -0.177565 0.983356 0.000032 0.000000 0.000000 0.000000 1.000000
0.997689 -0.058783 0.034070 0.098621 0.054376 0.991483 0.118344 -0.000176 -0.040737 -0.116218 0.992388 0.000021 0.000000 0.000000 0.000000 1.000000
0.998177 -0.042896 0.042463 0.098619 0.040811 0.997974 0.048817 -0.000177 -0.044471 -0.046995 0.997905 0.000008 0.000000 0.000000 0.000000 1.000000
0.998394 -0.025482 0.050606 0.098615 0.026838 0.999294 -0.026301 -0.000177 -0.049900 0.027616 0.998372 -0.000005 0.000000 0.000000 0.000000 1.000000
0.998285 -0.007010 0.058117 0.098612 0.013058 0.994454 -0.104355 -0.000176 -0.057063 0.104935 0.992841 -0.000019 0.000000 0.000000 0.000000 1.000000
0.997832 0.011994 0.064708 0.098609 0.000023 0.983188 -0.182596 -0.000174 -0.065810 0.182202 0.981056 -0.000032 0.000000 0.000000 0.000000 1.000000
0.997052 0.030962 0.070198 0.098606 -0.011811 0.965989 -0.258312 -0.000171 -0.075808 0.256722 0.963508 -0.000045 0.000000 0.000000 0.000000 1.000000
0.996001 0.049299 0.074513 0.098602 -0.022118 0.944080 -0.328974 -0.000168 -0.086565 0.326010 0.941395 -0.000058 0.000000 0.000000 0.000000 1.000000
0.994764 0.066401 0.077687 0.098599 -0.030724 0.919306 -0.392342 -0.000163 -0.097470 0.387900 0.916533 -0.000069 0.000000 0.000000 0.000000 1.000000
0.993457 0.081665 0.079842 0.098597 -0.037601 0.893982 -0.446523 -0.000159 -0.107843 0.440599 0.891203 -0.000078 0.000000 0.000000 0.000000 1.000000
0.992210 0.094503 0.081167 0.098594 -0.042849 0.870692 -0.489958 -0.000155 -0.116974 0.482664 0.867959 -0.000086 0.000000 0.000000 0.000000 1.000000
0.991164 0.104349 0.081882 0.098592 -0.046638 0.852083 -0.521326 -0.000151 -0.124170 0.512900 0.849421 -0.000091 0.000000 0.000000 0.000000 1.000000
0.990454 0.110650 0.082205 0.098591 -0.049146 0.840633 -0.539371 -0.000149 -0.128785 0.530182 0.838046 -0.000094 0.000000 0.000000 0.000000 1.000000
0.990196 0.112869 0.082293 0.098591 -0.050467 0.838416 -0.542689 -0.000149 -0.130248 0.533215 0.835893 -0.000095 0.000000 0.000000 0.000000 1.000000
0.990454 0.110650 0.082205 0.098591 -0.050902 0.847800 -0.527867 -0.000150 -0.128102 0.518643 0.845340 -0.000092 0.000000 0.000000 0.000000 1.000000
0.991164 0.104349 0.081882 0.098592 -0.050558 0.867940 -0.494090 -0.000154 -0.122627 0.485584 0.865546 -0.000086 0.000000 0.000000 0.000000 1.000000
0.992210 0.094503 0.081167 0.098594 -0.048980 0.895019 -0.443331 -0.000159 -0.114542 0.435902 0.892676 -0.000077 0.000000 0.000000 0.000000 1.000000
0.993457 0.081665 0.079842 0.098597 -0.045674 0.924829 -0.377631 -0.000164 -0.104679 0.371514 0.922507 -0.000066 0.000000 0.000000 0.000000 1.000000
0.994764 0.066401 0.077687 0.098599 -0.040242 0.953253 -0.299481 -0.000169 -0.093941 0.294787 0.950934 -0.000052 0.000000 0.000000 0.000000 1.000000
0.996001 0.049300 0.074513 0.098602 -0.032484 0.976726 -0.212016 -0.000173 -0.083231 0.208747 0.974422 -0.000037 0.000000 0.000000 0.000000 1.000000
0.997052 0.030962 0.070198 0.098606 -0.022446 0.992639 -0.119014 -0.000176 -0.073366 0.117087 0.990408 -0.000021 0.000000 0.000000 0.000000 1.000000
0.997832 0.011994 0.064708 0.098609 -0.010413 0.999640 -0.024724 -0.000177 -0.064981 0.023996 0.997598 -0.000004 0.000000 0.000000 0.000000 1.000000
0.998285 -0.007010 0.058117 0.098612 0.003139 0.997786 0.066425 -0.000177 -0.058454 -0.066129 0.996097 0.000012 0.000000 0.000000 0.000000 1.000000
0.998394 -0.025481 0.050606 0.098615 0.017619 0.988508 0.150136 -0.000175 -0.053850 -0.149004 0.987369 0.000027 0.000000 0.000000 0.000000 1.000000
0.998177 -0.042896 0.042463 0.098619 0.032408 0.974394 0.222498 -0.000173 -0.050920 -0.220717 0.974008 0.000039 0.000000 0.000000 0.000000 1.000000
0.997689 -0.058783 0.034070 0.098621 0.049686 0.973268 0.224236 -0.000173 -0.046341 -0.222025 0.973939 0.000040 0.000000 0.000000 0.000000 1.000000
0.997016 -0.072730 0.025886 0.098624 0.066924 0.981418 0.179834 -0.000174 -0.038484 -0.177565 0.983356 0.000032 0.000000 0.000000 0.000000 1.000000</float_array>
          <technique_common>
            <accessor source="#Bip01_Spine-Matrix-animation-output-transform-array" count="27" stride="16">
              <param type="float4x4"/>
            </accessor>
          </technique_common>
        </source>
        <source id="Bip01_Spine-Interpolations">
          <Name_array id="Bip01_Spine-Interpolations-array" count="27">
 LINEAR LINEAR LINEAR LINEAR LINEAR LINEAR LINEAR LINEAR LINEAR LINEAR LINEAR
LINEAR LINEAR LINEAR LINEAR LINEAR LINEAR LINEAR LINEAR LINEAR LINEAR LINEAR LINEAR
LINEAR LINEAR LINEAR LINEAR</Name_array>
          <technique_common>
            <accessor source="#Bip01_Spine-Interpolations-array" count="27">
              <param type="name"/>
            </accessor>
          </technique_common>
        </source>
        <sampler id="Bip01_Spine-Matrix-animation-transform">
          <input semantic="INPUT" source="#Bip01_Spine-Matrix-animation-input"/>
          <input semantic="OUTPUT" source="#Bip01_Spine-Matrix-animation-output-transform"/>
          <input semantic="INTERPOLATION" source="#Bip01_Spine-Interpolations"/>
        </sampler>
        <channel source="#Bip01_Spine-Matrix-animation-transform" target="Bip01_Spine/matrix"/>
      </animation>
    </animation>
    <animation id="Bip01_Spine1-anim" name="Bip01_Spine1">
      <animation>
        <source id="Bip01_Spine1-Matrix-animation-input">
          <float_array id="Bip01_Spine1-Matrix-animation-input-array" count="27">

0.000000 0.033333 0.066667 0.100000 0.133333 0.166667 0.200000 0.233333 0.266667 0.300000 0.333333 0.366667 0.400000 0.433333 0.466667 0.500000
0.533333 0.566667 0.600000 0.633333 0.666667 0.700000 0.733333 0.766667 0.800000 0.833333 0.866667</float_array>
          <technique_common>
            <accessor source="#Bip01_Spine1-Matrix-animation-input-array" count="27">
              <param name="TIME" type="float"/>
            </accessor>
          </technique_common>
        </source>
        <source id="Bip01_Spine1-Matrix-animation-output-transform">
          <float_array id="Bip01_Spine1-Matrix-animation-output-transform-array" count="432">

0.987343 0.147358 0.058643 0.222920 -0.158064 0.944601 0.287655 -0.000168 -0.013006 -0.293284 0.955937 0.000052 0.000000 0.000000 0.000000 1.000000
0.987123 0.151447 0.051509 0.222920 -0.159966 0.934309 0.318555 -0.000166 0.000119 -0.322693 0.946504 0.000057 0.000000 0.000000 0.000000 1.000000
0.986750 0.156241 0.043742 0.222919 -0.161576 0.921757 0.352502 -0.000164 0.014755 -0.354899 0.934788 0.000063 0.000000 0.000000 0.000000 1.000000
0.986204 0.161656 0.035629 0.222918 -0.162710 0.907041 0.388333 -0.000161 0.030460 -0.388773 0.920830 0.000069 0.000000 0.000000 0.000000 1.000000
0.985477 0.167580 0.027438 0.222917 -0.163241 0.890394 0.424914 -0.000158 0.046776 -0.423222 0.904818 0.000075 0.000000 0.000000 0.000000 1.000000
0.984579 0.173861 0.019421 0.222916 -0.163112 0.872198 0.461157 -0.000155 0.063238 -0.457213 0.887106 0.000081 0.000000 0.000000 0.000000 1.000000
0.983538 0.180318 0.011800 0.222915 -0.162335 0.852988 0.496043 -0.000151 0.079381 -0.489792 0.868218 0.000087 0.000000 0.000000 0.000000 1.000000
0.982398 0.186740 0.004770 0.222914 -0.160992 0.833440 0.528638 -0.000148 0.094742 -0.520101 0.848834 0.000092 0.000000 0.000000 0.000000 1.000000
0.981219 0.192888 -0.001502 0.222912 -0.159231 0.814353 0.558099 -0.000145 0.108873 -0.547378 0.829773 0.000097 0.000000 0.000000 0.000000 1.000000
0.980075 0.198508 -0.006879 0.222911 -0.157253 0.796618 0.583670 -0.000141 0.121343 -0.570959 0.811962 0.000101 0.000000 0.000000 0.000000 1.000000
0.979045 0.203333 -0.011246 0.222911 -0.155295 0.781187 0.604674 -0.000139 0.131736 -0.590256 0.796394 0.000105 0.000000 0.000000 0.000000 1.000000
0.978213 0.207096 -0.014502 0.222910 -0.153613 0.769032 0.620477 -0.000137 0.139651 -0.604731 0.784090 0.000107 0.000000 0.000000 0.000000 1.000000
0.977662 0.209534 -0.016543 0.222909 -0.152453 0.761105 0.630458 -0.000135 0.144693 -0.613852 0.776048 0.000109 0.000000 0.000000 0.000000 1.000000
0.977464 0.210397 -0.017254 0.222909 -0.152029 0.758286 0.633947 -0.000135 0.146464 -0.617038 0.773184 0.000110 0.000000 0.000000 0.000000 1.000000
0.977662 0.209534 -0.016543 0.222909 -0.152453 0.761105 0.630457 -0.000135 0.144693 -0.613852 0.776048 0.000109 0.000000 0.000000 0.000000 1.000000
0.978213 0.207096 -0.014502 0.222910 -0.153613 0.769032 0.620477 -0.000137 0.139651 -0.604731 0.784090 0.000107 0.000000 0.000000 0.000000 1.000000
0.979045 0.203333 -0.011247 0.222911 -0.155295 0.781187 0.604674 -0.000139 0.131736 -0.590256 0.796394 0.000105 0.000000 0.000000 0.000000 1.000000
0.980075 0.198508 -0.006879 0.222911 -0.157253 0.796618 0.583671 -0.000141 0.121343 -0.570959 0.811962 0.000101 0.000000 0.000000 0.000000 1.000000
0.981219 0.192888 -0.001502 0.222912 -0.159231 0.814353 0.558099 -0.000145 0.108873 -0.547378 0.829773 0.000097 0.000000 0.000000 0.000000 1.000000
0.982398 0.186740 0.004770 0.222914 -0.160992 0.833440 0.528638 -0.000148 0.094742 -0.520101 0.848834 0.000092 0.000000 0.000000 0.000000 1.000000
0.983537 0.180318 0.011800 0.222915 -0.162335 0.852988 0.496043 -0.000151 0.079381 -0.489792 0.868218 0.000087 0.000000 0.000000 0.000000 1.000000
0.984579 0.173861 0.019421 0.222916 -0.163112 0.872198 0.461157 -0.000155 0.063238 -0.457213 0.887106 0.000081 0.000000 0.000000 0.000000 1.000000
0.985477 0.167579 0.027438 0.222917 -0.163241 0.890394 0.424914 -0.000158 0.046776 -0.423222 0.904818 0.000075 0.000000 0.000000 0.000000 1.000000
0.986204 0.161657 0.035629 0.222918 -0.162710 0.907041 0.388333 -0.000161 0.030460 -0.388773 0.920830 0.000069 0.000000 0.000000 0.000000 1.000000
0.986750 0.156241 0.043742 0.222919 -0.161576 0.921757 0.352502 -0.000164 0.014755 -0.354899 0.934788 0.000063 0.000000 0.000000 0.000000 1.000000
0.987123 0.151447 0.051509 0.222920 -0.159966 0.934309 0.318555 -0.000166 0.000119 -0.322693 0.946504 0.000057 0.000000 0.000000 0.000000 1.000000
0.987343 0.147358 0.058643 0.222920 -0.158064 0.944601 0.287655 -0.000168 -0.013006 -0.293284 0.955937 0.000052 0.000000 0.000000 0.000000 1.000000</float_array>
          <technique_common>
            <accessor source="#Bip01_Spine1-Matrix-animation-output-transform-array" count="27" stride="16">
              <param type="float4x4"/>
            </accessor>
          </technique_common>
        </source>
        <source id="Bip01_Spine1-Interpolations">
          <Name_array id="Bip01_Spine1-Interpolations-array" count="27">
 LINEAR LINEAR LINEAR LINEAR LINEAR LINEAR LINEAR LINEAR LINEAR LINEAR LINEAR
LINEAR LINEAR LINEAR LINEAR LINEAR LINEAR LINEAR LINEAR LINEAR LINEAR LINEAR LINEAR
LINEAR LINEAR LINEAR LINEAR</Name_array>
          <technique_common>
            <accessor source="#Bip01_Spine1-Interpolations-array" count="27">
              <param type="name"/>
            </accessor>
          </technique_common>
        </source>
        <sampler id="Bip01_Spine1-Matrix-animation-transform">
          <input semantic="INPUT" source="#Bip01_Spine1-Matrix-animation-input"/>
          <input semantic="OUTPUT" source="#Bip01_Spine1-Matrix-animation-output-transform"/>
          <input semantic="INTERPOLATION" source="#Bip01_Spine1-Interpolations"/>
        </sampler>
        <channel source="#Bip01_Spine1-Matrix-animation-transform" target="Bip01_Spine1/matrix"/>
      </animation>
    </animation>
    <animation id="Bip01_Neck-anim" name="Bip01_Neck">
      <animation>
        <source id="Bip01_Neck-Matrix-animation-input">
          <float_array id="Bip01_Neck-Matrix-animation-input-array" count="27">

0.000000 0.033333 0.066667 0.100000 0.133333 0.166667 0.200000 0.233333 0.266667 0.300000 0.333333 0.366667 0.400000 0.433333 0.466667 0.500000
0.533333 0.566667 0.600000 0.633333 0.666667 0.700000 0.733333 0.766667 0.800000 0.833333 0.866667</float_array>
          <technique_common>
            <accessor source="#Bip01_Neck-Matrix-animation-input-array" count="27">
              <param name="TIME" type="float"/>
            </accessor>
          </technique_common>
        </source>
        <source id="Bip01_Neck-Matrix-animation-output-transform">
          <float_array id="Bip01_Neck-Matrix-animation-output-transform-array" count="432">

0.998285 -0.037127 -0.045255 0.222950 0.042047 0.992692 0.113114 -0.000089 0.040724 -0.114822 0.992551 0.000010 0.000000 0.000000 0.000000 1.000000
0.998285 -0.037127 -0.045255 0.222950 0.042047 0.992692 0.113114 -0.000089 0.040724 -0.114822 0.992551 0.000010 0.000000 0.000000 0.000000 1.000000
0.998285 -0.037127 -0.045255 0.222950 0.042047 0.992692 0.113114 -0.000089 0.040724 -0.114822 0.992551 0.000010 0.000000 0.000000 0.000000 1.000000
0.998286 -0.037127 -0.045255 0.222950 0.042047 0.992692 0.113114 -0.000089 0.040724 -0.114823 0.992551 0.000010 0.000000 0.000000 0.000000 1.000000
0.998285 -0.037128 -0.045255 0.222950 0.042047 0.992692 0.113114 -0.000089 0.040724 -0.114822 0.992551 0.000010 0.000000 0.000000 0.000000 1.000000
0.998285 -0.037128 -0.045255 0.222950 0.042047 0.992692 0.113114 -0.000089 0.040724 -0.114822 0.992551 0.000010 0.000000 0.000000 0.000000 1.000000
0.998285 -0.037128 -0.045255 0.222950 0.042047 0.992692 0.113114 -0.000089 0.040724 -0.114822 0.992551 0.000010 0.000000 0.000000 0.000000 1.000000
0.998285 -0.037127 -0.045255 0.222950 0.042047 0.992692 0.113114 -0.000089 0.040724 -0.114822 0.992551 0.000010 0.000000 0.000000 0.000000 1.000000
0.998285 -0.037128 -0.045255 0.222950 0.042047 0.992692 0.113114 -0.000089 0.040724 -0.114822 0.992551 0.000010 0.000000 0.000000 0.000000 1.000000
0.998285 -0.037128 -0.045255 0.222950 0.042047 0.992692 0.113114 -0.000089 0.040724 -0.114823 0.992551 0.000010 0.000000 0.000000 0.000000 1.000000
0.998285 -0.037128 -0.045255 0.222950 0.042047 0.992692 0.113114 -0.000089 0.040724 -0.114822 0.992551 0.000010 0.000000 0.000000 0.000000 1.000000
0.998285 -0.037127 -0.045255 0.222950 0.042047 0.992692 0.113114 -0.000089 0.040724 -0.114823 0.992551 0.000010 0.000000 0.000000 0.000000 1.000000
0.998285 -0.037128 -0.045255 0.222950 0.042047 0.992692 0.113114 -0.000089 0.040724 -0.114822 0.992551 0.000010 0.000000 0.000000 0.000000 1.000000
0.998285 -0.037127 -0.045255 0.222950 0.042047 0.992692 0.113114 -0.000089 0.040724 -0.114823 0.992551 0.000010 0.000000 0.000000 0.000000 1.000000
0.998285 -0.037128 -0.045255 0.222950 0.042047 0.992692 0.113114 -0.000089 0.040724 -0.114822 0.992551 0.000010 0.000000 0.000000 0.000000 1.000000
0.998285 -0.037128 -0.045255 0.222950 0.042047 0.992692 0.113114 -0.000089 0.040724 -0.114823 0.992551 0.000010 0.000000 0.000000 0.000000 1.000000
0.998285 -0.037128 -0.045255 0.222950 0.042047 0.992692 0.113114 -0.000089 0.040724 -0.114823 0.992551 0.000010 0.000000 0.000000 0.000000 1.000000
0.998286 -0.037128 -0.045255 0.222950 0.042047 0.992692 0.113114 -0.000089 0.040724 -0.114822 0.992551 0.000010 0.000000 0.000000 0.000000 1.000000
0.998285 -0.037128 -0.045255 0.222950 0.042047 0.992692 0.113114 -0.000089 0.040724 -0.114822 0.992551 0.000010 0.000000 0.000000 0.000000 1.000000
0.998285 -0.037127 -0.045255 0.222950 0.042047 0.992692 0.113114 -0.000089 0.040724 -0.114822 0.992551 0.000010 0.000000 0.000000 0.000000 1.000000
0.998285 -0.037127 -0.045255 0.222950 0.042047 0.992692 0.113114 -0.000089 0.040724 -0.114823 0.992551 0.000010 0.000000 0.000000 0.000000 1.000000
0.998285 -0.037127 -0.045255 0.222950 0.042047 0.992692 0.113114 -0.000089 0.040724 -0.114823 0.992551 0.000010 0.000000 0.000000 0.000000 1.000000
0.998285 -0.037127 -0.045255 0.222950 0.042047 0.992692 0.113114 -0.000089 0.040724 -0.114822 0.992551 0.000010 0.000000 0.000000 0.000000 1.000000
0.998286 -0.037127 -0.045255 0.222950 0.042047 0.992692 0.113114 -0.000089 0.040724 -0.114823 0.992551 0.000010 0.000000 0.000000 0.000000 1.000000
0.998285 -0.037128 -0.045255 0.222950 0.042047 0.992692 0.113114 -0.000089 0.040724 -0.114822 0.992551 0.000010 0.000000 0.000000 0.000000 1.000000
0.998285 -0.037127 -0.045255 0.222950 0.042047 0.992692 0.113114 -0.000089 0.040724 -0.114823 0.992551 0.000010 0.000000 0.000000 0.000000 1.000000
0.998285 -0.037127 -0.045255 0.222950 0.042047 0.992692 0.113114 -0.000089 0.040724 -0.114822 0.992551 0.000010 0.000000 0.000000 0.000000 1.000000</float_array>
          <technique_common>
            <accessor source="#Bip01_Neck-Matrix-animation-output-transform-array" count="27" stride="16">
              <param type="float4x4"/>
            </accessor>
          </technique_common>
        </source>
        <source id="Bip01_Neck-Interpolations">
          <Name_array id="Bip01_Neck-Interpolations-array" count="27">
 LINEAR LINEAR LINEAR LINEAR LINEAR LINEAR LINEAR LINEAR LINEAR LINEAR LINEAR
LINEAR LINEAR LINEAR LINEAR LINEAR LINEAR LINEAR LINEAR LINEAR LINEAR LINEAR LINEAR
LINEAR LINEAR LINEAR LINEAR</Name_array>
          <technique_common>
            <accessor source="#Bip01_Neck-Interpolations-array" count="27">
              <param type="name"/>
            </accessor>
          </technique_common>
        </source>
        <sampler id="Bip01_Neck-Matrix-animation-transform">
          <input semantic="INPUT" source="#Bip01_Neck-Matrix-animation-input"/>
          <input semantic="OUTPUT" source="#Bip01_Neck-Matrix-animation-output-transform"/>
          <input semantic="INTERPOLATION" source="#Bip01_Neck-Interpolations"/>
        </sampler>
        <channel source="#Bip01_Neck-Matrix-animation-transform" target="Bip01_Neck/matrix"/>
      </animation>
    </animation>
    <animation id="Bip01_L_Clavicle-anim" name="Bip01_L_Clavicle">
      <animation>
        <source id="Bip01_L_Clavicle-Matrix-animation-input">
          <float_array id="Bip01_L_Clavicle-Matrix-animation-input-array" count="27">

0.000000 0.033333 0.066667 0.100000 0.133333 0.166667 0.200000 0.233333 0.266667 0.300000 0.333333 0.366667 0.400000 0.433333 0.466667 0.500000
0.533333 0.566667 0.600000 0.633333 0.666667 0.700000 0.733333 0.766667 0.800000 0.833333 0.866667</float_array>
          <technique_common>
            <accessor source="#Bip01_L_Clavicle-Matrix-animation-input-array" count="27">
              <param name="TIME" type="float"/>
            </accessor>
          </technique_common>
        </source>
        <source id="Bip01_L_Clavicle-Matrix-animation-output-transform">
          <float_array id="Bip01_L_Clavicle-Matrix-animation-output-transform-array" count="432">

-0.218590 -0.042404 0.974895 0.001222 -0.090837 -0.993833 -0.063595 -0.003357 0.971580 -0.102458 0.213390 0.029788 0.000000 0.000000 0.000000 1.000000
-0.220134 -0.043900 0.974481 0.001222 -0.126326 -0.989292 -0.073104 -0.003357 0.967255 -0.139195 0.212231 0.029788 0.000000 0.000000 0.000000 1.000000
-0.221783 -0.045381 0.974040 0.001222 -0.162744 -0.983183 -0.082863 -0.003357 0.961419 -0.176897 0.210667 0.029788 0.000000 0.000000 0.000000 1.000000
-0.223498 -0.046806 0.973580 0.001222 -0.199187 -0.975574 -0.092628 -0.003357 0.954135 -0.214627 0.208715 0.029788 0.000000 0.000000 0.000000 1.000000
-0.225237 -0.048141 0.973114 0.001222 -0.234772 -0.966667 -0.102162 -0.003357 0.945595 -0.251470 0.206427 0.029788 0.000000 0.000000 0.000000 1.000000
-0.226954 -0.049359 0.972654 0.001222 -0.268646 -0.956794 -0.111239 -0.003357 0.936120 -0.286546 0.203888 0.029788 0.000000 0.000000 0.000000 1.000000
-0.228599 -0.050440 0.972213 0.001222 -0.300003 -0.946406 -0.119641 -0.003357 0.926143 -0.319017 0.201215 0.029788 0.000000 0.000000 0.000000 1.000000
-0.230117 -0.051367 0.971806 0.001222 -0.328078 -0.936052 -0.127164 -0.003357 0.916193 -0.348091 0.198549 0.029788 0.000000 0.000000 0.000000 1.000000
-0.231611 -0.052217 0.971406 0.001222 -0.354919 -0.925192 -0.134356 -0.003357 0.905753 -0.375889 0.195752 0.029788 0.000000 0.000000 0.000000 1.000000
-0.233126 -0.053020 0.971000 0.001222 -0.381389 -0.913529 -0.141448 -0.003357 0.894536 -0.403304 0.192746 0.029788 0.000000 0.000000 0.000000 1.000000
-0.234518 -0.053706 0.970627 0.001222 -0.405072 -0.902260 -0.147794 -0.003357 0.883696 -0.427835 0.189841 0.029788 0.000000 0.000000 0.000000 1.000000
