<?xml version="1.0" encoding="utf-8"?>
<COLLADA xmlns="http://www.collada.org/2005/11/COLLADASchema" version="1.4.0">
  <asset>
    <contributor>
      <author></author>
      <authoring_tool>FBX COLLADA exporter</authoring_tool>
      <comments></comments>
    </contributor>
    <created>2010-07-11T11:27:37Z</created>
    <modified>2010-07-11T11:27:37Z</modified>
    <revision></revision>
    <title></title>
    <subject></subject>
    <keywords></keywords>
    <unit meter="1.000000"/>
    <up_axis>Y_UP</up_axis>
  </asset>
  <library_animations>
    <animation id="Root_Node-anim" name="Root_Node">
      <animation>
        <source id="Root_Node-Matrix-animation-input">
          <float_array id="Root_Node-Matrix-animation-input-array" count="27">

0.000000 0.033333 0.066667 0.100000 0.133333 0.166667 0.200000 0.233333 0.266667 0.300000 0.333333 0.366667 0.400000 0.433333 0.466667 0.500000
0.533333 0.566667 0.600000 0.633333 0.666667 0.700000 0.733333 0.766667 0.800000 0.833333 0.866667</float_array>
          <technique_common>
            <accessor source="#Root_Node-Matrix-animation-input-array" count="27">
              <param name="TIME" type="float"/>
            </accessor>
          </technique_common>
        </source>
        <source id="Root_Node-Matrix-animation-output-transform">
          <float_array id="Root_Node-Matrix-animation-output-transform-array" count="432">

0.000000 0.999943 -0.010695 0.000000 -1.000000 0.000000 -0.000000 0.000000 -0.000000 0.010695 0.999943 -0.000000 0.000000 0.000000 0.000000 1.000000
0.000000 0.999943 -0.010695 0.000000 -1.000000 0.000000 -0.000000 0.000000 -0.000000 0.010695 0.999943 -0.000000 0.000000 0.000000 0.000000 1.000000
0.000000 0.999943 -0.010695 0.000000 -1.000000 0.000000 -0.000000 0.000000 -0.000000 0.010695 0.999943 -0.000000 0.000000 0.000000 0.000000 1.000000
0.000000 0.999943 -0.010695 0.000000 -1.000000 0.000000 -0.000000 0.000000 -0.000000 0.010695 0.999943 -0.000000 0.000000 0.000000 0.000000 1.000000
0.000000 0.999943 -0.010695 0.000000 -1.000000 0.000000 -0.000000 0.000000 -0.000000 0.010695 0.999943 -0.000000 0.000000 0.000000 0.000000 1.000000
0.000000 0.999943 -0.010695 0.000000 -1.000000 0.000000 -0.000000 0.000000 -0.000000 0.010695 0.999943 -0.000000 0.000000 0.000000 0.000000 1.000000
0.000000 0.999943 -0.010695 0.000000 -1.000000 0.000000 -0.000000 0.000000 -0.000000 0.010695 0.999943 -0.000000 0.000000 0.000000 0.000000 1.000000
0.000000 0.999943 -0.010695 0.000000 -1.000000 0.000000 -0.000000 0.000000 -0.000000 0.010695 0.999943 -0.000000 0.000000 0.000000 0.000000 1.000000
0.000000 0.999943 -0.010695 0.000000 -1.000000 0.000000 -0.000000 0.000000 -0.000000 0.010695 0.999943 -0.000000 0.000000 0.000000 0.000000 1.000000
0.000000 0.999943 -0.010695 0.000000 -1.000000 0.000000 -0.000000 0.000000 -0.000000 0.010695 0.999943 -0.000000 0.000000 0.000000 0.000000 1.000000
0.000000 0.999943 -0.010695 0.000000 -1.000000 0.000000 -0.000000 0.000000 -0.000000 0.010695 0.999943 -0.000000 0.000000 0.000000 0.000000 1.000000
0.000000 0.999943 -0.010695 0.000000 -1.000000 0.000000 -0.000000 0.000000 -0.000000 0.010695 0.999943 -0.000000 0.000000 0.000000 0.000000 1.000000
0.000000 0.999943 -0.010695 0.000000 -1.000000 0.000000 -0.000000 0.000000 -0.000000 0.010695 0.999943 -0.000000 0.000000 0.000000 0.000000 1.000000
0.000000 0.999943 -0.010695 0.000000 -1.000000 0.000000 -0.000000 0.000000 -0.000000 0.010695 0.999943 -0.000000 0.000000 0.000000 0.000000 1.000000
0.000000 0.999943 -0.010695 0.000000 -1.000000 0.000000 -0.000000 0.000000 -0.000000 0.010695 0.999943 -0.000000 0.000000 0.000000 0.000000 1.000000
0.000000 0.999943 -0.010695 0.000000 -1.000000 0.000000 -0.000000 0.000000 -0.000000 0.010695 0.999943 -0.000000 0.000000 0.000000 0.000000 1.000000
0.000000 0.999943 -0.010695 0.000000 -1.000000 0.000000 -0.000000 0.000000 -0.000000 0.010695 0.999943 -0.000000 0.000000 0.000000 0.000000 1.000000
0.000000 0.999943 -0.010695 0.000000 -1.000000 0.000000 -0.000000 0.000000 -0.000000 0.010695 0.999943 -0.000000 0.000000 0.000000 0.000000 1.000000
0.000000 0.999943 -0.010695 0.000000 -1.000000 0.000000 -0.000000 0.000000 -0.000000 0.010695 0.999943 -0.000000 0.000000 0.000000 0.000000 1.000000
0.000000 0.999943 -0.010695 0.000000 -1.000000 0.000000 -0.000000 0.000000 -0.000000 0.010695 0.999943 -0.000000 0.000000 0.000000 0.000000 1.000000
0.000000 0.999943 -0.010695 0.000000 -1.000000 0.000000 -0.000000 0.000000 -0.000000 0.010695 0.999943 -0.000000 0.000000 0.000000 0.000000 1.000000
0.000000 0.999943 -0.010695 0.000000 -1.000000 0.000000 -0.000000 0.000000 -0.000000 0.010695 0.999943 -0.000000 0.000000 0.000000 0.000000 1.000000
0.000000 0.999943 -0.010695 0.000000 -1.000000 0.000000 -0.000000 0.000000 -0.000000 0.010695 0.999943 -0.000000 0.000000 0.000000 0.000000 1.000000
0.000000 0.999943 -0.010695 0.000000 -1.000000 0.000000 -0.000000 0.000000 -0.000000 0.010695 0.999943 -0.000000 0.000000 0.000000 0.000000 1.000000
0.000000 0.999943 -0.010695 0.000000 -1.000000 0.000000 -0.000000 0.000000 -0.000000 0.010695 0.999943 -0.000000 0.000000 0.000000 0.000000 1.000000
0.000000 0.999943 -0.010695 0.000000 -1.000000 0.000000 -0.000000 0.000000 -0.000000 0.010695 0.999943 -0.000000 0.000000 0.000000 0.000000 1.000000
0.000000 0.999943 -0.010695 0.000000 -1.000000 0.000000 -0.000000 0.000000 -0.000000 0.010695 0.999943 -0.000000 0.000000 0.000000 0.000000 1.000000</float_array>
          <technique_common>
            <accessor source="#Root_Node-Matrix-animation-output-transform-array" count="27" stride="16">
              <param type="float4x4"/>
            </accessor>
          </technique_common>
        </source>
        <source id="Root_Node-Interpolations">
          <Name_array id="Root_Node-Interpolations-array" count="27">
 LINEAR LINEAR LINEAR LINEAR LINEAR LINEAR LINEAR LINEAR LINEAR LINEAR LINEAR
LINEAR LINEAR LINEAR LINEAR LINEAR LINEAR LINEAR LINEAR LINEAR LINEAR LINEAR LINEAR
LINEAR LINEAR LINEAR LINEAR</Name_array>
          <technique_common>
            <accessor source="#Root_Node-Interpolations-array" count="27">
              <param type="name"/>
            </accessor>
          </technique_common>
        </source>
        <sampler id="Root_Node-Matrix-animation-transform">
          <input semantic="INPUT" source="#Root_Node-Matrix-animation-input"/>
          <input semantic="OUTPUT" source="#Root_Node-Matrix-animation-output-transform"/>
          <input semantic="INTERPOLATION" source="#Root_Node-Interpolations"/>
        </sampler>
        <channel source="#Root_Node-Matrix-animation-transform" target="Root_Node/matrix"/>
      </animation>
    </animation>
    <animation id="Bip01-anim" name="Bip01">
      <animation>
        <source id="Bip01-Matrix-animation-input">
          <float_array id="Bip01-Matrix-animation-input-array" count="27">

0.000000 0.033333 0.066667 0.100000 0.133333 0.166667 0.200000 0.233333 0.266667 0.300000 0.333333 0.366667 0.400000 0.433333 0.466667 0.500000
0.533333 0.566667 0.600000 0.633333 0.666667 0.700000 0.733333 0.766667 0.800000 0.833333 0.866667</float_array>
          <technique_common>
            <accessor source="#Bip01-Matrix-animation-input-array" count="27">
              <param name="TIME" type="float"/>
            </accessor>
          </technique_common>
        </source>
        <source id="Bip01-Matrix-animation-output-transform">
          <float_array id="Bip01-Matrix-animation-output-transform-array" count="432">

0.000000 0.000000 -1.000000 -0.721678 -0.913876 0.405994 -0.000000 -0.000748 0.405994 0.913876 0.000000 -0.032349 0.000000 0.000000 0.000000 1.000000
0.000000 0.000000 -1.000000 -0.745492 -0.916771 0.399414 -0.000000 -0.000748 0.399414 0.916771 0.000000 -0.032349 0.000000 0.000000 0.000000 1.000000
0.000000 0.000000 -1.000000 -0.772770 -0.919930 0.392082 -0.000000 -0.000748 0.392082 0.919930 0.000000 -0.032349 0.000000 0.000000 0.000000 1.000000
0.000000 0.000000 -1.000000 -0.800914 -0.923245 0.384211 -0.000000 -0.000748 0.384211 0.923245 0.000000 -0.032349 0.000000 0.000000 0.000000 1.000000
0.000000 0.000000 -1.000000 -0.827327 -0.926612 0.376018 -0.000000 -0.000748 0.376018 0.926612 0.000000 -0.032349 0.000000 0.000000 0.000000 1.000000
0.000000 0.000000 -1.000000 -0.849409 -0.929936 0.367722 -0.000000 -0.000748 0.367722 0.929936 0.000000 -0.032349 0.000000 0.000000 0.000000 1.000000
0.000000 0.000000 -1.000000 -0.864563 -0.933128 0.359545 -0.000000 -0.000748 0.359545 0.933128 0.000000 -0.032349 0.000000 0.000000 0.000000 1.000000
0.000000 0.000000 -1.000000 -0.870192 -0.936108 0.351712 -0.000000 -0.000748 0.351712 0.936108 0.000000 -0.032349 0.000000 0.000000 0.000000 1.000000
0.000000 0.000000 -1.000000 -0.859429 -0.938804 0.344451 -0.000000 -0.000748 0.344451 0.938804 0.000000 -0.032349 0.000000 0.000000 0.000000 1.000000
0.000000 0.000000 -1.000000 -0.832450 -0.941149 0.337991 -0.000000 -0.000748 0.337991 0.941149 0.000000 -0.032349 0.000000 0.000000 0.000000 1.000000
0.000000 0.000000 -1.000000 -0.797220 -0.943080 0.332565 -0.000000 -0.000748 0.332565 0.943080 0.000000 -0.032349 0.000000 0.000000 0.000000 1.000000
0.000000 0.000000 -1.000000 -0.761704 -0.944537 0.328404 -0.000000 -0.000748 0.328404 0.944537 0.000000 -0.032349 0.000000 0.000000 0.000000 1.000000
0.000000 0.000000 -1.000000 -0.733869 -0.945460 0.325739 -0.000000 -0.000748 0.325739 0.945460 0.000000 -0.032349 0.000000 0.000000 0.000000 1.000000
0.000000 0.000000 -1.000000 -0.721678 -0.945783 0.324800 -0.000000 -0.000748 0.324800 0.945783 0.000000 -0.032349 0.000000 0.000000 0.000000 1.000000
0.000000 0.000000 -1.000000 -0.727413 -0.945460 0.325739 -0.000000 -0.000748 0.325739 0.945460 0.000000 -0.032349 0.000000 0.000000 0.000000 1.000000
0.000000 0.000000 -1.000000 -0.744958 -0.944537 0.328404 -0.000000 -0.000748 0.328404 0.944537 0.000000 -0.032349 0.000000 0.000000 0.000000 1.000000
0.000000 0.000000 -1.000000 -0.769688 -0.943080 0.332565 -0.000000 -0.000748 0.332565 0.943080 0.000000 -0.032349 0.000000 0.000000 0.000000 1.000000
0.000000 0.000000 -1.000000 -0.796976 -0.941149 0.337991 -0.000000 -0.000748 0.337991 0.941149 0.000000 -0.032349 0.000000 0.000000 0.000000 1.000000
0.000000 0.000000 -1.000000 -0.822195 -0.938804 0.344451 -0.000000 -0.000748 0.344451 0.938804 0.000000 -0.032349 0.000000 0.000000 0.000000 1.000000
0.000000 0.000000 -1.000000 -0.840720 -0.936108 0.351712 -0.000000 -0.000748 0.351712 0.936108 0.000000 -0.032349 0.000000 0.000000 0.000000 1.000000
0.000000 0.000000 -1.000000 -0.847923 -0.933128 0.359545 -0.000000 -0.000748 0.359545 0.933128 0.000000 -0.032349 0.000000 0.000000 0.000000 1.000000
0.000000 0.000000 -1.000000 -0.841493 -0.929936 0.367722 -0.000000 -0.000748 0.367722 0.929936 0.000000 -0.032349 0.000000 0.000000 0.000000 1.000000
0.000000 0.000000 -1.000000 -0.824544 -0.926612 0.376018 -0.000000 -0.000748 0.376018 0.926612 0.000000 -0.032349 0.000000 0.000000 0.000000 1.000000
0.000000 0.000000 -1.000000 -0.800581 -0.923245 0.384211 -0.000000 -0.000748 0.384211 0.923245 0.000000 -0.032349 0.000000 0.000000 0.000000 1.000000
0.000000 0.000000 -1.000000 -0.773111 -0.919930 0.392081 -0.000000 -0.000748 0.392081 0.919930 0.000000 -0.032349 0.000000 0.000000 0.000000 1.000000
0.000000 0.000000 -1.000000 -0.745641 -0.916771 0.399414 -0.000000 -0.000748 0.399414 0.916771 0.000000 -0.032349 0.000000 0.000000 0.000000 1.000000
0.000000 0.000000 -1.000000 -0.721678 -0.913876 0.405994 -0.000000 -0.000748 0.405994 0.913876 0.000000 -0.032349 0.000000 0.000000 0.000000 1.000000</float_array>
          <technique_common>
            <accessor source="#Bip01-Matrix-animation-output-transform-array" count="27" stride="16">
              <param type="float4x4"/>
            </accessor>
          </technique_common>
        </source>
        <source id="Bip01-Interpolations">
          <Name_array id="Bip01-Interpolations-array" count="27">
 LINEAR LINEAR LINEAR LINEAR LINEAR LINEAR LINEAR LINEAR LINEAR LINEAR LINEAR
LINEAR LINEAR LINEAR LINEAR LINEAR LINEAR LINEAR LINEAR LINEAR LINEAR LINEAR LINEAR
LINEAR LINEAR LINEAR LINEAR</Name_array>
          <technique_common>
            <accessor source="#Bip01-Interpolations-array" count="27">
              <param type="name"/>
            </accessor>
          </technique_common>
        </source>
        <sampler id="Bip01-Matrix-animation-transform">
          <input semantic="INPUT" source="#Bip01-Matrix-animation-input"/>
          <input semantic="OUTPUT" source="#Bip01-Matrix-animation-output-transform"/>
          <input semantic="INTERPOLATION" source="#Bip01-Interpolations"/>
        </sampler>
        <channel source="#Bip01-Matrix-animation-transform" target="Bip01/matrix"/>
      </animation>
    </animation>
    <animation id="Bip01_Pelvis-anim" name="Bip01_Pelvis">
      <animation>
        <source id="Bip01_Pelvis-Matrix-animation-input">
          <float_array id="Bip01_Pelvis-Matrix-animation-input-array" count="27">

0.000000 0.033333 0.066667 0.100000 0.133333 0.166667 0.200000 0.233333 0.266667 0.300000 0.333333 0.366667 0.400000 0.433333 0.466667 0.500000
0.533333 0.566667 0.600000 0.633333 0.666667 0.700000 0.733333 0.766667 0.800000 0.833333 0.866667</float_array>
          <technique_common>
            <accessor source="#Bip01_Pelvis-Matrix-animation-input-array" count="27">
              <param name="TIME" type="float"/>
            </accessor>
          </technique_common>
        </source>
        <source id="Bip01_Pelvis-Matrix-animation-output-transform">
          <float_array id="Bip01_Pelvis-Matrix-animation-output-transform-array" count="432">

-0.000000 0.772875 -0.634559 -0.035612 0.000000 0.634559 0.772875 0.000000 1.000000 0.000000 -0.000000 0.000000 0.000000 0.000000 0.000000 1.000000
-0.021553 0.795047 -0.606164 -0.035612 -0.007079 0.606169 0.795305 0.000000 0.999743 0.021432 -0.007437 0.000000 0.000000 0.000000 0.000000 1.000000
-0.045758 0.817906 -0.573530 -0.035612 -0.014016 0.573549 0.819051 0.000000 0.998854 0.045516 -0.014781 0.000000 0.000000 0.000000 0.000000 1.000000
-0.071901 0.840246 -0.537417 -0.035612 -0.020345 0.537464 0.843041 0.000000 0.997204 0.071549 -0.021550 0.000000 0.000000 0.000000 0.000000 1.000000
-0.099224 0.861052 -0.498743 -0.035612 -0.025701 0.498831 0.866318 0.000000 0.994733 0.098777 -0.027366 0.000000 0.000000 0.000000 0.000000 1.000000
-0.126928 0.879546 -0.458572 -0.035612 -0.029844 0.458715 0.888082 0.000000 0.991463 0.126408 -0.031975 0.000000 0.000000 0.000000 0.000000 1.000000
-0.154199 0.895218 -0.418099 -0.035612 -0.032667 0.418310 0.907717 0.000000 0.987500 0.153627 -0.035258 0.000000 0.000000 0.000000 0.000000 1.000000
-0.180221 0.907837 -0.378620 -0.035612 -0.034205 0.378905 0.924803 0.000000 0.983031 0.179620 -0.037234 0.000000 0.000000 0.000000 0.000000 1.000000
-0.204201 0.917434 -0.341492 -0.035612 -0.034616 0.341857 0.939114 0.000000 0.978317 0.203590 -0.038050 0.000000 0.000000 0.000000 0.000000 1.000000
-0.225379 0.924271 -0.308102 -0.035612 -0.034168 0.308546 0.950596 0.000000 0.973672 0.224772 -0.037959 0.000000 0.000000 0.000000 0.000000 1.000000
-0.243032 0.928779 -0.279832 -0.035612 -0.033205 0.280346 0.959325 0.000000 0.969450 0.242438 -0.037293 0.000000 0.000000 0.000000 0.000000 1.000000
-0.256472 0.931472 -0.258037 -0.035612 -0.032105 0.258609 0.965448 0.000000 0.966018 0.255895 -0.036421 0.000000 0.000000 0.000000 0.000000 1.000000
-0.265030 0.932849 -0.244033 -0.035612 -0.031238 0.244644 0.969110 0.000000 0.963734 0.264466 -0.035698 0.000000 0.000000 0.000000 0.000000 1.000000
-0.268036 0.933269 -0.239092 -0.035612 -0.030902 0.239717 0.970351 0.000000 0.962913 0.267478 -0.035413 0.000000 0.000000 0.000000 0.000000 1.000000
-0.265030 0.932849 -0.244033 -0.035612 -0.031238 0.244644 0.969110 0.000000 0.963734 0.264466 -0.035698 0.000000 0.000000 0.000000 0.000000 1.000000
-0.256472 0.931472 -0.258036 -0.035612 -0.032105 0.258609 0.965448 0.000000 0.966018 0.255895 -0.036421 0.000000 0.000000 0.000000 0.000000 1.000000
-0.243032 0.928779 -0.279832 -0.035612 -0.033205 0.280346 0.959325 0.000000 0.969450 0.242438 -0.037293 0.000000 0.000000 0.000000 0.000000 1.000000
-0.225379 0.924271 -0.308102 -0.035612 -0.034168 0.308546 0.950596 0.000000 0.973672 0.224772 -0.037959 0.000000 0.000000 0.000000 0.000000 1.000000
-0.204201 0.917434 -0.341492 -0.035612 -0.034616 0.341858 0.939114 0.000000 0.978317 0.203590 -0.038050 0.000000 0.000000 0.000000 0.000000 1.000000
-0.180221 0.907837 -0.378620 -0.035612 -0.034205 0.378905 0.924803 0.000000 0.983031 0.179620 -0.037234 0.000000 0.000000 0.000000 0.000000 1.000000
-0.154199 0.895218 -0.418099 -0.035612 -0.032667 0.418310 0.907717 0.000000 0.987500 0.153627 -0.035258 0.000000 0.000000 0.000000 0.000000 1.000000
-0.126928 0.879546 -0.458572 -0.035612 -0.029844 0.458715 0.888082 0.000000 0.991463 0.126408 -0.031975 0.000000 0.000000 0.000000 0.000000 1.000000
-0.099224 0.861052 -0.498743 -0.035612 -0.025701 0.498832 0.866318 0.000000 0.994733 0.098777 -0.027366 0.000000 0.000000 0.000000 0.000000 1.000000
-0.071901 0.840246 -0.537417 -0.035612 -0.020345 0.537464 0.843041 0.000000 0.997204 0.071549 -0.021550 0.000000 0.000000 0.000000 0.000000 1.000000
-0.045758 0.817906 -0.573530 -0.035612 -0.014016 0.573549 0.819051 0.000000 0.998854 0.045516 -0.014781 0.000000 0.000000 0.000000 0.000000 1.000000
-0.021553 0.795047 -0.606164 -0.035612 -0.007079 0.606169 0.795305 0.000000 0.999743 0.021432 -0.007437 0.000000 0.000000 0.000000 0.000000 1.000000
-0.000000 0.772875 -0.634559 -0.035612 0.000000 0.634559 0.772875 0.000000 1.000000 0.000000 -0.000000 0.000000 0.000000 0.000000 0.000000 1.000000</float_array>
          <technique_common>
            <accessor source="#Bip01_Pelvis-Matrix-animation-output-transform-array" count="27" stride="16">
              <param type="float4x4"/>
            </accessor>
          </technique_common>
        </source>
        <source id="Bip01_Pelvis-Interpolations">
          <Name_array id="Bip01_Pelvis-Interpolations-array" count="27">
 LINEAR LINEAR LINEAR LINEAR LINEAR LINEAR LINEAR LINEAR LINEAR LINEAR LINEAR
LINEAR LINEAR LINEAR LINEAR LINEAR LINEAR LINEAR LINEAR LINEAR LINEAR LINEAR LINEAR
LINEAR LINEAR LINEAR LINEAR</Name_array>
          <technique_common>
            <accessor source="#Bip01_Pelvis-Interpolations-array" count="27">
              <param type="name"/>
            </accessor>
          </technique_common>
        </source>
        <sampler id="Bip01_Pelvis-Matrix-animation-transform">
          <input semantic="INPUT" source="#Bip01_Pelvis-Matrix-animation-input"/>
          <input semantic="OUTPUT" source="#Bip01_Pelvis-Matrix-animation-output-transform"/>
          <input semantic="INTERPOLATION" source="#Bip01_Pelvis-Interpolations"/>
        </sampler>
        <channel source="#Bip01_Pelvis-Matrix-animation-transform" target="Bip01_Pelvis/matrix"/>
      </animation>
    </animation>
    <animation id="Bip01_Spine-anim" name="Bip01_Spine">
      <animation>
        <source id="Bip01_Spine-Matrix-animation-input">
          <float_array id="Bip01_Spine-Matrix-animation-input-array" count="27">

0.000000 0.033333 0.066667 0.100000 0.133333 0.166667 0.200000 0.233333 0.266667 0.300000 0.333333 0.366667 0.400000 0.433333 0.466667 0.500000
0.533333 0.566667 0.600000 0.633333 0.666667 0.700000 0.733333 0.766667 0.800000 0.833333 0.866667</float_array>
          <technique_common>
            <accessor source="#Bip01_Spine-Matrix-animation-input-array" count="27">
              <param name="TIME" type="float"/>
            </accessor>
          </technique_common>
        </source>
        <source id="Bip01_Spine-Matrix-animation-output-transform">
          <float_array id="Bip01_Spine-Matrix-animation-output-transform-array" count="432">

0.996972 -0.073596 0.025092 0.098624 0.069969 0.708366 -0.702369 -0.000126 0.033918 0.701998 0.711371 -0.000124 0.000000 0.000000 0.000000 1.000000
0.996588 -0.067434 0.047588 0.098598 0.081316 0.703526 -0.706002 0.001989 0.014129 0.707463 0.706609 -0.000859 0.000000 0.000000 0.000000 1.000000
0.995465 -0.061223 0.072809 0.098509 0.094839 0.698423 -0.709374 0.004364 -0.007421 0.713062 0.701062 -0.001584 0.000000 0.000000 0.000000 1.000000
0.993445 -0.055351 0.100015 0.098345 0.110325 0.693278 -0.712176 0.006933 -0.029919 0.718542 0.694840 -0.002253 0.000000 0.000000 0.000000 1.000000
0.990451 -0.050141 0.128425 0.098100 0.127444 0.688275 -0.714167 0.009618 -0.052583 0.723715 0.688093 -0.002827 0.000000 0.000000 0.000000 1.000000
0.986500 -0.045832 0.157219 0.097777 0.145740 0.683558 -0.715198 0.012344 -0.074689 0.728456 0.681009 -0.003282 0.000000 0.000000 0.000000 1.000000
0.981710 -0.042562 0.185563 0.097386 0.164639 0.679226 -0.715224 0.015029 -0.095598 0.732694 0.673811 -0.003607 0.000000 0.000000 0.000000 1.000000
0.976302 -0.040357 0.212618 0.096945 0.183479 0.675345 -0.714314 0.017593 -0.114763 0.736396 0.666746 -0.003802 0.000000 0.000000 0.000000 1.000000
0.970583 -0.039137 0.237563 0.096480 0.201524 0.671958 -0.712643 0.019957 -0.131742 0.739554 0.660078 -0.003883 0.000000 0.000000 0.000000 1.000000
0.964937 -0.038726 0.259608 0.096022 0.218003 0.669093 -0.710486 0.022046 -0.146188 0.742169 0.654075 -0.003875 0.000000 0.000000 0.000000 1.000000
0.959795 -0.038874 0.277998 0.095605 0.232126 0.666779 -0.708183 0.023789 -0.157833 0.744241 0.648994 -0.003810 0.000000 0.000000 0.000000 1.000000
0.955608 -0.039295 0.292008 0.095267 0.243117 0.665053 -0.706115 0.025116 -0.166454 0.745762 0.645083 -0.003724 0.000000 0.000000 0.000000 1.000000
0.952818 -0.039705 0.300934 0.095042 0.250222 0.663967 -0.704653 0.025961 -0.171832 0.746707 0.642575 -0.003653 0.000000 0.000000 0.000000 1.000000
0.951815 -0.039875 0.304070 0.094961 0.252738 0.663588 -0.704112 0.026258 -0.173700 0.747035 0.641691 -0.003625 0.000000 0.000000 0.000000 1.000000
0.952818 -0.039705 0.300934 0.095042 0.250222 0.663967 -0.704653 0.025961 -0.171832 0.746707 0.642575 -0.003653 0.000000 0.000000 0.000000 1.000000
0.955608 -0.039295 0.292008 0.095267 0.243117 0.665053 -0.706115 0.025116 -0.166454 0.745762 0.645083 -0.003724 0.000000 0.000000 0.000000 1.000000
0.959795 -0.038874 0.277998 0.095605 0.232126 0.666779 -0.708183 0.023789 -0.157833 0.744241 0.648994 -0.003810 0.000000 0.000000 0.000000 1.000000
0.964937 -0.038726 0.259608 0.096022 0.218003 0.669093 -0.710485 0.022046 -0.146188 0.742169 0.654075 -0.003875 0.000000 0.000000 0.000000 1.000000
0.970583 -0.039137 0.237563 0.096480 0.201524 0.671958 -0.712643 0.019957 -0.131742 0.739554 0.660078 -0.003883 0.000000 0.000000 0.000000 1.000000
0.976302 -0.040357 0.212618 0.096945 0.183479 0.675346 -0.714313 0.017593 -0.114763 0.736396 0.666746 -0.003802 0.000000 0.000000 0.000000 1.000000
0.981710 -0.042562 0.185563 0.097386 0.164639 0.679226 -0.715224 0.015029 -0.095598 0.732694 0.673811 -0.003607 0.000000 0.000000 0.000000 1.000000
0.986500 -0.045832 0.157219 0.097777 0.145740 0.683558 -0.715199 0.012344 -0.074689 0.728456 0.681009 -0.003282 0.000000 0.000000 0.000000 1.000000
0.990451 -0.050141 0.128425 0.098100 0.127444 0.688276 -0.714167 0.009618 -0.052583 0.723715 0.688093 -0.002827 0.000000 0.000000 0.000000 1.000000
0.993445 -0.055351 0.100015 0.098345 0.110325 0.693278 -0.712176 0.006933 -0.029919 0.718542 0.694840 -0.002253 0.000000 0.000000 0.000000 1.000000
0.995465 -0.061223 0.072809 0.098509 0.094839 0.698423 -0.709374 0.004364 -0.007421 0.713062 0.701062 -0.001584 0.000000 0.000000 0.000000 1.000000
0.996588 -0.067434 0.047588 0.098598 0.081316 0.703526 -0.706002 0.001989 0.014129 0.707463 0.706609 -0.000859 0.000000 0.000000 0.000000 1.000000
0.996972 -0.073596 0.025092 0.098624 0.069969 0.708366 -0.702369 -0.000126 0.033918 0.701998 0.711371 -0.000124 0.000000 0.000000 0.000000 1.000000</float_array>
          <technique_common>
            <accessor source="#Bip01_Spine-Matrix-animation-output-transform-array" count="27" stride="16">
              <param type="float4x4"/>
            </accessor>
          </technique_common>
        </source>
        <source id="Bip01_Spine-Interpolations">
          <Name_array id="Bip01_Spine-Interpolations-array" count="27">
 LINEAR LINEAR LINEAR LINEAR LINEAR LINEAR LINEAR LINEAR LINEAR LINEAR LINEAR
LINEAR LINEAR LINEAR LINEAR LINEAR LINEAR LINEAR LINEAR LINEAR LINEAR LINEAR LINEAR
LINEAR LINEAR LINEAR LINEAR</Name_array>
          <technique_common>
            <accessor source="#Bip01_Spine-Interpolations-array" count="27">
              <param type="name"/>
            </accessor>
          </technique_common>
        </source>
        <sampler id="Bip01_Spine-Matrix-animation-transform">
          <input semantic="INPUT" source="#Bip01_Spine-Matrix-animation-input"/>
          <input semantic="OUTPUT" source="#Bip01_Spine-Matrix-animation-output-transform"/>
          <input semantic="INTERPOLATION" source="#Bip01_Spine-Interpolations"/>
        </sampler>
        <channel source="#Bip01_Spine-Matrix-animation-transform" target="Bip01_Spine/matrix"/>
      </animation>
    </animation>
    <animation id="Bip01_Spine1-anim" name="Bip01_Spine1">
      <animation>
        <source id="Bip01_Spine1-Matrix-animation-input">
          <float_array id="Bip01_Spine1-Matrix-animation-input-array" count="27">

0.000000 0.033333 0.066667 0.100000 0.133333 0.166667 0.200000 0.233333 0.266667 0.300000 0.333333 0.366667 0.400000 0.433333 0.466667 0.500000
0.533333 0.566667 0.600000 0.633333 0.666667 0.700000 0.733333 0.766667 0.800000 0.833333 0.866667</float_array>
          <technique_common>
            <accessor source="#Bip01_Spine1-Matrix-animation-input-array" count="27">
              <param name="TIME" type="float"/>
            </accessor>
          </technique_common>
        </source>
        <source id="Bip01_Spine1-Matrix-animation-output-transform">
          <float_array id="Bip01_Spine1-Matrix-animation-output-transform-array" count="432">

0.989940 0.139125 0.025755 0.222922 -0.134144 0.980758 -0.141843 -0.000174 -0.044994 0.136962 0.989554 -0.000024 0.000000 0.000000 0.000000 1.000000
0.991940 0.126428 0.008466 0.222924 -0.123707 0.980719 -0.151287 -0.000174 -0.027430 0.149020 0.988454 -0.000026 0.000000 0.000000 0.000000 1.000000
0.993644 0.112065 -0.010590 0.222927 -0.112295 0.980386 -0.161964 -0.000174 -0.007768 0.162124 0.986740 -0.000029 0.000000 0.000000 0.000000 1.000000
0.994866 0.096405 -0.030792 0.222930 -0.100308 0.979695 -0.173599 -0.000174 0.013431 0.175797 0.984335 -0.000031 0.000000 0.000000 0.000000 1.000000
0.995474 0.079852 -0.051532 0.222932 -0.088122 0.978611 -0.185891 -0.000174 0.035586 0.189590 0.981218 -0.000034 0.000000 0.000000 0.000000 1.000000
0.995407 0.062845 -0.072219 0.222935 -0.076094 0.977140 -0.198512 -0.000173 0.058092 0.203096 0.977434 -0.000036 0.000000 0.000000 0.000000 1.000000
0.994676 0.045855 -0.092286 0.222938 -0.064550 0.975328 -0.211115 -0.000173 0.080329 0.215948 0.973095 -0.000038 0.000000 0.000000 0.000000 1.000000
0.993364 0.029383 -0.111199 0.222942 -0.053788 0.973258 -0.223327 -0.000173 0.101663 0.227826 0.968380 -0.000040 0.000000 0.000000 0.000000 1.000000
0.991618 0.013954 -0.128449 0.222944 -0.044074 0.971053 -0.234761 -0.000172 0.121455 0.238455 0.963529 -0.000042 0.000000 0.000000 0.000000 1.000000
0.989641 0.000107 -0.143561 0.222947 -0.035648 0.968863 -0.245018 -0.000172 0.139065 0.247598 0.958831 -0.000044 0.000000 0.000000 0.000000 1.000000
0.987676 -0.011608 -0.156082 0.222949 -0.028728 0.966858 -0.253693 -0.000172 0.153854 0.255050 0.954609 -0.000045 0.000000 0.000000 0.000000 1.000000
0.985981 -0.020640 -0.165575 0.222950 -0.023520 0.965220 -0.260380 -0.000171 0.165190 0.260624 0.951203 -0.000046 0.000000 0.000000 0.000000 1.000000
0.984811 -0.026445 -0.171603 0.222951 -0.020230 0.964125 -0.264677 -0.000171 0.172446 0.264128 0.948946 -0.000047 0.000000 0.000000 0.000000 1.000000
0.984383 -0.028494 -0.173718 0.222952 -0.019080 0.963731 -0.266193 -0.000171 0.175002 0.265351 0.948137 -0.000047 0.000000 0.000000 0.000000 1.000000
0.984811 -0.026445 -0.171603 0.222951 -0.020230 0.964125 -0.264677 -0.000171 0.172446 0.264128 0.948946 -0.000047 0.000000 0.000000 0.000000 1.000000
0.985981 -0.020640 -0.165575 0.222950 -0.023520 0.965220 -0.260380 -0.000171 0.165190 0.260624 0.951203 -0.000046 0.000000 0.000000 0.000000 1.000000
0.987676 -0.011608 -0.156082 0.222949 -0.028728 0.966858 -0.253693 -0.000172 0.153854 0.255050 0.954609 -0.000045 0.000000 0.000000 0.000000 1.000000
0.989641 0.000107 -0.143561 0.222947 -0.035648 0.968863 -0.245018 -0.000172 0.139065 0.247598 0.958831 -0.000044 0.000000 0.000000 0.000000 1.000000
0.991618 0.013954 -0.128449 0.222944 -0.044074 0.971053 -0.234761 -0.000172 0.121455 0.238455 0.963529 -0.000042 0.000000 0.000000 0.000000 1.000000
0.993364 0.029383 -0.111199 0.222942 -0.053788 0.973258 -0.223327 -0.000173 0.101663 0.227826 0.968380 -0.000040 0.000000 0.000000 0.000000 1.000000
0.994676 0.045855 -0.092286 0.222938 -0.064550 0.975328 -0.211115 -0.000173 0.080329 0.215948 0.973095 -0.000038 0.000000 0.000000 0.000000 1.000000
0.995407 0.062845 -0.072219 0.222935 -0.076094 0.977140 -0.198512 -0.000173 0.058092 0.203096 0.977434 -0.000036 0.000000 0.000000 0.000000 1.000000
0.995474 0.079852 -0.051532 0.222932 -0.088122 0.978611 -0.185891 -0.000174 0.035586 0.189590 0.981218 -0.000034 0.000000 0.000000 0.000000 1.000000
0.994866 0.096405 -0.030792 0.222930 -0.100308 0.979695 -0.173599 -0.000174 0.013431 0.175797 0.984335 -0.000031 0.000000 0.000000 0.000000 1.000000
0.993644 0.112065 -0.010590 0.222927 -0.112295 0.980386 -0.161964 -0.000174 -0.007768 0.162124 0.986740 -0.000029 0.000000 0.000000 0.000000 1.000000
0.991940 0.126428 0.008466 0.222924 -0.123706 0.980719 -0.151287 -0.000174 -0.027430 0.149020 0.988454 -0.000026 0.000000 0.000000 0.000000 1.000000
0.989940 0.139125 0.025755 0.222922 -0.134144 0.980758 -0.141843 -0.000174 -0.044994 0.136962 0.989554 -0.000024 0.000000 0.000000 0.000000 1.000000</float_array>
          <technique_common>
            <accessor source="#Bip01_Spine1-Matrix-animation-output-transform-array" count="27" stride="16">
              <param type="float4x4"/>
            </accessor>
          </technique_common>
        </source>
        <source id="Bip01_Spine1-Interpolations">
          <Name_array id="Bip01_Spine1-Interpolations-array" count="27">
 LINEAR LINEAR LINEAR LINEAR LINEAR LINEAR LINEAR LINEAR LINEAR LINEAR LINEAR
LINEAR LINEAR LINEAR LINEAR LINEAR LINEAR LINEAR LINEAR LINEAR LINEAR LINEAR LINEAR
LINEAR LINEAR LINEAR LINEAR</Name_array>
          <technique_common>
            <accessor source="#Bip01_Spine1-Interpolations-array" count="27">
              <param type="name"/>
            </accessor>
          </technique_common>
        </source>
        <sampler id="Bip01_Spine1-Matrix-animation-transform">
          <input semantic="INPUT" source="#Bip01_Spine1-Matrix-animation-input"/>
          <input semantic="OUTPUT" source="#Bip01_Spine1-Matrix-animation-output-transform"/>
          <input semantic="INTERPOLATION" source="#Bip01_Spine1-Interpolations"/>
        </sampler>
        <channel source="#Bip01_Spine1-Matrix-animation-transform" target="Bip01_Spine1/matrix"/>
      </animation>
    </animation>
    <animation id="Bip01_Neck-anim" name="Bip01_Neck">
      <animation>
        <source id="Bip01_Neck-Matrix-animation-input">
          <float_array id="Bip01_Neck-Matrix-animation-input-array" count="27">

0.000000 0.033333 0.066667 0.100000 0.133333 0.166667 0.200000 0.233333 0.266667 0.300000 0.333333 0.366667 0.400000 0.433333 0.466667 0.500000
0.533333 0.566667 0.600000 0.633333 0.666667 0.700000 0.733333 0.766667 0.800000 0.833333 0.866667</float_array>
          <technique_common>
            <accessor source="#Bip01_Neck-Matrix-animation-input-array" count="27">
              <param name="TIME" type="float"/>
            </accessor>
          </technique_common>
        </source>
        <source id="Bip01_Neck-Matrix-animation-output-transform">
          <float_array id="Bip01_Neck-Matrix-animation-output-transform-array" count="432">

0.939213 -0.343187 -0.010108 0.222977 0.317061 0.878255 -0.357968 -0.000079 0.131727 0.333003 0.933679 -0.000030 0.000000 0.000000 0.000000 1.000000
0.931643 -0.361810 -0.033693 0.222979 0.335046 0.891203 -0.305780 -0.000080 0.140662 0.273589 0.951506 -0.000025 0.000000 0.000000 0.000000 1.000000
0.922719 -0.380598 -0.061109 0.222981 0.355456 0.901438 -0.247105 -0.000081 0.149133 0.206287 0.967060 -0.000018 0.000000 0.000000 0.000000 1.000000
0.912620 -0.398390 -0.091708 0.222982 0.377684 0.907504 -0.183825 -0.000081 0.156460 0.133126 0.978672 -0.000012 0.000000 0.000000 0.000000 1.000000
0.901600 -0.414220 -0.124656 0.222984 0.401041 0.908428 -0.118004 -0.000081 0.162120 0.056400 0.985158 -0.000005 0.000000 0.000000 0.000000 1.000000
0.889988 -0.427386 -0.158943 0.222985 0.424774 0.903816 -0.051805 -0.000081 0.165796 -0.021408 0.985928 0.000002 0.000000 0.000000 0.000000 1.000000
0.878170 -0.437495 -0.193434 0.222986 0.448104 0.893892 0.012607 -0.000080 0.167394 -0.097750 0.981033 0.000009 0.000000 0.000000 0.000000 1.000000
0.866570 -0.444479 -0.226925 0.222986 0.470267 0.879485 0.073182 -0.000079 0.167049 -0.170133 0.971159 0.000015 0.000000 0.000000 0.000000 1.000000
0.855632 -0.448583 -0.258200 0.222987 0.490544 0.861954 0.128069 -0.000077 0.165107 -0.236239 0.957565 0.000021 0.000000 0.000000 0.000000 1.000000
0.845796 -0.450316 -0.286086 0.222987 0.508289 0.843079 0.175669 -0.000076 0.162087 -0.293994 0.941964 0.000026 0.000000 0.000000 0.000000 1.000000
0.837483 -0.450383 -0.309480 0.222987 0.522936 0.824906 0.214637 -0.000074 0.158623 -0.341593 0.926365 0.000031 0.000000 0.000000 0.000000 1.000000
0.831091 -0.449580 -0.327362 0.222987 0.533983 0.809574 0.243829 -0.000073 0.155403 -0.377450 0.912897 0.000034 0.000000 0.000000 0.000000 1.000000
0.826995 -0.448677 -0.338774 0.222987 0.540965 0.799133 0.262188 -0.000072 0.153088 -0.400093 0.903598 0.000036 0.000000 0.000000 0.000000 1.000000
0.825552 -0.448288 -0.342786 0.222987 0.543407 0.795341 0.268591 -0.000071 0.152225 -0.408008 0.900198 0.000037 0.000000 0.000000 0.000000 1.000000
0.826995 -0.448677 -0.338774 0.222987 0.540965 0.799133 0.262188 -0.000072 0.153088 -0.400093 0.903598 0.000036 0.000000 0.000000 0.000000 1.000000
0.831091 -0.449580 -0.327362 0.222987 0.533983 0.809574 0.243829 -0.000073 0.155403 -0.377450 0.912897 0.000034 0.000000 0.000000 0.000000 1.000000
0.837483 -0.450383 -0.309480 0.222987 0.522936 0.824905 0.214637 -0.000074 0.158623 -0.341593 0.926365 0.000031 0.000000 0.000000 0.000000 1.000000
0.845796 -0.450316 -0.286086 0.222987 0.508289 0.843079 0.175669 -0.000076 0.162086 -0.293994 0.941964 0.000026 0.000000 0.000000 0.000000 1.000000
0.855632 -0.448583 -0.258200 0.222987 0.490544 0.861954 0.128069 -0.000077 0.165107 -0.236239 0.957565 0.000021 0.000000 0.000000 0.000000 1.000000
0.866570 -0.444479 -0.226925 0.222986 0.470267 0.879485 0.073182 -0.000079 0.167049 -0.170133 0.971159 0.000015 0.000000 0.000000 0.000000 1.000000
0.878170 -0.437495 -0.193434 0.222986 0.448104 0.893892 0.012607 -0.000080 0.167394 -0.097750 0.981032 0.000009 0.000000 0.000000 0.000000 1.000000
0.889988 -0.427386 -0.158943 0.222985 0.424774 0.903816 -0.051805 -0.000081 0.165796 -0.021408 0.985928 0.000002 0.000000 0.000000 0.000000 1.000000
0.901600 -0.414220 -0.124656 0.222984 0.401041 0.908428 -0.118004 -0.000081 0.162120 0.056400 0.985158 -0.000005 0.000000 0.000000 0.000000 1.000000
0.912620 -0.398390 -0.091708 0.222982 0.377684 0.907504 -0.183825 -0.000081 0.156460 0.133125 0.978672 -0.000012 0.000000 0.000000 0.000000 1.000000
0.922719 -0.380598 -0.061109 0.222981 0.355456 0.901438 -0.247105 -0.000081 0.149133 0.206287 0.967060 -0.000018 0.000000 0.000000 0.000000 1.000000
0.931643 -0.361810 -0.033693 0.222979 0.335046 0.891203 -0.305780 -0.000080 0.140662 0.273589 0.951506 -0.000025 0.000000 0.000000 0.000000 1.000000
0.939213 -0.343187 -0.010108 0.222977 0.317061 0.878255 -0.357968 -0.000079 0.131727 0.333003 0.933679 -0.000030 0.000000 0.000000 0.000000 1.000000</float_array>
          <technique_common>
            <accessor source="#Bip01_Neck-Matrix-animation-output-transform-array" count="27" stride="16">
              <param type="float4x4"/>
            </accessor>
          </technique_common>
        </source>
        <source id="Bip01_Neck-Interpolations">
          <Name_array id="Bip01_Neck-Interpolations-array" count="27">
 LINEAR LINEAR LINEAR LINEAR LINEAR LINEAR LINEAR LINEAR LINEAR LINEAR LINEAR
LINEAR LINEAR LINEAR LINEAR LINEAR LINEAR LINEAR LINEAR LINEAR LINEAR LINEAR LINEAR
LINEAR LINEAR LINEAR LINEAR</Name_array>
          <technique_common>
            <accessor source="#Bip01_Neck-Interpolations-array" count="27">
              <param type="name"/>
            </accessor>
          </technique_common>
        </source>
        <sampler id="Bip01_Neck-Matrix-animation-transform">
          <input semantic="INPUT" source="#Bip01_Neck-Matrix-animation-input"/>
          <input semantic="OUTPUT" source="#Bip01_Neck-Matrix-animation-output-transform"/>
          <input semantic="INTERPOLATION" source="#Bip01_Neck-Interpolations"/>
        </sampler>
        <channel source="#Bip01_Neck-Matrix-animation-transform" target="Bip01_Neck/matrix"/>
      </animation>
    </animation>
    <animation id="Bip01_L_Clavicle-anim" name="Bip01_L_Clavicle">
      <animation>
        <source id="Bip01_L_Clavicle-Matrix-animation-input">
          <float_array id="Bip01_L_Clavicle-Matrix-animation-input-array" count="27">

0.000000 0.033333 0.066667 0.100000 0.133333 0.166667 0.200000 0.233333 0.266667 0.300000 0.333333 0.366667 0.400000 0.433333 0.466667 0.500000
0.533333 0.566667 0.600000 0.633333 0.666667 0.700000 0.733333 0.766667 0.800000 0.833333 0.866667</float_array>
          <technique_common>
            <accessor source="#Bip01_L_Clavicle-Matrix-animation-input-array" count="27">
              <param name="TIME" type="float"/>
            </accessor>
          </technique_common>
        </source>
        <source id="Bip01_L_Clavicle-Matrix-animation-output-transform">
          <float_array id="Bip01_L_Clavicle-Matrix-animation-output-transform-array" count="432">

-0.112507 -0.316382 0.941937 0.003953 0.419710 -0.874370 -0.243557 0.010084 0.900658 0.367938 0.231162 0.028022 0.000000 0.000000 0.000000 1.000000
-0.113784 -0.339378 0.933743 0.004222 0.335323 -0.897815 -0.285458 0.008300 0.935207 0.280625 0.215958 0.028557 0.000000 0.000000 0.000000 1.000000
-0.117196 -0.365072 0.923573 0.004476 0.241360 -0.912569 -0.330095 0.006281 0.963333 0.184228 0.195064 0.029023 0.000000 0.000000 0.000000 1.000000
-0.123417 -0.392504 0.911432 0.004696 0.141022 -0.916070 -0.375405 0.004085 0.982284 0.082200 0.168410 0.029372 0.000000 0.000000 0.000000 1.000000
-0.132775 -0.420558 0.897498 0.004866 0.038038 -0.907010 -0.419388 0.001782 0.990416 -0.021546 0.136426 0.029567 0.000000 0.000000 0.000000 1.000000
-0.145191 -0.448071 0.882129 0.004976 -0.063635 -0.885502 -0.460257 -0.000553 0.987355 -0.122959 0.100054 0.029590 0.000000 0.000000 0.000000 1.000000
-0.160160 -0.473950 0.865864 0.005024 -0.160169 -0.853084 -0.496582 -0.002844 0.974009 -0.218217 0.060717 0.029443 0.000000 0.000000 0.000000 1.000000
-0.176780 -0.497289 0.849383 0.005013 -0.248203 -0.812561 -0.527389 -0.005017 0.952441 -0.304051 0.020216 0.029146 0.000000 0.000000 0.000000 1.000000
-0.195378 -0.517532 0.833060 0.004955 -0.327358 -0.766298 -0.552832 -0.007001 0.924481 -0.380720 -0.019700 0.028738 0.000000 0.000000 0.000000 1.000000
-0.215621 -0.534139 0.817437 0.004865 -0.396608 -0.717064 -0.573168 -0.008734 0.892306 -0.447789 -0.057230 0.028270 0.000000 0.000000 0.000000 1.000000
-0.235135 -0.546767 0.803590 0.004761 -0.452945 -0.669869 -0.588317 -0.010162 0.859972 -0.502316 -0.090146 0.027802 0.000000 0.000000 0.000000 1.000000
