<?xml version="1.0" encoding="utf-8"?>
<COLLADA xmlns="http://www.collada.org/2005/11/COLLADASchema" version="1.4.0">
  <asset>
    <contributor>
      <author></author>
      <authoring_tool>FBX COLLADA exporter</authoring_tool>
      <comments></comments>
    </contributor>
    <created>2010-07-11T11:29:48Z</created>
    <modified>2010-07-11T11:29:48Z</modified>
    <revision></revision>
    <title></title>
    <subject></subject>
    <keywords></keywords>
    <unit meter="1.000000"/>
    <up_axis>Y_UP</up_axis>
  </asset>
  <library_animations>
    <animation id="Root_Node-anim" name="Root_Node">
      <animation>
        <source id="Root_Node-Matrix-animation-input">
          <float_array id="Root_Node-Matrix-animation-input-array" count="19">

0.000000 0.033333 0.066667 0.100000 0.133333 0.166667 0.200000 0.233333 0.266667 0.300000 0.333333 0.366667 0.400000 0.433333 0.466667 0.500000
0.533333 0.566667 0.600000</float_array>
          <technique_common>
            <accessor source="#Root_Node-Matrix-animation-input-array" count="19">
              <param name="TIME" type="float"/>
            </accessor>
          </technique_common>
        </source>
        <source id="Root_Node-Matrix-animation-output-transform">
          <float_array id="Root_Node-Matrix-animation-output-transform-array" count="304">

0.000000 1.000000 -0.000000 0.000000 -1.000000 0.000000 -0.000000 0.000888 -0.000000 0.000000 1.000000 -0.000000 0.000000 0.000000 0.000000 1.000000
0.000000 1.000000 -0.000000 0.000000 -1.000000 0.000000 -0.000000 0.000888 -0.000000 0.000000 1.000000 -0.000000 0.000000 0.000000 0.000000 1.000000
0.000000 1.000000 -0.000000 0.000000 -1.000000 0.000000 -0.000000 0.000888 -0.000000 0.000000 1.000000 -0.000000 0.000000 0.000000 0.000000 1.000000
0.000000 1.000000 -0.000000 0.000000 -1.000000 0.000000 -0.000000 0.000888 -0.000000 0.000000 1.000000 -0.000000 0.000000 0.000000 0.000000 1.000000
0.000000 1.000000 -0.000000 0.000000 -1.000000 0.000000 -0.000000 0.000888 -0.000000 0.000000 1.000000 -0.000000 0.000000 0.000000 0.000000 1.000000
0.000000 1.000000 -0.000000 0.000000 -1.000000 0.000000 -0.000000 0.000888 -0.000000 0.000000 1.000000 -0.000000 0.000000 0.000000 0.000000 1.000000
0.000000 1.000000 -0.000000 0.000000 -1.000000 0.000000 -0.000000 0.000888 -0.000000 0.000000 1.000000 -0.000000 0.000000 0.000000 0.000000 1.000000
0.000000 1.000000 -0.000000 0.000000 -1.000000 0.000000 -0.000000 0.000888 -0.000000 0.000000 1.000000 -0.000000 0.000000 0.000000 0.000000 1.000000
0.000000 1.000000 -0.000000 0.000000 -1.000000 0.000000 -0.000000 0.000888 -0.000000 0.000000 1.000000 -0.000000 0.000000 0.000000 0.000000 1.000000
0.000000 1.000000 -0.000000 0.000000 -1.000000 0.000000 -0.000000 0.000888 -0.000000 0.000000 1.000000 -0.000000 0.000000 0.000000 0.000000 1.000000
0.000000 1.000000 -0.000000 0.000000 -1.000000 0.000000 -0.000000 0.000888 -0.000000 0.000000 1.000000 -0.000000 0.000000 0.000000 0.000000 1.000000
0.000000 1.000000 -0.000000 0.000000 -1.000000 0.000000 -0.000000 0.000888 -0.000000 0.000000 1.000000 -0.000000 0.000000 0.000000 0.000000 1.000000
0.000000 1.000000 -0.000000 0.000000 -1.000000 0.000000 -0.000000 0.000888 -0.000000 0.000000 1.000000 -0.000000 0.000000 0.000000 0.000000 1.000000
0.000000 1.000000 -0.000000 0.000000 -1.000000 0.000000 -0.000000 0.000888 -0.000000 0.000000 1.000000 -0.000000 0.000000 0.000000 0.000000 1.000000
0.000000 1.000000 -0.000000 0.000000 -1.000000 0.000000 -0.000000 0.000888 -0.000000 0.000000 1.000000 -0.000000 0.000000 0.000000 0.000000 1.000000
0.000000 1.000000 -0.000000 0.000000 -1.000000 0.000000 -0.000000 0.000888 -0.000000 0.000000 1.000000 -0.000000 0.000000 0.000000 0.000000 1.000000
0.000000 1.000000 -0.000000 0.000000 -1.000000 0.000000 -0.000000 0.000888 -0.000000 0.000000 1.000000 -0.000000 0.000000 0.000000 0.000000 1.000000
0.000000 1.000000 -0.000000 0.000000 -1.000000 0.000000 -0.000000 0.000888 -0.000000 0.000000 1.000000 -0.000000 0.000000 0.000000 0.000000 1.000000
0.000000 1.000000 -0.000000 0.000000 -1.000000 0.000000 -0.000000 0.000888 -0.000000 0.000000 1.000000 -0.000000 0.000000 0.000000 0.000000 1.000000</float_array>
          <technique_common>
            <accessor source="#Root_Node-Matrix-animation-output-transform-array" count="19" stride="16">
              <param type="float4x4"/>
            </accessor>
          </technique_common>
        </source>
        <source id="Root_Node-Interpolations">
          <Name_array id="Root_Node-Interpolations-array" count="19">
 LINEAR LINEAR LINEAR LINEAR LINEAR LINEAR LINEAR LINEAR LINEAR LINEAR LINEAR
LINEAR LINEAR LINEAR LINEAR LINEAR LINEAR LINEAR LINEAR</Name_array>
          <technique_common>
            <accessor source="#Root_Node-Interpolations-array" count="19">
              <param type="name"/>
            </accessor>
          </technique_common>
        </source>
        <sampler id="Root_Node-Matrix-animation-transform">
          <input semantic="INPUT" source="#Root_Node-Matrix-animation-input"/>
          <input semantic="OUTPUT" source="#Root_Node-Matrix-animation-output-transform"/>
          <input semantic="INTERPOLATION" source="#Root_Node-Interpolations"/>
        </sampler>
        <channel source="#Root_Node-Matrix-animation-transform" target="Root_Node/matrix"/>
      </animation>
    </animation>
    <animation id="Bip01-anim" name="Bip01">
      <animation>
        <source id="Bip01-Matrix-animation-input">
          <float_array id="Bip01-Matrix-animation-input-array" count="19">

0.000000 0.033333 0.066667 0.100000 0.133333 0.166667 0.200000 0.233333 0.266667 0.300000 0.333333 0.366667 0.400000 0.433333 0.466667 0.500000
0.533333 0.566667 0.600000</float_array>
          <technique_common>
            <accessor source="#Bip01-Matrix-animation-input-array" count="19">
              <param name="TIME" type="float"/>
            </accessor>
          </technique_common>
        </source>
        <source id="Bip01-Matrix-animation-output-transform">
          <float_array id="Bip01-Matrix-animation-output-transform-array" count="304">

0.000000 -0.000000 -1.000000 -0.814811 0.707108 0.707106 0.000000 0.000000 0.707106 -0.707108 0.000000 0.037619 0.000000 0.000000 0.000000 1.000000
0.000000 -0.000000 -1.000000 -0.843946 0.707108 0.707106 0.000000 0.000000 0.707106 -0.707108 0.000000 0.037619 0.000000 0.000000 0.000000 1.000000
0.000000 -0.000000 -1.000000 -0.866020 0.707108 0.707106 0.000000 0.000000 0.707106 -0.707108 0.000000 0.037619 0.000000 0.000000 0.000000 1.000000
0.000000 -0.000000 -1.000000 -0.874354 0.707108 0.707106 0.000000 0.000000 0.707106 -0.707108 0.000000 0.037619 0.000000 0.000000 0.000000 1.000000
0.000000 -0.000000 -1.000000 -0.876410 0.707108 0.707106 0.000000 0.000000 0.707106 -0.707108 0.000000 0.037619 0.000000 0.000000 0.000000 1.000000
0.000000 -0.000000 -1.000000 -0.872214 0.707108 0.707106 0.000000 0.000000 0.707106 -0.707108 0.000000 0.037619 0.000000 0.000000 0.000000 1.000000
0.000000 -0.000000 -1.000000 -0.859323 0.707108 0.707106 0.000000 0.000000 0.707106 -0.707108 0.000000 0.037619 0.000000 0.000000 0.000000 1.000000
0.000000 -0.000000 -1.000000 -0.840371 0.707108 0.707106 0.000000 0.000000 0.707106 -0.707108 0.000000 0.037619 0.000000 0.000000 0.000000 1.000000
0.000000 -0.000000 -1.000000 -0.822989 0.707108 0.707106 0.000000 0.000000 0.707106 -0.707108 0.000000 0.037619 0.000000 0.000000 0.000000 1.000000
0.000000 -0.000000 -1.000000 -0.814811 0.707108 0.707106 0.000000 0.000000 0.707106 -0.707108 0.000000 0.037619 0.000000 0.000000 0.000000 1.000000
0.000000 -0.000000 -1.000000 -0.837287 0.707108 0.707106 0.000000 0.000000 0.707106 -0.707108 0.000000 0.037619 0.000000 0.000000 0.000000 1.000000
0.000000 -0.000000 -1.000000 -0.866020 0.707108 0.707106 0.000000 0.000000 0.707106 -0.707108 0.000000 0.037619 0.000000 0.000000 0.000000 1.000000
0.000000 -0.000000 -1.000000 -0.874354 0.707108 0.707106 0.000000 0.000000 0.707106 -0.707108 0.000000 0.037619 0.000000 0.000000 0.000000 1.000000
0.000000 -0.000000 -1.000000 -0.876410 0.707108 0.707106 0.000000 0.000000 0.707106 -0.707108 0.000000 0.037619 0.000000 0.000000 0.000000 1.000000
0.000000 -0.000000 -1.000000 -0.872214 0.707108 0.707106 0.000000 0.000000 0.707106 -0.707108 0.000000 0.037619 0.000000 0.000000 0.000000 1.000000
0.000000 -0.000000 -1.000000 -0.859323 0.707108 0.707106 0.000000 0.000000 0.707106 -0.707108 0.000000 0.037619 0.000000 0.000000 0.000000 1.000000
0.000000 -0.000000 -1.000000 -0.840371 0.707108 0.707106 0.000000 0.000000 0.707106 -0.707108 0.000000 0.037619 0.000000 0.000000 0.000000 1.000000
0.000000 -0.000000 -1.000000 -0.822989 0.707108 0.707106 0.000000 0.000000 0.707106 -0.707108 0.000000 0.037619 0.000000 0.000000 0.000000 1.000000
0.000000 -0.000000 -1.000000 -0.814811 0.707108 0.707106 0.000000 0.000000 0.707106 -0.707108 0.000000 0.037619 0.000000 0.000000 0.000000 1.000000</float_array>
          <technique_common>
            <accessor source="#Bip01-Matrix-animation-output-transform-array" count="19" stride="16">
              <param type="float4x4"/>
            </accessor>
          </technique_common>
        </source>
        <source id="Bip01-Interpolations">
          <Name_array id="Bip01-Interpolations-array" count="19">
 LINEAR LINEAR LINEAR LINEAR LINEAR LINEAR LINEAR LINEAR LINEAR LINEAR LINEAR
LINEAR LINEAR LINEAR LINEAR LINEAR LINEAR LINEAR LINEAR</Name_array>
          <technique_common>
            <accessor source="#Bip01-Interpolations-array" count="19">
              <param type="name"/>
            </accessor>
          </technique_common>
        </source>
        <sampler id="Bip01-Matrix-animation-transform">
          <input semantic="INPUT" source="#Bip01-Matrix-animation-input"/>
          <input semantic="OUTPUT" source="#Bip01-Matrix-animation-output-transform"/>
          <input semantic="INTERPOLATION" source="#Bip01-Interpolations"/>
        </sampler>
        <channel source="#Bip01-Matrix-animation-transform" target="Bip01/matrix"/>
      </animation>
    </animation>
    <animation id="Bip01_Pelvis-anim" name="Bip01_Pelvis">
      <animation>
        <source id="Bip01_Pelvis-Matrix-animation-input">
          <float_array id="Bip01_Pelvis-Matrix-animation-input-array" count="19">

0.000000 0.033333 0.066667 0.100000 0.133333 0.166667 0.200000 0.233333 0.266667 0.300000 0.333333 0.366667 0.400000 0.433333 0.466667 0.500000
0.533333 0.566667 0.600000</float_array>
          <technique_common>
            <accessor source="#Bip01_Pelvis-Matrix-animation-input-array" count="19">
              <param name="TIME" type="float"/>
            </accessor>
          </technique_common>
        </source>
        <source id="Bip01_Pelvis-Matrix-animation-output-transform">
          <float_array id="Bip01_Pelvis-Matrix-animation-output-transform-array" count="304">

0.073029 0.992390 0.099141 -0.035612 -0.015289 -0.098280 0.995041 0.000000 0.997213 -0.074183 0.007995 0.000000 0.000000 0.000000 0.000000 1.000000
0.076488 0.988915 0.127270 -0.035612 -0.027737 -0.125484 0.991708 0.000000 0.996685 -0.079384 0.017831 0.000000 0.000000 0.000000 0.000000 1.000000
0.078074 0.984486 0.157135 -0.035612 -0.041326 -0.154284 0.987162 0.000000 0.996091 -0.083566 0.028639 0.000000 0.000000 0.000000 0.000000 1.000000
0.080022 0.979289 0.185983 -0.035612 -0.054433 -0.182010 0.981789 0.000000 0.995306 -0.088689 0.038741 0.000000 0.000000 0.000000 0.000000 1.000000
0.084722 0.973775 0.211151 -0.035612 -0.065553 -0.206007 0.976352 0.000000 0.994246 -0.096560 0.046381 0.000000 0.000000 0.000000 0.000000 1.000000
0.094675 0.968565 0.230041 -0.035612 -0.073257 -0.223674 0.971907 0.000000 0.992809 -0.108867 0.049778 0.000000 0.000000 0.000000 0.000000 1.000000
0.116364 0.964216 0.238215 -0.035612 -0.075904 -0.230510 0.970105 0.000000 0.990302 -0.130967 0.046364 0.000000 0.000000 0.000000 0.000000 1.000000
0.147612 0.960209 0.237085 -0.035612 -0.073923 -0.228330 0.970773 0.000000 0.986279 -0.160824 0.037278 0.000000 0.000000 0.000000 0.000000 1.000000
0.177957 0.956066 0.232958 -0.035612 -0.069117 -0.224008 0.972133 0.000000 0.981608 -0.189099 0.026216 0.000000 0.000000 0.000000 0.000000 1.000000
0.197128 0.952400 0.232540 -0.035612 -0.063725 -0.224245 0.972447 0.000000 0.978304 -0.206516 0.016487 0.000000 0.000000 0.000000 0.000000 1.000000
0.204812 0.948746 0.240695 -0.035612 -0.058100 -0.233691 0.970574 0.000000 0.977075 -0.212770 0.007260 0.000000 0.000000 0.000000 0.000000 1.000000
0.207600 0.944722 0.253777 -0.035612 -0.051326 -0.248552 0.967258 0.000000 0.976866 -0.213829 -0.003111 0.000000 0.000000 0.000000 0.000000 1.000000
0.205698 0.941751 0.266071 -0.035612 -0.043901 -0.262732 0.963870 0.000000 0.977630 -0.209947 -0.012700 0.000000 0.000000 0.000000 0.000000 1.000000
0.199199 0.941475 0.271929 -0.035612 -0.036333 -0.270204 0.962117 0.000000 0.979285 -0.201533 -0.019617 0.000000 0.000000 0.000000 0.000000 1.000000
0.188087 0.945539 0.265668 -0.035612 -0.029287 -0.264976 0.963810 0.000000 0.981716 -0.189061 -0.022146 0.000000 0.000000 0.000000 0.000000 1.000000
0.168094 0.956147 0.239848 -0.035612 -0.023294 -0.239389 0.970644 0.000000 0.985496 -0.168746 -0.017967 0.000000 0.000000 0.000000 0.000000 1.000000
0.138543 0.970563 0.197011 -0.035612 -0.018874 -0.196306 0.980361 0.000000 0.990177 -0.139540 -0.008879 0.000000 0.000000 0.000000 0.000000 1.000000
0.104955 0.983599 0.146690 -0.035612 -0.016429 -0.145769 0.989182 0.000000 0.994341 -0.106230 0.000860 0.000000 0.000000 0.000000 0.000000 1.000000
0.073029 0.992390 0.099141 -0.035612 -0.015289 -0.098280 0.995041 0.000000 0.997213 -0.074183 0.007995 0.000000 0.000000 0.000000 0.000000 1.000000</float_array>
          <technique_common>
            <accessor source="#Bip01_Pelvis-Matrix-animation-output-transform-array" count="19" stride="16">
              <param type="float4x4"/>
            </accessor>
          </technique_common>
        </source>
        <source id="Bip01_Pelvis-Interpolations">
          <Name_array id="Bip01_Pelvis-Interpolations-array" count="19">
 LINEAR LINEAR LINEAR LINEAR LINEAR LINEAR LINEAR LINEAR LINEAR LINEAR LINEAR
LINEAR LINEAR LINEAR LINEAR LINEAR LINEAR LINEAR LINEAR</Name_array>
          <technique_common>
            <accessor source="#Bip01_Pelvis-Interpolations-array" count="19">
              <param type="name"/>
            </accessor>
          </technique_common>
        </source>
        <sampler id="Bip01_Pelvis-Matrix-animation-transform">
          <input semantic="INPUT" source="#Bip01_Pelvis-Matrix-animation-input"/>
          <input semantic="OUTPUT" source="#Bip01_Pelvis-Matrix-animation-output-transform"/>
          <input semantic="INTERPOLATION" source="#Bip01_Pelvis-Interpolations"/>
        </sampler>
        <channel source="#Bip01_Pelvis-Matrix-animation-transform" target="Bip01_Pelvis/matrix"/>
      </animation>
    </animation>
    <animation id="Bip01_Spine-anim" name="Bip01_Spine">
      <animation>
        <source id="Bip01_Spine-Matrix-animation-input">
          <float_array id="Bip01_Spine-Matrix-animation-input-array" count="19">

0.000000 0.033333 0.066667 0.100000 0.133333 0.166667 0.200000 0.233333 0.266667 0.300000 0.333333 0.366667 0.400000 0.433333 0.466667 0.500000
0.533333 0.566667 0.600000</float_array>
          <technique_common>
            <accessor source="#Bip01_Spine-Matrix-animation-input-array" count="19">
              <param name="TIME" type="float"/>
            </accessor>
          </technique_common>
        </source>
        <source id="Bip01_Spine-Matrix-animation-output-transform">
          <float_array id="Bip01_Spine-Matrix-animation-output-transform-array" count="304">

0.988606 -0.144849 -0.040963 0.098362 0.121791 0.929606 -0.347850 -0.007480 0.088465 0.338897 0.936655 0.000728 0.000000 0.000000 0.000000 1.000000
0.988031 -0.141482 -0.061455 0.098309 0.114363 0.939234 -0.323667 -0.007995 0.103514 0.312765 0.944173 0.001703 0.000000 0.000000 0.000000 1.000000
0.986947 -0.137710 -0.083493 0.098250 0.107642 0.949719 -0.294020 -0.008409 0.119784 0.281195 0.952146 0.002774 0.000000 0.000000 0.000000 1.000000
0.985781 -0.130982 -0.105262 0.098171 0.099913 0.960544 -0.259562 -0.008916 0.135106 0.245354 0.959973 0.003777 0.000000 0.000000 0.000000 1.000000
0.985023 -0.119265 -0.124517 0.098065 0.089659 0.971160 -0.220927 -0.009694 0.147275 0.206454 0.967309 0.004537 0.000000 0.000000 0.000000 1.000000
0.985167 -0.101105 -0.138651 0.097920 0.075513 0.980984 -0.178794 -0.010910 0.154092 0.165672 0.974068 0.004879 0.000000 0.000000 0.000000 1.000000
0.986939 -0.071662 -0.144274 0.097667 0.052623 0.989891 -0.131708 -0.013090 0.152254 0.122395 0.980733 0.004550 0.000000 0.000000 0.000000 1.000000
0.989439 -0.034659 -0.140745 0.097264 0.022763 0.996098 -0.085267 -0.016036 0.143151 0.081163 0.986367 0.003662 0.000000 0.000000 0.000000 1.000000
0.991293 -0.001311 -0.131671 0.096798 -0.005450 0.998685 -0.050974 -0.018825 0.131565 0.051248 0.989982 0.002576 0.000000 0.000000 0.000000 1.000000
0.992260 0.018156 -0.122839 0.096468 -0.023229 0.998930 -0.039995 -0.020542 0.121981 0.042538 0.991620 0.001618 0.000000 0.000000 0.000000 1.000000
0.992950 0.023585 -0.116163 0.096346 -0.030653 0.997761 -0.059434 -0.021159 0.114502 0.062576 0.991450 0.000705 0.000000 0.000000 0.000000 1.000000
0.993717 0.022065 -0.109730 0.096326 -0.033403 0.994163 -0.102585 -0.021262 0.106826 0.105606 0.988653 -0.000326 0.000000 0.000000 0.000000 1.000000
0.994526 0.014605 -0.103463 0.096402 -0.031072 0.986728 -0.159383 -0.020878 0.099762 0.161725 0.981780 -0.001281 0.000000 0.000000 0.000000 1.000000
0.995287 0.001998 -0.096953 0.096568 -0.023364 0.975278 -0.219741 -0.020046 0.094117 0.220971 0.970729 -0.001974 0.000000 0.000000 0.000000 1.000000
0.995843 -0.015172 -0.089814 0.096811 -0.010046 0.961720 -0.273851 -0.018814 0.090531 0.273615 0.957569 -0.002232 0.000000 0.000000 0.000000 1.000000
0.995862 -0.040741 -0.081231 0.097188 0.013494 0.950259 -0.311168 -0.016809 0.089868 0.308785 0.946877 -0.001827 0.000000 0.000000 0.000000 1.000000
0.994738 -0.074848 -0.069959 0.097656 0.047558 0.942159 -0.331777 -0.013927 0.090745 0.326704 0.940761 -0.000934 0.000000 0.000000 0.000000 1.000000
0.992175 -0.111505 -0.056170 0.098073 0.085812 0.935800 -0.341929 -0.010642 0.090690 0.334434 0.938045 0.000025 0.000000 0.000000 0.000000 1.000000
0.988606 -0.144849 -0.040963 0.098362 0.121791 0.929606 -0.347850 -0.007480 0.088465 0.338897 0.936655 0.000728 0.000000 0.000000 0.000000 1.000000</float_array>
          <technique_common>
            <accessor source="#Bip01_Spine-Matrix-animation-output-transform-array" count="19" stride="16">
              <param type="float4x4"/>
            </accessor>
          </technique_common>
        </source>
        <source id="Bip01_Spine-Interpolations">
          <Name_array id="Bip01_Spine-Interpolations-array" count="19">
 LINEAR LINEAR LINEAR LINEAR LINEAR LINEAR LINEAR LINEAR LINEAR LINEAR LINEAR
LINEAR LINEAR LINEAR LINEAR LINEAR LINEAR LINEAR LINEAR</Name_array>
          <technique_common>
            <accessor source="#Bip01_Spine-Interpolations-array" count="19">
              <param type="name"/>
            </accessor>
          </technique_common>
        </source>
        <sampler id="Bip01_Spine-Matrix-animation-transform">
          <input semantic="INPUT" source="#Bip01_Spine-Matrix-animation-input"/>
          <input semantic="OUTPUT" source="#Bip01_Spine-Matrix-animation-output-transform"/>
          <input semantic="INTERPOLATION" source="#Bip01_Spine-Interpolations"/>
        </sampler>
        <channel source="#Bip01_Spine-Matrix-animation-transform" target="Bip01_Spine/matrix"/>
      </animation>
    </animation>
    <animation id="Bip01_Spine1-anim" name="Bip01_Spine1">
      <animation>
        <source id="Bip01_Spine1-Matrix-animation-input">
          <float_array id="Bip01_Spine1-Matrix-animation-input-array" count="19">

0.000000 0.033333 0.066667 0.100000 0.133333 0.166667 0.200000 0.233333 0.266667 0.300000 0.333333 0.366667 0.400000 0.433333 0.466667 0.500000
0.533333 0.566667 0.600000</float_array>
          <technique_common>
            <accessor source="#Bip01_Spine1-Matrix-animation-input-array" count="19">
              <param name="TIME" type="float"/>
            </accessor>
          </technique_common>
        </source>
        <source id="Bip01_Spine1-Matrix-animation-output-transform">
          <float_array id="Bip01_Spine1-Matrix-animation-output-transform-array" count="304">

0.992895 0.110344 0.044547 0.222927 -0.118834 0.899900 0.419592 -0.000160 0.006212 -0.421905 0.906619 0.000075 0.000000 0.000000 0.000000 1.000000
0.992614 0.115448 0.037274 0.222926 -0.121168 0.928297 0.351545 -0.000165 0.005983 -0.353465 0.935429 0.000063 0.000000 0.000000 0.000000 1.000000
0.992294 0.120567 0.028589 0.222925 -0.123788 0.954298 0.272015 -0.000169 0.005514 -0.273458 0.961868 0.000049 0.000000 0.000000 0.000000 1.000000
0.991954 0.125172 0.018951 0.222924 -0.126508 0.974430 0.185691 -0.000173 0.004776 -0.186595 0.982426 0.000033 0.000000 0.000000 0.000000 1.000000
0.991617 0.128898 0.008942 0.222924 -0.129152 0.986779 0.097912 -0.000175 0.003797 -0.098246 0.995155 0.000017 0.000000 0.000000 0.000000 1.000000
0.991305 0.131582 -0.000777 0.222923 -0.131558 0.991205 0.014351 -0.000176 0.002658 -0.014124 0.999897 0.000003 0.000000 0.000000 0.000000 1.000000
0.991035 0.133262 -0.009502 0.222923 -0.133592 0.989257 -0.059367 -0.000176 0.001489 0.060104 0.998191 -0.000011 0.000000 0.000000 0.000000 1.000000
0.990825 0.134134 -0.016537 0.222923 -0.135149 0.983780 -0.117947 -0.000175 0.000448 0.119100 0.992882 -0.000021 0.000000 0.000000 0.000000 1.000000
0.990689 0.134481 -0.021217 0.222923 -0.136144 0.978249 -0.156504 -0.000174 -0.000291 0.157936 0.987449 -0.000028 0.000000 0.000000 0.000000 1.000000
0.990640 0.134562 -0.022913 0.222923 -0.136497 0.975876 -0.170393 -0.000173 -0.000568 0.171926 0.985110 -0.000031 0.000000 0.000000 0.000000 1.000000
0.990689 0.134481 -0.021217 0.222923 -0.136144 0.978249 -0.156504 -0.000174 -0.000291 0.157936 0.987449 -0.000028 0.000000 0.000000 0.000000 1.000000
0.990825 0.134134 -0.016537 0.222923 -0.135149 0.983780 -0.117947 -0.000175 0.000448 0.119100 0.992882 -0.000021 0.000000 0.000000 0.000000 1.000000
0.991035 0.133262 -0.009502 0.222923 -0.133592 0.989257 -0.059367 -0.000176 0.001489 0.060104 0.998191 -0.000011 0.000000 0.000000 0.000000 1.000000
0.991305 0.131582 -0.000777 0.222923 -0.131558 0.991205 0.014351 -0.000176 0.002658 -0.014124 0.999897 0.000003 0.000000 0.000000 0.000000 1.000000
0.991618 0.128898 0.008942 0.222924 -0.129152 0.986779 0.097912 -0.000175 0.003797 -0.098246 0.995155 0.000017 0.000000 0.000000 0.000000 1.000000
0.991954 0.125172 0.018951 0.222925 -0.126508 0.974430 0.185691 -0.000173 0.004776 -0.186595 0.982425 0.000033 0.000000 0.000000 0.000000 1.000000
0.992293 0.120567 0.028589 0.222925 -0.123787 0.954298 0.272015 -0.000169 0.005514 -0.273458 0.961868 0.000049 0.000000 0.000000 0.000000 1.000000
0.992614 0.115448 0.037274 0.222926 -0.121168 0.928297 0.351545 -0.000165 0.005983 -0.353465 0.935429 0.000063 0.000000 0.000000 0.000000 1.000000
0.992895 0.110344 0.044547 0.222927 -0.118834 0.899900 0.419592 -0.000160 0.006212 -0.421905 0.906619 0.000075 0.000000 0.000000 0.000000 1.000000</float_array>
          <technique_common>
            <accessor source="#Bip01_Spine1-Matrix-animation-output-transform-array" count="19" stride="16">
              <param type="float4x4"/>
            </accessor>
          </technique_common>
        </source>
        <source id="Bip01_Spine1-Interpolations">
          <Name_array id="Bip01_Spine1-Interpolations-array" count="19">
 LINEAR LINEAR LINEAR LINEAR LINEAR LINEAR LINEAR LINEAR LINEAR LINEAR LINEAR
LINEAR LINEAR LINEAR LINEAR LINEAR LINEAR LINEAR LINEAR</Name_array>
          <technique_common>
            <accessor source="#Bip01_Spine1-Interpolations-array" count="19">
              <param type="name"/>
            </accessor>
          </technique_common>
        </source>
        <sampler id="Bip01_Spine1-Matrix-animation-transform">
          <input semantic="INPUT" source="#Bip01_Spine1-Matrix-animation-input"/>
          <input semantic="OUTPUT" source="#Bip01_Spine1-Matrix-animation-output-transform"/>
          <input semantic="INTERPOLATION" source="#Bip01_Spine1-Interpolations"/>
        </sampler>
        <channel source="#Bip01_Spine1-Matrix-animation-transform" target="Bip01_Spine1/matrix"/>
      </animation>
    </animation>
    <animation id="Bip01_Neck-anim" name="Bip01_Neck">
      <animation>
        <source id="Bip01_Neck-Matrix-animation-input">
          <float_array id="Bip01_Neck-Matrix-animation-input-array" count="19">

0.000000 0.033333 0.066667 0.100000 0.133333 0.166667 0.200000 0.233333 0.266667 0.300000 0.333333 0.366667 0.400000 0.433333 0.466667 0.500000
0.533333 0.566667 0.600000</float_array>
          <technique_common>
            <accessor source="#Bip01_Neck-Matrix-animation-input-array" count="19">
              <param name="TIME" type="float"/>
            </accessor>
          </technique_common>
        </source>
        <source id="Bip01_Neck-Matrix-animation-output-transform">
          <float_array id="Bip01_Neck-Matrix-animation-output-transform-array" count="304">

0.983580 -0.173647 -0.049156 0.222962 0.173433 0.984808 -0.008627 -0.000088 0.049907 -0.000040 0.998754 -0.000000 0.000000 0.000000 0.000000 1.000000
0.984131 -0.173648 -0.036506 0.222962 0.173529 0.984808 -0.006407 -0.000088 0.037064 -0.000030 0.999313 0.000000 0.000000 0.000000 0.000000 1.000000
0.984559 -0.173648 -0.022142 0.222962 0.173605 0.984808 -0.003886 -0.000088 0.022481 -0.000018 0.999747 0.000000 0.000000 0.000000 0.000000 1.000000
0.984783 -0.173648 -0.006920 0.222962 0.173644 0.984808 -0.001215 -0.000088 0.007026 -0.000006 0.999975 -0.000000 0.000000 0.000000 0.000000 1.000000
0.984773 -0.173648 0.008303 0.222962 0.173642 0.984808 0.001457 -0.000088 -0.008430 0.000007 0.999964 0.000000 0.000000 0.000000 0.000000 1.000000
0.984547 -0.173648 0.022671 0.222962 0.173602 0.984808 0.003979 -0.000088 -0.023018 0.000018 0.999735 0.000000 0.000000 0.000000 0.000000 1.000000
0.984174 -0.173648 0.035328 0.222962 0.173537 0.984808 0.006200 -0.000088 -0.035868 0.000028 0.999357 0.000000 0.000000 0.000000 0.000000 1.000000
0.983760 -0.173648 0.045421 0.222962 0.173464 0.984808 0.007972 -0.000088 -0.046115 0.000037 0.998936 0.000000 0.000000 0.000000 0.000000 1.000000
0.983429 -0.173647 0.052100 0.222962 0.173406 0.984808 0.009144 -0.000088 -0.052896 0.000042 0.998600 -0.000000 0.000000 0.000000 0.000000 1.000000
0.983298 -0.173647 0.054515 0.222962 0.173383 0.984808 0.009568 -0.000088 -0.055348 0.000044 0.998467 -0.000000 0.000000 0.000000 0.000000 1.000000
0.983429 -0.173647 0.052100 0.222962 0.173406 0.984808 0.009144 -0.000088 -0.052896 0.000042 0.998600 -0.000000 0.000000 0.000000 0.000000 1.000000
0.983760 -0.173647 0.045421 0.222962 0.173464 0.984808 0.007972 -0.000088 -0.046115 0.000037 0.998936 0.000000 0.000000 0.000000 0.000000 1.000000
0.984174 -0.173648 0.035328 0.222962 0.173537 0.984808 0.006200 -0.000088 -0.035868 0.000028 0.999357 -0.000000 0.000000 0.000000 0.000000 1.000000
0.984547 -0.173648 0.022671 0.222962 0.173602 0.984808 0.003979 -0.000088 -0.023018 0.000018 0.999735 0.000000 0.000000 0.000000 0.000000 1.000000
0.984773 -0.173648 0.008303 0.222962 0.173642 0.984808 0.001457 -0.000088 -0.008430 0.000007 0.999964 0.000000 0.000000 0.000000 0.000000 1.000000
0.984784 -0.173648 -0.006920 0.222962 0.173644 0.984808 -0.001215 -0.000088 0.007026 -0.000006 0.999975 0.000000 0.000000 0.000000 0.000000 1.000000
0.984559 -0.173648 -0.022142 0.222962 0.173604 0.984808 -0.003886 -0.000088 0.022481 -0.000018 0.999747 -0.000000 0.000000 0.000000 0.000000 1.000000
0.984131 -0.173648 -0.036506 0.222962 0.173529 0.984808 -0.006407 -0.000088 0.037064 -0.000030 0.999313 -0.000000 0.000000 0.000000 0.000000 1.000000
0.983580 -0.173647 -0.049156 0.222962 0.173433 0.984808 -0.008627 -0.000088 0.049907 -0.000040 0.998754 0.000000 0.000000 0.000000 0.000000 1.000000</float_array>
          <technique_common>
            <accessor source="#Bip01_Neck-Matrix-animation-output-transform-array" count="19" stride="16">
              <param type="float4x4"/>
            </accessor>
          </technique_common>
        </source>
        <source id="Bip01_Neck-Interpolations">
          <Name_array id="Bip01_Neck-Interpolations-array" count="19">
 LINEAR LINEAR LINEAR LINEAR LINEAR LINEAR LINEAR LINEAR LINEAR LINEAR LINEAR
LINEAR LINEAR LINEAR LINEAR LINEAR LINEAR LINEAR LINEAR</Name_array>
          <technique_common>
            <accessor source="#Bip01_Neck-Interpolations-array" count="19">
              <param type="name"/>
            </accessor>
          </technique_common>
        </source>
        <sampler id="Bip01_Neck-Matrix-animation-transform">
          <input semantic="INPUT" source="#Bip01_Neck-Matrix-animation-input"/>
          <input semantic="OUTPUT" source="#Bip01_Neck-Matrix-animation-output-transform"/>
          <input semantic="INTERPOLATION" source="#Bip01_Neck-Interpolations"/>
        </sampler>
        <channel source="#Bip01_Neck-Matrix-animation-transform" target="Bip01_Neck/matrix"/>
      </animation>
    </animation>
    <animation id="Bip01_L_Clavicle-anim" name="Bip01_L_Clavicle">
      <animation>
        <source id="Bip01_L_Clavicle-Matrix-animation-input">
          <float_array id="Bip01_L_Clavicle-Matrix-animation-input-array" count="19">

0.000000 0.033333 0.066667 0.100000 0.133333 0.166667 0.200000 0.233333 0.266667 0.300000 0.333333 0.366667 0.400000 0.433333 0.466667 0.500000
0.533333 0.566667 0.600000</float_array>
          <technique_common>
            <accessor source="#Bip01_L_Clavicle-Matrix-animation-input-array" count="19">
              <param name="TIME" type="float"/>
            </accessor>
          </technique_common>
        </source>
        <source id="Bip01_L_Clavicle-Matrix-animation-output-transform">
          <float_array id="Bip01_L_Clavicle-Matrix-animation-output-transform-array" count="304">

-0.092578 -0.162903 0.982289 0.001498 0.198637 -0.969717 -0.142098 0.000088 0.975691 0.181964 0.122133 0.029975 0.000000 0.000000 0.000000 1.000000
-0.105114 -0.165229 0.980638 0.001112 0.198647 -0.969716 -0.142096 0.000089 0.974418 0.179864 0.134753 0.029991 0.000000 0.000000 0.000000 1.000000
-0.119318 -0.167835 0.978568 0.000675 0.198658 -0.969714 -0.142094 0.000089 0.972779 0.177446 0.149047 0.030004 0.000000 0.000000 0.000000 1.000000
-0.134339 -0.170558 0.976147 0.000211 0.198670 -0.969711 -0.142093 0.000089 0.970816 0.174843 0.164155 0.030011 0.000000 0.000000 0.000000 1.000000
-0.149328 -0.173240 0.973493 -0.000253 0.198682 -0.969709 -0.142090 0.000090 0.968621 0.172198 0.179224 0.030011 0.000000 0.000000 0.000000 1.000000
-0.163443 -0.175734 0.970775 -0.000691 0.198693 -0.969707 -0.142088 0.000090 0.966337 0.169663 0.193409 0.030004 0.000000 0.000000 0.000000 1.000000
-0.175852 -0.177901 0.968208 -0.001076 0.198703 -0.969705 -0.142087 0.000090 0.964154 0.167400 0.205875 0.029993 0.000000 0.000000 0.000000 1.000000
-0.185731 -0.179608 0.966046 -0.001384 0.198711 -0.969704 -0.142084 0.000091 0.962298 0.165575 0.215795 0.029980 0.000000 0.000000 0.000000 1.000000
-0.192260 -0.180728 0.964559 -0.001587 0.198716 -0.969703 -0.142083 0.000091 0.961014 0.164357 0.222349 0.029970 0.000000 0.000000 0.000000 1.000000
-0.194620 -0.181131 0.964010 -0.001661 0.198718 -0.969703 -0.142083 0.000091 0.960538 0.163914 0.224717 0.029966 0.000000 0.000000 0.000000 1.000000
-0.192260 -0.180729 0.964558 -0.001588 0.198716 -0.969703 -0.142084 0.000091 0.961014 0.164357 0.222349 0.029970 0.000000 0.000000 0.000000 1.000000
-0.185731 -0.179608 0.966046 -0.001384 0.198711 -0.969704 -0.142084 0.000091 0.962298 0.165574 0.215795 0.029980 0.000000 0.000000 0.000000 1.000000
-0.175852 -0.177901 0.968208 -0.001076 0.198703 -0.969705 -0.142086 0.000090 0.964154 0.167400 0.205874 0.029993 0.000000 0.000000 0.000000 1.000000
-0.163443 -0.175734 0.970775 -0.000691 0.198693 -0.969707 -0.142088 0.000090 0.966337 0.169663 0.193409 0.030004 0.000000 0.000000 0.000000 1.000000
-0.149327 -0.173240 0.973493 -0.000253 0.198682 -0.969709 -0.142090 0.000090 0.968621 0.172198 0.179224 0.030011 0.000000 0.000000 0.000000 1.000000
-0.134339 -0.170558 0.976147 0.000211 0.198670 -0.969711 -0.142092 0.000089 0.970816 0.174843 0.164155 0.030011 0.000000 0.000000 0.000000 1.000000
-0.119318 -0.167835 0.978568 0.000675 0.198658 -0.969714 -0.142094 0.000089 0.972779 0.177446 0.149047 0.030004 0.000000 0.000000 0.000000 1.000000
-0.105114 -0.165229 0.980638 0.001112 0.198647 -0.969716 -0.142096 0.000089 0.974418 0.179864 0.134753 0.029991 0.000000 0.000000 0.000000 1.000000
-0.092578 -0.162903 0.982289 0.001498 0.198637 -0.969717 -0.142098 0.000088 0.975691 0.181964 0.122133 0.029975 0.000000 0.000000 0.000000 1.000000</float_array>
          <technique_common>
            <accessor source="#Bip01_L_Clavicle-Matrix-animation-output-transform-array" count="19" stride="16">
              <param type="float4x4"/>
            </accessor>
          </technique_common>
        </source>
        <source id="Bip01_L_Clavicle-Interpolations">
          <Name_array id="Bip01_L_Clavicle-Interpolations-array" count="19">
 LINEAR LINEAR LINEAR LINEAR LINEAR LINEAR LINEAR LINEAR LINEAR LINEAR LINEAR
LINEAR LINEAR LINEAR LINEAR LINEAR LINEAR LINEAR LINEAR</Name_array>
          <technique_common>
            <accessor source="#Bip01_L_Clavicle-Interpolations-array" count="19">
              <param type="name"/>
            </accessor>
          </technique_common>
        </source>
        <sampler id="Bip01_L_Clavicle-Matrix-animation-transform">
          <input semantic="INPUT" source="#Bip01_L_Clavicle-Matrix-animation-input"/>
          <input semantic="OUTPUT" source="#Bip01_L_Clavicle-Matrix-animation-output-transform"/>
          <input semantic="INTERPOLATION" source="#Bip01_L_Clavicle-Interpolations"/>
        </sampler>
        <channel source="#Bip01_L_Clavicle-Matrix-animation-transform" target="Bip01_L_Clavicle/matrix"/>
      </animation>
    </animation>
    <animation id="Bip01_L_UpperArm-anim" name="Bip01_L_UpperArm">
      <animation>
        <source id="Bip01_L_UpperArm-Matrix-animation-input">
          <float_array id="Bip01_L_UpperArm-Matrix-animation-input-array" count="19">

0.000000 0.033333 0.066667 0.100000 0.133333 0.166667 0.200000 0.233333 0.266667 0.300000 0.333333 0.366667 0.400000 0.433333 0.466667 0.500000
0.533333 0.566667 0.600000</float_array>
          <technique_common>
            <accessor source="#Bip01_L_UpperArm-Matrix-animation-input-array" count="19">
              <param name="TIME" type="float"/>
            </accessor>
          </technique_common>
        </source>
        <source id="Bip01_L_UpperArm-Matrix-animation-output-transform">
          <float_array id="Bip01_L_UpperArm-Matrix-animation-output-transform-array" count="304">

0.369812 0.420580 0.828464 0.172746 -0.535698 0.825061 -0.179725 0.000000 -0.759122 -0.377342 0.530422 0.000000 0.000000 0.000000 0.000000 1.000000
0.415679 0.365310 0.832923 0.172746 -0.323270 0.915335 -0.240123 -0.000000 -0.850122 -0.169445 0.498579 -0.000000 0.000000 0.000000 0.000000 1.000000
0.453339 0.301772 0.838700 0.172746 -0.086250 0.951381 -0.295695 0.000000 -0.887155 0.061712 0.457326 0.000000 0.000000 0.000000 0.000000 1.000000
0.480189 0.234828 0.845148 0.172746 0.137801 0.931340 -0.337072 -0.000000 -0.866274 0.278320 0.414859 0.000000 0.000000 0.000000 0.000000 1.000000
0.496933 0.171647 0.850644 0.172746 0.314908 0.877755 -0.361081 -0.000000 -0.808635 0.447308 0.382132 0.000000 0.000000 0.000000 0.000000 1.000000
0.503976 0.100579 0.857842 0.172746 0.464904 0.805457 -0.367565 -0.000000 -0.727924 0.584058 0.359171 -0.000000 0.000000 0.000000 0.000000 1.000000
0.497198 0.017889 0.867453 0.172746 0.601799 0.713091 -0.359638 0.000000 -0.625006 0.700843 0.343782 -0.000000 0.000000 0.000000 0.000000 1.000000
0.481300 -0.055740 0.874782 0.172746 0.700750 0.624004 -0.345788 -0.000000 -0.526593 0.779431 0.339393 0.000000 0.000000 0.000000 0.000000 1.000000
0.470315 -0.101563 0.876635 0.172746 0.749080 0.571118 -0.335714 -0.000000 -0.466566 0.814561 0.344685 -0.000000 0.000000 0.000000 0.000000 1.000000
0.480495 -0.102195 0.871023 0.172746 0.736773 0.585762 -0.337710 -0.000000 -0.475700 0.804014 0.356750 0.000000 0.000000 0.000000 0.000000 1.000000
0.531281 -0.008620 0.847152 0.172746 0.591116 0.720094 -0.363383 -0.000000 -0.606896 0.693823 0.387667 0.000000 0.000000 0.000000 0.000000 1.000000
0.565502 0.179030 0.805081 0.172746 0.273632 0.880137 -0.387924 0.000000 -0.778032 0.439667 0.448731 0.000000 0.000000 0.000000 0.000000 1.000000
0.524280 0.371258 0.766354 0.172746 -0.100336 0.920619 -0.377350 0.000000 -0.845614 0.120944 0.519913 -0.000000 0.000000 0.000000 0.000000 1.000000
0.454728 0.477542 0.751782 0.172746 -0.352586 0.871662 -0.340424 0.000000 -0.817867 -0.110267 0.564744 -0.000000 0.000000 0.000000 0.000000 1.000000
0.415071 0.500992 0.759423 0.172746 -0.455775 0.836930 -0.303014 0.000000 -0.787391 -0.220353 0.575725 0.000000 0.000000 0.000000 0.000000 1.000000
0.394965 0.492256 0.775685 0.172746 -0.498882 0.823918 -0.268843 0.000000 -0.771440 -0.280791 0.570996 0.000000 0.000000 0.000000 0.000000 1.000000
0.386368 0.467105 0.795319 0.172746 -0.510188 0.826587 -0.237619 -0.000000 -0.768393 -0.313954 0.557678 0.000000 0.000000 0.000000 0.000000 1.000000
0.380272 0.438877 0.814113 0.172746 -0.514527 0.831840 -0.208098 -0.000000 -0.768541 -0.339749 0.542139 -0.000000 0.000000 0.000000 0.000000 1.000000
0.369812 0.420580 0.828463 0.172746 -0.535698 0.825061 -0.179725 0.000000 -0.759122 -0.377342 0.530422 0.000000 0.000000 0.000000 0.000000 1.000000</float_array>
          <technique_common>
            <accessor source="#Bip01_L_UpperArm-Matrix-animation-output-transform-array" count="19" stride="16">
              <param type="float4x4"/>
            </accessor>
          </technique_common>
        </source>
        <source id="Bip01_L_UpperArm-Interpolations">
          <Name_array id="Bip01_L_UpperArm-Interpolations-array" count="19">
 LINEAR LINEAR LINEAR LINEAR LINEAR LINEAR LINEAR LINEAR LINEAR LINEAR LINEAR
LINEAR LINEAR LINEAR LINEAR LINEAR LINEAR LINEAR LINEAR</Name_array>
          <technique_common>
            <accessor source="#Bip01_L_UpperArm-Interpolations-array" count="19">
              <param type="name"/>
            </accessor>
          </technique_common>
        </source>
        <sampler id="Bip01_L_UpperArm-Matrix-animation-transform">
          <input semantic="INPUT" source="#Bip01_L_UpperArm-Matrix-animation-input"/>
          <input semantic="OUTPUT" source="#Bip01_L_UpperArm-Matrix-animation-output-transform"/>
          <input semantic="INTERPOLATION" source="#Bip01_L_UpperArm-Interpolations"/>
        </sampler>
        <channel source="#Bip01_L_UpperArm-Matrix-animation-transform" target="Bip01_L_UpperArm/matrix"/>
      </animation>
    </animation>
    <animation id="Bip01_L_Forearm-anim" name="Bip01_L_Forearm">
      <animation>
        <source id="Bip01_L_Forearm-Matrix-animation-input">
          <float_array id="Bip01_L_Forearm-Matrix-animation-input-array" count="19">

0.000000 0.033333 0.066667 0.100000 0.133333 0.166667 0.200000 0.233333 0.266667 0.300000 0.333333 0.366667 0.400000 0.433333 0.466667 0.500000
0.533333 0.566667 0.600000</float_array>
          <technique_common>
            <accessor source="#Bip01_L_Forearm-Matrix-animation-input-array" count="19">
              <param name="TIME" type="float"/>
            </accessor>
          </technique_common>
        </source>
        <source id="Bip01_L_Forearm-Matrix-animation-output-transform">
