<?xml version="1.0" encoding="utf-8"?>
<COLLADA xmlns="http://www.collada.org/2005/11/COLLADASchema" version="1.4.0">
  <asset>
    <contributor>
      <author></author>
      <authoring_tool>FBX COLLADA exporter</authoring_tool>
      <comments></comments>
    </contributor>
    <created>2010-07-11T11:30:23Z</created>
    <modified>2010-07-11T11:30:23Z</modified>
    <revision></revision>
    <title></title>
    <subject></subject>
    <keywords></keywords>
    <unit meter="1.000000"/>
    <up_axis>Y_UP</up_axis>
  </asset>
  <library_animations>
    <animation id="Root_Node-anim" name="Root_Node">
      <animation>
        <source id="Root_Node-Matrix-animation-input">
          <float_array id="Root_Node-Matrix-animation-input-array" count="19">

0.000000 0.033333 0.066667 0.100000 0.133333 0.166667 0.200000 0.233333 0.266667 0.300000 0.333333 0.366667 0.400000 0.433333 0.466667 0.500000
0.533333 0.566667 0.600000</float_array>
          <technique_common>
            <accessor source="#Root_Node-Matrix-animation-input-array" count="19">
              <param name="TIME" type="float"/>
            </accessor>
          </technique_common>
        </source>
        <source id="Root_Node-Matrix-animation-output-transform">
          <float_array id="Root_Node-Matrix-animation-output-transform-array" count="304">

0.000000 1.000000 -0.000000 0.000000 -1.000000 0.000000 -0.000000 0.000888 -0.000000 0.000000 1.000000 -0.000000 0.000000 0.000000 0.000000 1.000000
0.000000 1.000000 -0.000000 0.000000 -1.000000 0.000000 -0.000000 0.000888 -0.000000 0.000000 1.000000 -0.000000 0.000000 0.000000 0.000000 1.000000
0.000000 1.000000 -0.000000 0.000000 -1.000000 0.000000 -0.000000 0.000888 -0.000000 0.000000 1.000000 -0.000000 0.000000 0.000000 0.000000 1.000000
0.000000 1.000000 -0.000000 0.000000 -1.000000 0.000000 -0.000000 0.000888 -0.000000 0.000000 1.000000 -0.000000 0.000000 0.000000 0.000000 1.000000
0.000000 1.000000 -0.000000 0.000000 -1.000000 0.000000 -0.000000 0.000888 -0.000000 0.000000 1.000000 -0.000000 0.000000 0.000000 0.000000 1.000000
0.000000 1.000000 -0.000000 0.000000 -1.000000 0.000000 -0.000000 0.000888 -0.000000 0.000000 1.000000 -0.000000 0.000000 0.000000 0.000000 1.000000
0.000000 1.000000 -0.000000 0.000000 -1.000000 0.000000 -0.000000 0.000888 -0.000000 0.000000 1.000000 -0.000000 0.000000 0.000000 0.000000 1.000000
0.000000 1.000000 -0.000000 0.000000 -1.000000 0.000000 -0.000000 0.000888 -0.000000 0.000000 1.000000 -0.000000 0.000000 0.000000 0.000000 1.000000
0.000000 1.000000 -0.000000 0.000000 -1.000000 0.000000 -0.000000 0.000888 -0.000000 0.000000 1.000000 -0.000000 0.000000 0.000000 0.000000 1.000000
0.000000 1.000000 -0.000000 0.000000 -1.000000 0.000000 -0.000000 0.000888 -0.000000 0.000000 1.000000 -0.000000 0.000000 0.000000 0.000000 1.000000
0.000000 1.000000 -0.000000 0.000000 -1.000000 0.000000 -0.000000 0.000888 -0.000000 0.000000 1.000000 -0.000000 0.000000 0.000000 0.000000 1.000000
0.000000 1.000000 -0.000000 0.000000 -1.000000 0.000000 -0.000000 0.000888 -0.000000 0.000000 1.000000 -0.000000 0.000000 0.000000 0.000000 1.000000
0.000000 1.000000 -0.000000 0.000000 -1.000000 0.000000 -0.000000 0.000888 -0.000000 0.000000 1.000000 -0.000000 0.000000 0.000000 0.000000 1.000000
0.000000 1.000000 -0.000000 0.000000 -1.000000 0.000000 -0.000000 0.000888 -0.000000 0.000000 1.000000 -0.000000 0.000000 0.000000 0.000000 1.000000
0.000000 1.000000 -0.000000 0.000000 -1.000000 0.000000 -0.000000 0.000888 -0.000000 0.000000 1.000000 -0.000000 0.000000 0.000000 0.000000 1.000000
0.000000 1.000000 -0.000000 0.000000 -1.000000 0.000000 -0.000000 0.000888 -0.000000 0.000000 1.000000 -0.000000 0.000000 0.000000 0.000000 1.000000
0.000000 1.000000 -0.000000 0.000000 -1.000000 0.000000 -0.000000 0.000888 -0.000000 0.000000 1.000000 -0.000000 0.000000 0.000000 0.000000 1.000000
0.000000 1.000000 -0.000000 0.000000 -1.000000 0.000000 -0.000000 0.000888 -0.000000 0.000000 1.000000 -0.000000 0.000000 0.000000 0.000000 1.000000
0.000000 1.000000 -0.000000 0.000000 -1.000000 0.000000 -0.000000 0.000888 -0.000000 0.000000 1.000000 -0.000000 0.000000 0.000000 0.000000 1.000000</float_array>
          <technique_common>
            <accessor source="#Root_Node-Matrix-animation-output-transform-array" count="19" stride="16">
              <param type="float4x4"/>
            </accessor>
          </technique_common>
        </source>
        <source id="Root_Node-Interpolations">
          <Name_array id="Root_Node-Interpolations-array" count="19">
 LINEAR LINEAR LINEAR LINEAR LINEAR LINEAR LINEAR LINEAR LINEAR LINEAR LINEAR
LINEAR LINEAR LINEAR LINEAR LINEAR LINEAR LINEAR LINEAR</Name_array>
          <technique_common>
            <accessor source="#Root_Node-Interpolations-array" count="19">
              <param type="name"/>
            </accessor>
          </technique_common>
        </source>
        <sampler id="Root_Node-Matrix-animation-transform">
          <input semantic="INPUT" source="#Root_Node-Matrix-animation-input"/>
          <input semantic="OUTPUT" source="#Root_Node-Matrix-animation-output-transform"/>
          <input semantic="INTERPOLATION" source="#Root_Node-Interpolations"/>
        </sampler>
        <channel source="#Root_Node-Matrix-animation-transform" target="Root_Node/matrix"/>
      </animation>
    </animation>
    <animation id="Bip01-anim" name="Bip01">
      <animation>
        <source id="Bip01-Matrix-animation-input">
          <float_array id="Bip01-Matrix-animation-input-array" count="19">

0.000000 0.033333 0.066667 0.100000 0.133333 0.166667 0.200000 0.233333 0.266667 0.300000 0.333333 0.366667 0.400000 0.433333 0.466667 0.500000
0.533333 0.566667 0.600000</float_array>
          <technique_common>
            <accessor source="#Bip01-Matrix-animation-input-array" count="19">
              <param name="TIME" type="float"/>
            </accessor>
          </technique_common>
        </source>
        <source id="Bip01-Matrix-animation-output-transform">
          <float_array id="Bip01-Matrix-animation-output-transform-array" count="304">

0.000000 0.000000 -1.000000 -0.814811 -0.707106 0.707108 -0.000000 0.000000 0.707108 0.707106 0.000000 0.037619 0.000000 0.000000 0.000000 1.000000
0.000000 0.000000 -1.000000 -0.843946 -0.707106 0.707108 -0.000000 0.000000 0.707108 0.707106 0.000000 0.037619 0.000000 0.000000 0.000000 1.000000
0.000000 0.000000 -1.000000 -0.866020 -0.707106 0.707108 -0.000000 0.000000 0.707108 0.707106 0.000000 0.037619 0.000000 0.000000 0.000000 1.000000
0.000000 0.000000 -1.000000 -0.874354 -0.707106 0.707108 -0.000000 0.000000 0.707108 0.707106 0.000000 0.037619 0.000000 0.000000 0.000000 1.000000
0.000000 0.000000 -1.000000 -0.876410 -0.707106 0.707108 -0.000000 0.000000 0.707108 0.707106 0.000000 0.037619 0.000000 0.000000 0.000000 1.000000
0.000000 0.000000 -1.000000 -0.872214 -0.707106 0.707108 -0.000000 0.000000 0.707108 0.707106 0.000000 0.037619 0.000000 0.000000 0.000000 1.000000
0.000000 0.000000 -1.000000 -0.859323 -0.707106 0.707108 -0.000000 0.000000 0.707108 0.707106 0.000000 0.037619 0.000000 0.000000 0.000000 1.000000
0.000000 0.000000 -1.000000 -0.840371 -0.707106 0.707108 -0.000000 0.000000 0.707108 0.707106 0.000000 0.037619 0.000000 0.000000 0.000000 1.000000
0.000000 0.000000 -1.000000 -0.822989 -0.707106 0.707108 -0.000000 0.000000 0.707108 0.707106 0.000000 0.037619 0.000000 0.000000 0.000000 1.000000
0.000000 0.000000 -1.000000 -0.814811 -0.707106 0.707108 -0.000000 0.000000 0.707108 0.707106 0.000000 0.037619 0.000000 0.000000 0.000000 1.000000
0.000000 0.000000 -1.000000 -0.837287 -0.707106 0.707108 -0.000000 0.000000 0.707108 0.707106 0.000000 0.037619 0.000000 0.000000 0.000000 1.000000
0.000000 0.000000 -1.000000 -0.866020 -0.707106 0.707108 -0.000000 0.000000 0.707108 0.707106 0.000000 0.037619 0.000000 0.000000 0.000000 1.000000
0.000000 0.000000 -1.000000 -0.874354 -0.707106 0.707108 -0.000000 0.000000 0.707108 0.707106 0.000000 0.037619 0.000000 0.000000 0.000000 1.000000
0.000000 0.000000 -1.000000 -0.876410 -0.707106 0.707108 -0.000000 0.000000 0.707108 0.707106 0.000000 0.037619 0.000000 0.000000 0.000000 1.000000
0.000000 0.000000 -1.000000 -0.872214 -0.707106 0.707108 -0.000000 0.000000 0.707108 0.707106 0.000000 0.037619 0.000000 0.000000 0.000000 1.000000
0.000000 0.000000 -1.000000 -0.859323 -0.707106 0.707108 -0.000000 0.000000 0.707108 0.707106 0.000000 0.037619 0.000000 0.000000 0.000000 1.000000
0.000000 0.000000 -1.000000 -0.840371 -0.707106 0.707108 -0.000000 0.000000 0.707108 0.707106 0.000000 0.037619 0.000000 0.000000 0.000000 1.000000
0.000000 0.000000 -1.000000 -0.822989 -0.707106 0.707108 -0.000000 0.000000 0.707108 0.707106 0.000000 0.037619 0.000000 0.000000 0.000000 1.000000
0.000000 0.000000 -1.000000 -0.814811 -0.707106 0.707108 -0.000000 0.000000 0.707108 0.707106 0.000000 0.037619 0.000000 0.000000 0.000000 1.000000</float_array>
          <technique_common>
            <accessor source="#Bip01-Matrix-animation-output-transform-array" count="19" stride="16">
              <param type="float4x4"/>
            </accessor>
          </technique_common>
        </source>
        <source id="Bip01-Interpolations">
          <Name_array id="Bip01-Interpolations-array" count="19">
 LINEAR LINEAR LINEAR LINEAR LINEAR LINEAR LINEAR LINEAR LINEAR LINEAR LINEAR
LINEAR LINEAR LINEAR LINEAR LINEAR LINEAR LINEAR LINEAR</Name_array>
          <technique_common>
            <accessor source="#Bip01-Interpolations-array" count="19">
              <param type="name"/>
            </accessor>
          </technique_common>
        </source>
        <sampler id="Bip01-Matrix-animation-transform">
          <input semantic="INPUT" source="#Bip01-Matrix-animation-input"/>
          <input semantic="OUTPUT" source="#Bip01-Matrix-animation-output-transform"/>
          <input semantic="INTERPOLATION" source="#Bip01-Interpolations"/>
        </sampler>
        <channel source="#Bip01-Matrix-animation-transform" target="Bip01/matrix"/>
      </animation>
    </animation>
    <animation id="Bip01_Pelvis-anim" name="Bip01_Pelvis">
      <animation>
        <source id="Bip01_Pelvis-Matrix-animation-input">
          <float_array id="Bip01_Pelvis-Matrix-animation-input-array" count="19">

0.000000 0.033333 0.066667 0.100000 0.133333 0.166667 0.200000 0.233333 0.266667 0.300000 0.333333 0.366667 0.400000 0.433333 0.466667 0.500000
0.533333 0.566667 0.600000</float_array>
          <technique_common>
            <accessor source="#Bip01_Pelvis-Matrix-animation-input-array" count="19">
              <param name="TIME" type="float"/>
            </accessor>
          </technique_common>
        </source>
        <source id="Bip01_Pelvis-Matrix-animation-output-transform">
          <float_array id="Bip01_Pelvis-Matrix-animation-output-transform-array" count="304">

0.073854 0.966155 -0.247163 -0.035612 0.010610 0.247064 0.968941 0.000000 0.997213 -0.074183 0.007995 0.000000 0.000000 0.000000 0.000000 1.000000
0.081362 0.972194 -0.219590 -0.035612 0.000096 0.220313 0.975429 0.000000 0.996685 -0.079384 0.017831 0.000000 0.000000 0.000000 0.000000 1.000000
0.087501 0.977883 -0.189971 -0.035612 -0.012131 0.191734 0.981372 0.000000 0.996091 -0.083566 0.028639 0.000000 0.000000 0.000000 0.000000 1.000000
0.093814 0.982482 -0.161025 -0.035612 -0.023781 0.163903 0.986190 0.000000 0.995306 -0.088689 0.038741 0.000000 0.000000 0.000000 0.000000 1.000000
0.102033 0.985507 -0.135515 -0.035612 -0.032623 0.139467 0.989689 0.000000 0.994246 -0.096560 0.046381 0.000000 0.000000 0.000000 0.000000 1.000000
0.114021 0.986654 -0.116244 -0.035612 -0.036458 0.121084 0.991973 0.000000 0.992809 -0.108868 0.049778 0.000000 0.000000 0.000000 0.000000 1.000000
0.135308 0.984906 -0.107946 -0.035612 -0.031527 0.113173 0.993075 0.000000 0.990302 -0.130967 0.046364 0.000000 0.000000 0.000000 0.000000 1.000000
0.163994 0.980395 -0.109237 -0.035612 -0.018979 0.113851 0.993316 0.000000 0.986279 -0.160825 0.037278 0.000000 0.000000 0.000000 0.000000 1.000000
0.190865 0.975023 -0.113580 -0.035612 -0.004083 0.116495 0.993183 0.000000 0.981608 -0.189100 0.026216 0.000000 0.000000 0.000000 0.000000 1.000000
0.207036 0.971659 -0.114080 -0.035612 0.007540 0.115018 0.993335 0.000000 0.978304 -0.206516 0.016487 0.000000 0.000000 0.000000 0.000000 1.000000
0.212332 0.971456 -0.105776 -0.035612 0.015453 0.104893 0.994363 0.000000 0.977075 -0.212770 0.007260 0.000000 0.000000 0.000000 0.000000 1.000000
0.212636 0.972758 -0.092349 -0.035612 0.022773 0.089551 0.995722 0.000000 0.976866 -0.213829 -0.003111 0.000000 0.000000 0.000000 0.000000 1.000000
0.208308 0.974815 -0.079638 -0.035612 0.029099 0.075211 0.996743 0.000000 0.977630 -0.209947 -0.012700 0.000000 0.000000 0.000000 0.000000 1.000000
0.199613 0.977112 -0.073534 -0.035612 0.033988 0.068095 0.997100 0.000000 0.979285 -0.201533 -0.019617 0.000000 0.000000 0.000000 0.000000 1.000000
0.186762 0.979143 -0.079996 -0.035612 0.036809 0.074398 0.996549 0.000000 0.981715 -0.189062 -0.022146 0.000000 0.000000 0.000000 0.000000 1.000000
0.165924 0.980360 -0.106596 -0.035612 0.035602 0.102069 0.994140 0.000000 0.985496 -0.168747 -0.017967 0.000000 0.000000 0.000000 0.000000 1.000000
0.136643 0.979171 -0.150174 -0.035612 0.029649 0.147485 0.988620 0.000000 0.990177 -0.139541 -0.008879 0.000000 0.000000 0.000000 0.000000 1.000000
0.104245 0.974137 -0.200477 -0.035612 0.020459 0.199432 0.979698 0.000000 0.994341 -0.106230 0.000860 0.000000 0.000000 0.000000 0.000000 1.000000
0.073854 0.966155 -0.247163 -0.035612 0.010610 0.247064 0.968941 0.000000 0.997213 -0.074183 0.007995 0.000000 0.000000 0.000000 0.000000 1.000000</float_array>
          <technique_common>
            <accessor source="#Bip01_Pelvis-Matrix-animation-output-transform-array" count="19" stride="16">
              <param type="float4x4"/>
            </accessor>
          </technique_common>
        </source>
        <source id="Bip01_Pelvis-Interpolations">
          <Name_array id="Bip01_Pelvis-Interpolations-array" count="19">
 LINEAR LINEAR LINEAR LINEAR LINEAR LINEAR LINEAR LINEAR LINEAR LINEAR LINEAR
LINEAR LINEAR LINEAR LINEAR LINEAR LINEAR LINEAR LINEAR</Name_array>
          <technique_common>
            <accessor source="#Bip01_Pelvis-Interpolations-array" count="19">
              <param type="name"/>
            </accessor>
          </technique_common>
        </source>
        <sampler id="Bip01_Pelvis-Matrix-animation-transform">
          <input semantic="INPUT" source="#Bip01_Pelvis-Matrix-animation-input"/>
          <input semantic="OUTPUT" source="#Bip01_Pelvis-Matrix-animation-output-transform"/>
          <input semantic="INTERPOLATION" source="#Bip01_Pelvis-Interpolations"/>
        </sampler>
        <channel source="#Bip01_Pelvis-Matrix-animation-transform" target="Bip01_Pelvis/matrix"/>
      </animation>
    </animation>
    <animation id="Bip01_Spine-anim" name="Bip01_Spine">
      <animation>
        <source id="Bip01_Spine-Matrix-animation-input">
          <float_array id="Bip01_Spine-Matrix-animation-input-array" count="19">

0.000000 0.033333 0.066667 0.100000 0.133333 0.166667 0.200000 0.233333 0.266667 0.300000 0.333333 0.366667 0.400000 0.433333 0.466667 0.500000
0.533333 0.566667 0.600000</float_array>
          <technique_common>
            <accessor source="#Bip01_Spine-Matrix-animation-input-array" count="19">
              <param name="TIME" type="float"/>
            </accessor>
          </technique_common>
        </source>
        <source id="Bip01_Spine-Matrix-animation-output-transform">
          <float_array id="Bip01_Spine-Matrix-animation-output-transform-array" count="304">

0.989087 -0.105538 0.102800 0.098355 0.107527 0.994104 -0.013987 -0.007492 -0.100718 0.024888 0.994604 0.000784 0.000000 0.000000 0.000000 1.000000
0.990719 -0.105851 0.085271 0.098303 0.105282 0.994380 0.011164 -0.008005 -0.085973 -0.002083 0.996295 0.001759 0.000000 0.000000 0.000000 1.000000
0.992115 -0.106680 0.065786 0.098244 0.104073 0.993688 0.041869 -0.008417 -0.069838 -0.034692 0.996955 0.002830 0.000000 0.000000 0.000000 1.000000
0.993325 -0.105457 0.046729 0.098167 0.101678 0.991836 0.076961 -0.008922 -0.054463 -0.071696 0.995938 0.003833 0.000000 0.000000 0.000000 1.000000
0.994483 -0.100243 0.030897 0.098061 0.096073 0.988669 0.115339 -0.009697 -0.042109 -0.111734 0.992846 0.004594 0.000000 0.000000 0.000000 1.000000
0.995730 -0.089790 0.021426 0.097918 0.085384 0.984073 0.155914 -0.010910 -0.035085 -0.153419 0.987538 0.004936 0.000000 0.000000 0.000000 1.000000
0.997276 -0.069943 0.023447 0.097667 0.063902 0.977889 0.199123 -0.013088 -0.036855 -0.197082 0.979694 0.004607 0.000000 0.000000 0.000000 1.000000
0.998369 -0.043781 0.036647 0.097266 0.033757 0.970298 0.239545 -0.016031 -0.046046 -0.237917 0.970193 0.003718 0.000000 0.000000 0.000000 1.000000
0.998319 -0.020140 0.054342 0.096801 0.004866 0.963492 0.267691 -0.018818 -0.057749 -0.266977 0.961971 0.002633 0.000000 0.000000 0.000000 1.000000
0.997646 -0.006301 0.068283 0.096473 -0.012750 0.961360 0.274999 -0.020535 -0.067378 -0.275223 0.959017 0.001675 0.000000 0.000000 0.000000 1.000000
0.997033 -0.001443 0.076966 0.096351 -0.018286 0.966766 0.255008 -0.021153 -0.074776 -0.255658 0.963871 0.000761 0.000000 0.000000 0.000000 1.000000
0.996446 0.000145 0.084236 0.096330 -0.018120 0.976958 0.212660 -0.021259 -0.082264 -0.213431 0.973488 -0.000269 0.000000 0.000000 0.000000 1.000000
0.995937 -0.001178 0.090041 0.096405 -0.013031 0.987504 0.157056 -0.020878 -0.089101 -0.157591 0.983476 -0.001224 0.000000 0.000000 0.000000 1.000000
0.995507 -0.005374 0.094538 0.096569 -0.003905 0.995209 0.097698 -0.020050 -0.094611 -0.097628 0.990716 -0.001917 0.000000 0.000000 0.000000 1.000000
0.995121 -0.012639 0.097844 0.096810 0.008316 0.998976 0.044462 -0.018821 -0.098306 -0.043431 0.994208 -0.002176 0.000000 0.000000 0.000000 1.000000
0.994689 -0.027546 0.099173 0.097186 0.026742 0.999598 0.009422 -0.016818 -0.099393 -0.006720 0.995026 -0.001771 0.000000 0.000000 0.000000 1.000000
0.993720 -0.051345 0.099417 0.097652 0.052298 0.998607 -0.006997 -0.013938 -0.098919 0.012153 0.995021 -0.000878 0.000000 0.000000 0.000000 1.000000
0.991814 -0.079065 0.100271 0.098067 0.080696 0.996663 -0.012305 -0.010652 -0.098964 0.020295 0.994884 0.000081 0.000000 0.000000 0.000000 1.000000
0.989087 -0.105538 0.102800 0.098355 0.107527 0.994104 -0.013987 -0.007492 -0.100718 0.024888 0.994604 0.000784 0.000000 0.000000 0.000000 1.000000</float_array>
          <technique_common>
            <accessor source="#Bip01_Spine-Matrix-animation-output-transform-array" count="19" stride="16">
              <param type="float4x4"/>
            </accessor>
          </technique_common>
        </source>
        <source id="Bip01_Spine-Interpolations">
          <Name_array id="Bip01_Spine-Interpolations-array" count="19">
 LINEAR LINEAR LINEAR LINEAR LINEAR LINEAR LINEAR LINEAR LINEAR LINEAR LINEAR
LINEAR LINEAR LINEAR LINEAR LINEAR LINEAR LINEAR LINEAR</Name_array>
          <technique_common>
            <accessor source="#Bip01_Spine-Interpolations-array" count="19">
              <param type="name"/>
            </accessor>
          </technique_common>
        </source>
        <sampler id="Bip01_Spine-Matrix-animation-transform">
          <input semantic="INPUT" source="#Bip01_Spine-Matrix-animation-input"/>
          <input semantic="OUTPUT" source="#Bip01_Spine-Matrix-animation-output-transform"/>
          <input semantic="INTERPOLATION" source="#Bip01_Spine-Interpolations"/>
        </sampler>
        <channel source="#Bip01_Spine-Matrix-animation-transform" target="Bip01_Spine/matrix"/>
      </animation>
    </animation>
    <animation id="Bip01_Spine1-anim" name="Bip01_Spine1">
      <animation>
        <source id="Bip01_Spine1-Matrix-animation-input">
          <float_array id="Bip01_Spine1-Matrix-animation-input-array" count="19">

0.000000 0.033333 0.066667 0.100000 0.133333 0.166667 0.200000 0.233333 0.266667 0.300000 0.333333 0.366667 0.400000 0.433333 0.466667 0.500000
0.533333 0.566667 0.600000</float_array>
          <technique_common>
            <accessor source="#Bip01_Spine1-Matrix-animation-input-array" count="19">
              <param name="TIME" type="float"/>
            </accessor>
          </technique_common>
        </source>
        <source id="Bip01_Spine1-Matrix-animation-output-transform">
          <float_array id="Bip01_Spine1-Matrix-animation-output-transform-array" count="304">

0.994152 0.104128 -0.028618 0.222928 -0.106211 0.990713 -0.084895 -0.000176 0.019513 0.087438 0.995979 -0.000016 0.000000 0.000000 0.000000 1.000000
0.993537 0.107641 -0.036040 0.222927 -0.112025 0.981036 -0.158176 -0.000174 0.018330 0.161191 0.986753 -0.000029 0.000000 0.000000 0.000000 1.000000
0.992819 0.110945 -0.044750 0.222927 -0.118492 0.963464 -0.240203 -0.000171 0.016466 0.243780 0.969691 -0.000043 0.000000 0.000000 0.000000 1.000000
0.992041 0.113627 -0.054247 0.222926 -0.125142 0.937342 -0.325161 -0.000166 0.013901 0.329362 0.944101 -0.000058 0.000000 0.000000 0.000000 1.000000
0.991253 0.115445 -0.063945 0.222926 -0.131534 0.903703 -0.407454 -0.000160 0.010749 0.412301 0.910984 -0.000073 0.000000 0.000000 0.000000 1.000000
0.990505 0.116357 -0.073214 0.222926 -0.137283 0.865297 -0.482093 -0.000154 0.007257 0.487567 0.873055 -0.000087 0.000000 0.000000 0.000000 1.000000
0.989847 0.116507 -0.081421 0.222926 -0.142088 0.826319 -0.544984 -0.000147 0.003785 0.551019 0.834484 -0.000098 0.000000 0.000000 0.000000 1.000000
0.989325 0.116187 -0.087962 0.222926 -0.145726 0.791925 -0.592974 -0.000141 0.000763 0.599462 0.800403 -0.000106 0.000000 0.000000 0.000000 1.000000
0.988982 0.115761 -0.092276 0.222926 -0.148033 0.767611 -0.623587 -0.000136 -0.001355 0.630376 0.776289 -0.000112 0.000000 0.000000 0.000000 1.000000
0.988858 0.115565 -0.093832 0.222926 -0.148846 0.758521 -0.634421 -0.000135 -0.002143 0.641319 0.767271 -0.000114 0.000000 0.000000 0.000000 1.000000
0.988982 0.115761 -0.092276 0.222926 -0.148033 0.767611 -0.623587 -0.000136 -0.001355 0.630376 0.776289 -0.000112 0.000000 0.000000 0.000000 1.000000
0.989325 0.116187 -0.087962 0.222926 -0.145726 0.791925 -0.592974 -0.000141 0.000763 0.599462 0.800403 -0.000106 0.000000 0.000000 0.000000 1.000000
0.989847 0.116507 -0.081421 0.222926 -0.142088 0.826319 -0.544983 -0.000147 0.003785 0.551019 0.834484 -0.000098 0.000000 0.000000 0.000000 1.000000
0.990505 0.116357 -0.073214 0.222926 -0.137283 0.865297 -0.482093 -0.000154 0.007257 0.487567 0.873055 -0.000087 0.000000 0.000000 0.000000 1.000000
0.991253 0.115445 -0.063945 0.222926 -0.131534 0.903703 -0.407454 -0.000160 0.010749 0.412301 0.910984 -0.000073 0.000000 0.000000 0.000000 1.000000
0.992041 0.113627 -0.054247 0.222926 -0.125142 0.937342 -0.325161 -0.000166 0.013901 0.329362 0.944101 -0.000058 0.000000 0.000000 0.000000 1.000000
0.992818 0.110945 -0.044750 0.222927 -0.118492 0.963464 -0.240203 -0.000171 0.016466 0.243780 0.969691 -0.000043 0.000000 0.000000 0.000000 1.000000
0.993536 0.107641 -0.036040 0.222928 -0.112025 0.981036 -0.158176 -0.000174 0.018330 0.161191 0.986753 -0.000029 0.000000 0.000000 0.000000 1.000000
0.994152 0.104128 -0.028618 0.222928 -0.106211 0.990713 -0.084895 -0.000176 0.019513 0.087438 0.995979 -0.000016 0.000000 0.000000 0.000000 1.000000</float_array>
          <technique_common>
            <accessor source="#Bip01_Spine1-Matrix-animation-output-transform-array" count="19" stride="16">
              <param type="float4x4"/>
            </accessor>
          </technique_common>
        </source>
        <source id="Bip01_Spine1-Interpolations">
          <Name_array id="Bip01_Spine1-Interpolations-array" count="19">
 LINEAR LINEAR LINEAR LINEAR LINEAR LINEAR LINEAR LINEAR LINEAR LINEAR LINEAR
LINEAR LINEAR LINEAR LINEAR LINEAR LINEAR LINEAR LINEAR</Name_array>
          <technique_common>
            <accessor source="#Bip01_Spine1-Interpolations-array" count="19">
              <param type="name"/>
            </accessor>
          </technique_common>
        </source>
        <sampler id="Bip01_Spine1-Matrix-animation-transform">
          <input semantic="INPUT" source="#Bip01_Spine1-Matrix-animation-input"/>
          <input semantic="OUTPUT" source="#Bip01_Spine1-Matrix-animation-output-transform"/>
          <input semantic="INTERPOLATION" source="#Bip01_Spine1-Interpolations"/>
        </sampler>
        <channel source="#Bip01_Spine1-Matrix-animation-transform" target="Bip01_Spine1/matrix"/>
      </animation>
    </animation>
    <animation id="Bip01_Neck-anim" name="Bip01_Neck">
      <animation>
        <source id="Bip01_Neck-Matrix-animation-input">
          <float_array id="Bip01_Neck-Matrix-animation-input-array" count="19">

0.000000 0.033333 0.066667 0.100000 0.133333 0.166667 0.200000 0.233333 0.266667 0.300000 0.333333 0.366667 0.400000 0.433333 0.466667 0.500000
0.533333 0.566667 0.600000</float_array>
          <technique_common>
            <accessor source="#Bip01_Neck-Matrix-animation-input-array" count="19">
              <param name="TIME" type="float"/>
            </accessor>
          </technique_common>
        </source>
        <source id="Bip01_Neck-Matrix-animation-output-transform">
          <float_array id="Bip01_Neck-Matrix-animation-output-transform-array" count="304">

0.983580 -0.173647 -0.049156 0.222962 0.173433 0.984808 -0.008627 -0.000088 0.049907 -0.000040 0.998754 0.000000 0.000000 0.000000 0.000000 1.000000
0.984131 -0.173648 -0.036506 0.222962 0.173529 0.984808 -0.006407 -0.000088 0.037064 -0.000030 0.999313 0.000000 0.000000 0.000000 0.000000 1.000000
0.984559 -0.173648 -0.022142 0.222962 0.173605 0.984808 -0.003886 -0.000088 0.022481 -0.000018 0.999747 -0.000000 0.000000 0.000000 0.000000 1.000000
0.984783 -0.173648 -0.006920 0.222962 0.173644 0.984808 -0.001215 -0.000088 0.007026 -0.000006 0.999975 -0.000000 0.000000 0.000000 0.000000 1.000000
0.984773 -0.173648 0.008303 0.222962 0.173642 0.984808 0.001457 -0.000088 -0.008430 0.000007 0.999964 -0.000000 0.000000 0.000000 0.000000 1.000000
0.984547 -0.173648 0.022671 0.222962 0.173603 0.984808 0.003979 -0.000088 -0.023018 0.000018 0.999735 -0.000000 0.000000 0.000000 0.000000 1.000000
0.984174 -0.173648 0.035328 0.222962 0.173537 0.984808 0.006200 -0.000088 -0.035868 0.000029 0.999356 -0.000000 0.000000 0.000000 0.000000 1.000000
0.983760 -0.173648 0.045421 0.222962 0.173464 0.984808 0.007972 -0.000088 -0.046115 0.000037 0.998936 0.000000 0.000000 0.000000 0.000000 1.000000
0.983429 -0.173647 0.052100 0.222962 0.173406 0.984808 0.009144 -0.000088 -0.052896 0.000042 0.998600 -0.000000 0.000000 0.000000 0.000000 1.000000
0.983298 -0.173647 0.054515 0.222962 0.173383 0.984808 0.009568 -0.000088 -0.055348 0.000044 0.998467 -0.000000 0.000000 0.000000 0.000000 1.000000
0.983429 -0.173647 0.052100 0.222962 0.173406 0.984808 0.009144 -0.000088 -0.052896 0.000042 0.998600 0.000000 0.000000 0.000000 0.000000 1.000000
0.983760 -0.173648 0.045421 0.222962 0.173465 0.984808 0.007972 -0.000088 -0.046115 0.000037 0.998936 0.000000 0.000000 0.000000 0.000000 1.000000
0.984174 -0.173648 0.035328 0.222962 0.173537 0.984808 0.006200 -0.000088 -0.035868 0.000029 0.999356 -0.000000 0.000000 0.000000 0.000000 1.000000
0.984547 -0.173648 0.022671 0.222962 0.173603 0.984808 0.003979 -0.000088 -0.023018 0.000018 0.999735 -0.000000 0.000000 0.000000 0.000000 1.000000
0.984773 -0.173648 0.008303 0.222962 0.173642 0.984808 0.001457 -0.000088 -0.008430 0.000007 0.999964 -0.000000 0.000000 0.000000 0.000000 1.000000
0.984783 -0.173648 -0.006920 0.222962 0.173644 0.984808 -0.001215 -0.000088 0.007026 -0.000006 0.999975 0.000000 0.000000 0.000000 0.000000 1.000000
0.984559 -0.173648 -0.022142 0.222962 0.173604 0.984808 -0.003886 -0.000088 0.022481 -0.000018 0.999747 0.000000 0.000000 0.000000 0.000000 1.000000
0.984131 -0.173648 -0.036506 0.222962 0.173529 0.984808 -0.006407 -0.000088 0.037064 -0.000029 0.999313 0.000000 0.000000 0.000000 0.000000 1.000000
0.983580 -0.173647 -0.049156 0.222962 0.173433 0.984808 -0.008627 -0.000088 0.049907 -0.000040 0.998754 0.000000 0.000000 0.000000 0.000000 1.000000</float_array>
          <technique_common>
            <accessor source="#Bip01_Neck-Matrix-animation-output-transform-array" count="19" stride="16">
              <param type="float4x4"/>
            </accessor>
          </technique_common>
        </source>
        <source id="Bip01_Neck-Interpolations">
          <Name_array id="Bip01_Neck-Interpolations-array" count="19">
 LINEAR LINEAR LINEAR LINEAR LINEAR LINEAR LINEAR LINEAR LINEAR LINEAR LINEAR
LINEAR LINEAR LINEAR LINEAR LINEAR LINEAR LINEAR LINEAR</Name_array>
          <technique_common>
            <accessor source="#Bip01_Neck-Interpolations-array" count="19">
              <param type="name"/>
            </accessor>
          </technique_common>
        </source>
        <sampler id="Bip01_Neck-Matrix-animation-transform">
          <input semantic="INPUT" source="#Bip01_Neck-Matrix-animation-input"/>
          <input semantic="OUTPUT" source="#Bip01_Neck-Matrix-animation-output-transform"/>
          <input semantic="INTERPOLATION" source="#Bip01_Neck-Interpolations"/>
        </sampler>
        <channel source="#Bip01_Neck-Matrix-animation-transform" target="Bip01_Neck/matrix"/>
      </animation>
    </animation>
    <animation id="Bip01_L_Clavicle-anim" name="Bip01_L_Clavicle">
      <animation>
        <source id="Bip01_L_Clavicle-Matrix-animation-input">
          <float_array id="Bip01_L_Clavicle-Matrix-animation-input-array" count="19">

0.000000 0.033333 0.066667 0.100000 0.133333 0.166667 0.200000 0.233333 0.266667 0.300000 0.333333 0.366667 0.400000 0.433333 0.466667 0.500000
0.533333 0.566667 0.600000</float_array>
          <technique_common>
            <accessor source="#Bip01_L_Clavicle-Matrix-animation-input-array" count="19">
              <param name="TIME" type="float"/>
            </accessor>
          </technique_common>
        </source>
        <source id="Bip01_L_Clavicle-Matrix-animation-output-transform">
          <float_array id="Bip01_L_Clavicle-Matrix-animation-output-transform-array" count="304">

-0.092578 -0.162903 0.982289 0.001498 0.198637 -0.969717 -0.142097 0.000088 0.975691 0.181964 0.122133 0.029975 0.000000 0.000000 0.000000 1.000000
-0.105114 -0.165229 0.980638 0.001112 0.198647 -0.969716 -0.142096 0.000089 0.974418 0.179864 0.134753 0.029991 0.000000 0.000000 0.000000 1.000000
-0.119318 -0.167835 0.978567 0.000675 0.198658 -0.969713 -0.142094 0.000089 0.972779 0.177446 0.149047 0.030004 0.000000 0.000000 0.000000 1.000000
-0.134339 -0.170558 0.976147 0.000211 0.198670 -0.969711 -0.142092 0.000089 0.970816 0.174843 0.164155 0.030011 0.000000 0.000000 0.000000 1.000000
-0.149328 -0.173240 0.973493 -0.000253 0.198682 -0.969709 -0.142090 0.000090 0.968621 0.172198 0.179224 0.030011 0.000000 0.000000 0.000000 1.000000
-0.163443 -0.175734 0.970775 -0.000691 0.198693 -0.969707 -0.142088 0.000090 0.966337 0.169663 0.193409 0.030004 0.000000 0.000000 0.000000 1.000000
-0.175852 -0.177901 0.968208 -0.001076 0.198703 -0.969705 -0.142086 0.000090 0.964154 0.167400 0.205874 0.029993 0.000000 0.000000 0.000000 1.000000
-0.185731 -0.179609 0.966046 -0.001384 0.198711 -0.969704 -0.142085 0.000091 0.962298 0.165574 0.215795 0.029980 0.000000 0.000000 0.000000 1.000000
-0.192260 -0.180729 0.964558 -0.001587 0.198716 -0.969703 -0.142084 0.000091 0.961014 0.164356 0.222349 0.029970 0.000000 0.000000 0.000000 1.000000
-0.194620 -0.181131 0.964010 -0.001661 0.198718 -0.969703 -0.142083 0.000091 0.960539 0.163914 0.224717 0.029966 0.000000 0.000000 0.000000 1.000000
-0.192260 -0.180729 0.964558 -0.001587 0.198716 -0.969703 -0.142084 0.000091 0.961014 0.164357 0.222349 0.029970 0.000000 0.000000 0.000000 1.000000
-0.185731 -0.179608 0.966046 -0.001384 0.198711 -0.969704 -0.142085 0.000091 0.962298 0.165575 0.215795 0.029980 0.000000 0.000000 0.000000 1.000000
-0.175852 -0.177901 0.968208 -0.001076 0.198703 -0.969705 -0.142086 0.000090 0.964154 0.167400 0.205874 0.029993 0.000000 0.000000 0.000000 1.000000
-0.163443 -0.175734 0.970775 -0.000691 0.198693 -0.969707 -0.142088 0.000090 0.966337 0.169663 0.193409 0.030004 0.000000 0.000000 0.000000 1.000000
-0.149327 -0.173240 0.973493 -0.000253 0.198682 -0.969709 -0.142090 0.000090 0.968621 0.172198 0.179224 0.030011 0.000000 0.000000 0.000000 1.000000
-0.134339 -0.170558 0.976147 0.000211 0.198670 -0.969711 -0.142092 0.000089 0.970816 0.174843 0.164155 0.030011 0.000000 0.000000 0.000000 1.000000
-0.119318 -0.167836 0.978568 0.000675 0.198658 -0.969714 -0.142094 0.000089 0.972779 0.177446 0.149047 0.030004 0.000000 0.000000 0.000000 1.000000
-0.105114 -0.165229 0.980638 0.001112 0.198647 -0.969716 -0.142096 0.000089 0.974418 0.179864 0.134753 0.029991 0.000000 0.000000 0.000000 1.000000
-0.092578 -0.162903 0.982289 0.001498 0.198637 -0.969717 -0.142097 0.000088 0.975691 0.181964 0.122133 0.029975 0.000000 0.000000 0.000000 1.000000</float_array>
          <technique_common>
            <accessor source="#Bip01_L_Clavicle-Matrix-animation-output-transform-array" count="19" stride="16">
              <param type="float4x4"/>
            </accessor>
          </technique_common>
        </source>
        <source id="Bip01_L_Clavicle-Interpolations">
          <Name_array id="Bip01_L_Clavicle-Interpolations-array" count="19">
 LINEAR LINEAR LINEAR LINEAR LINEAR LINEAR LINEAR LINEAR LINEAR LINEAR LINEAR
LINEAR LINEAR LINEAR LINEAR LINEAR LINEAR LINEAR LINEAR</Name_array>
          <technique_common>
            <accessor source="#Bip01_L_Clavicle-Interpolations-array" count="19">
              <param type="name"/>
            </accessor>
          </technique_common>
        </source>
        <sampler id="Bip01_L_Clavicle-Matrix-animation-transform">
          <input semantic="INPUT" source="#Bip01_L_Clavicle-Matrix-animation-input"/>
          <input semantic="OUTPUT" source="#Bip01_L_Clavicle-Matrix-animation-output-transform"/>
          <input semantic="INTERPOLATION" source="#Bip01_L_Clavicle-Interpolations"/>
        </sampler>
        <channel source="#Bip01_L_Clavicle-Matrix-animation-transform" target="Bip01_L_Clavicle/matrix"/>
      </animation>
    </animation>
    <animation id="Bip01_L_UpperArm-anim" name="Bip01_L_UpperArm">
      <animation>
        <source id="Bip01_L_UpperArm-Matrix-animation-input">
          <float_array id="Bip01_L_UpperArm-Matrix-animation-input-array" count="19">

0.000000 0.033333 0.066667 0.100000 0.133333 0.166667 0.200000 0.233333 0.266667 0.300000 0.333333 0.366667 0.400000 0.433333 0.466667 0.500000
0.533333 0.566667 0.600000</float_array>
          <technique_common>
            <accessor source="#Bip01_L_UpperArm-Matrix-animation-input-array" count="19">
              <param name="TIME" type="float"/>
            </accessor>
          </technique_common>
        </source>
        <source id="Bip01_L_UpperArm-Matrix-animation-output-transform">
          <float_array id="Bip01_L_UpperArm-Matrix-animation-output-transform-array" count="304">

0.327985 0.214987 0.919895 0.172746 -0.510384 0.859737 -0.018952 -0.000000 -0.794942 -0.463284 0.391708 0.000000 0.000000 0.000000 0.000000 1.000000
0.324462 0.178314 0.928939 0.172746 -0.295661 0.951982 -0.079468 -0.000000 -0.898504 -0.248867 0.361603 -0.000000 0.000000 0.000000 0.000000 1.000000
0.316984 0.145673 0.937177 0.172746 -0.054588 0.989298 -0.135311 -0.000000 -0.946859 -0.008267 0.321543 -0.000000 0.000000 0.000000 0.000000 1.000000
0.309606 0.116462 0.943706 0.172746 0.174880 0.968567 -0.176904 -0.000000 -0.934645 0.219805 0.279507 0.000000 0.000000 0.000000 0.000000 1.000000
0.305381 0.089092 0.948053 0.172746 0.357758 0.911939 -0.200937 0.000000 -0.882469 0.400536 0.246616 -0.000000 0.000000 0.000000 0.000000 1.000000
0.299404 0.052378 0.952688 0.172746 0.512663 0.833281 -0.206929 0.000000 -0.804695 0.550364 0.222635 -0.000000 0.000000 0.000000 0.000000 1.000000
0.285332 0.004940 0.958416 0.172746 0.652421 0.731534 -0.198004 -0.000000 -0.702091 0.681788 0.205507 -0.000000 0.000000 0.000000 0.000000 1.000000
0.267996 -0.039843 0.962596 0.172746 0.752236 0.632904 -0.183233 -0.000000 -0.601930 0.773205 0.199587 -0.000000 0.000000 0.000000 0.000000 1.000000
0.258146 -0.070206 0.963552 0.172746 0.800908 0.573313 -0.172799 0.000000 -0.540285 0.816323 0.204227 0.000000 0.000000 0.000000 0.000000 1.000000
0.268656 -0.075000 0.960312 0.172746 0.790457 0.586896 -0.175302 -0.000000 -0.550456 0.806181 0.216957 -0.000000 0.000000 0.000000 0.000000 1.000000
0.322685 -0.023761 0.946208 0.172746 0.650694 0.731553 -0.203535 0.000000 -0.687366 0.681370 0.251522 -0.000000 0.000000 0.000000 0.000000 1.000000
0.383670 0.092630 0.918813 0.172746 0.336563 0.912499 -0.232533 -0.000000 -0.859955 0.398454 0.318923 0.000000 0.000000 0.000000 0.000000 1.000000
0.396559 0.224061 0.890246 0.172746 -0.043165 0.973235 -0.225721 0.000000 -0.916994 0.051084 0.395617 0.000000 0.000000 0.000000 0.000000 1.000000
0.375526 0.300645 0.876695 0.172746 -0.304664 0.933400 -0.189590 0.000000 -0.875306 -0.195901 0.442111 -0.000000 0.000000 0.000000 0.000000 1.000000
0.358427 0.312951 0.879541 0.172746 -0.414371 0.897577 -0.150506 -0.000000 -0.836557 -0.310510 0.451394 -0.000000 0.000000 0.000000 0.000000 1.000000
0.347704 0.297964 0.888999 0.172746 -0.462318 0.879366 -0.113914 0.000000 -0.815698 -0.371392 0.443514 0.000000 0.000000 0.000000 0.000000 1.000000
0.340664 0.268610 0.900998 0.172746 -0.477639 0.874885 -0.080231 -0.000000 -0.809820 -0.403020 0.426340 0.000000 0.000000 0.000000 0.000000 1.000000
0.334307 0.236949 0.912192 0.172746 -0.485753 0.872740 -0.048678 -0.000000 -0.807640 -0.426827 0.406862 -0.000000 0.000000 0.000000 0.000000 1.000000
0.327985 0.214987 0.919895 0.172746 -0.510384 0.859737 -0.018952 -0.000000 -0.794942 -0.463284 0.391708 0.000000 0.000000 0.000000 0.000000 1.000000</float_array>
          <technique_common>
            <accessor source="#Bip01_L_UpperArm-Matrix-animation-output-transform-array" count="19" stride="16">
              <param type="float4x4"/>
            </accessor>
          </technique_common>
        </source>
        <source id="Bip01_L_UpperArm-Interpolations">
          <Name_array id="Bip01_L_UpperArm-Interpolations-array" count="19">
 LINEAR LINEAR LINEAR LINEAR LINEAR LINEAR LINEAR LINEAR LINEAR LINEAR LINEAR
LINEAR LINEAR LINEAR LINEAR LINEAR LINEAR LINEAR LINEAR</Name_array>
          <technique_common>
            <accessor source="#Bip01_L_UpperArm-Interpolations-array" count="19">
              <param type="name"/>
            </accessor>
          </technique_common>
        </source>
        <sampler id="Bip01_L_UpperArm-Matrix-animation-transform">
          <input semantic="INPUT" source="#Bip01_L_UpperArm-Matrix-animation-input"/>
          <input semantic="OUTPUT" source="#Bip01_L_UpperArm-Matrix-animation-output-transform"/>
          <input semantic="INTERPOLATION" source="#Bip01_L_UpperArm-Interpolations"/>
        </sampler>
        <channel source="#Bip01_L_UpperArm-Matrix-animation-transform" target="Bip01_L_UpperArm/matrix"/>
      </animation>
    </animation>
    <animation id="Bip01_L_Forearm-anim" name="Bip01_L_Forearm">
      <animation>
        <source id="Bip01_L_Forearm-Matrix-animation-input">
          <float_array id="Bip01_L_Forearm-Matrix-animation-input-array" count="19">

0.000000 0.033333 0.066667 0.100000 0.133333 0.166667 0.200000 0.233333 0.266667 0.300000 0.333333 0.366667 0.400000 0.433333 0.466667 0.500000
0.533333 0.566667 0.600000</float_array>
          <technique_common>
            <accessor source="#Bip01_L_Forearm-Matrix-animation-input-array" count="19">
              <param name="TIME" type="float"/>
            </accessor>
          </technique_common>
        </source>
        <source id="Bip01_L_Forearm-Matrix-animation-output-transform">
