<?xml version="1.0" encoding="utf-8"?>
<COLLADA xmlns="http://www.collada.org/2005/11/COLLADASchema" version="1.4.0">
  <asset>
    <contributor>
      <author></author>
      <authoring_tool>FBX COLLADA exporter</authoring_tool>
      <comments></comments>
    </contributor>
    <created>2010-07-11T11:29:08Z</created>
    <modified>2010-07-11T11:29:08Z</modified>
    <revision></revision>
    <title></title>
    <subject></subject>
    <keywords></keywords>
    <unit meter="1.000000"/>
    <up_axis>Y_UP</up_axis>
  </asset>
  <library_animations>
    <animation id="Root_Node-anim" name="Root_Node">
      <animation>
        <source id="Root_Node-Matrix-animation-input">
          <float_array id="Root_Node-Matrix-animation-input-array" count="19">

0.000000 0.033333 0.066667 0.100000 0.133333 0.166667 0.200000 0.233333 0.266667 0.300000 0.333333 0.366667 0.400000 0.433333 0.466667 0.500000
0.533333 0.566667 0.600000</float_array>
          <technique_common>
            <accessor source="#Root_Node-Matrix-animation-input-array" count="19">
              <param name="TIME" type="float"/>
            </accessor>
          </technique_common>
        </source>
        <source id="Root_Node-Matrix-animation-output-transform">
          <float_array id="Root_Node-Matrix-animation-output-transform-array" count="304">

0.000000 1.000000 -0.000000 0.000000 -1.000000 0.000000 -0.000000 0.000888 -0.000000 0.000000 1.000000 -0.000000 0.000000 0.000000 0.000000 1.000000
0.000000 1.000000 -0.000000 0.000000 -1.000000 0.000000 -0.000000 0.000888 -0.000000 0.000000 1.000000 -0.000000 0.000000 0.000000 0.000000 1.000000
0.000000 1.000000 -0.000000 0.000000 -1.000000 0.000000 -0.000000 0.000888 -0.000000 0.000000 1.000000 -0.000000 0.000000 0.000000 0.000000 1.000000
0.000000 1.000000 -0.000000 0.000000 -1.000000 0.000000 -0.000000 0.000888 -0.000000 0.000000 1.000000 -0.000000 0.000000 0.000000 0.000000 1.000000
0.000000 1.000000 -0.000000 0.000000 -1.000000 0.000000 -0.000000 0.000888 -0.000000 0.000000 1.000000 -0.000000 0.000000 0.000000 0.000000 1.000000
0.000000 1.000000 -0.000000 0.000000 -1.000000 0.000000 -0.000000 0.000888 -0.000000 0.000000 1.000000 -0.000000 0.000000 0.000000 0.000000 1.000000
0.000000 1.000000 -0.000000 0.000000 -1.000000 0.000000 -0.000000 0.000888 -0.000000 0.000000 1.000000 -0.000000 0.000000 0.000000 0.000000 1.000000
0.000000 1.000000 -0.000000 0.000000 -1.000000 0.000000 -0.000000 0.000888 -0.000000 0.000000 1.000000 -0.000000 0.000000 0.000000 0.000000 1.000000
0.000000 1.000000 -0.000000 0.000000 -1.000000 0.000000 -0.000000 0.000888 -0.000000 0.000000 1.000000 -0.000000 0.000000 0.000000 0.000000 1.000000
0.000000 1.000000 -0.000000 0.000000 -1.000000 0.000000 -0.000000 0.000888 -0.000000 0.000000 1.000000 -0.000000 0.000000 0.000000 0.000000 1.000000
0.000000 1.000000 -0.000000 0.000000 -1.000000 0.000000 -0.000000 0.000888 -0.000000 0.000000 1.000000 -0.000000 0.000000 0.000000 0.000000 1.000000
0.000000 1.000000 -0.000000 0.000000 -1.000000 0.000000 -0.000000 0.000888 -0.000000 0.000000 1.000000 -0.000000 0.000000 0.000000 0.000000 1.000000
0.000000 1.000000 -0.000000 0.000000 -1.000000 0.000000 -0.000000 0.000888 -0.000000 0.000000 1.000000 -0.000000 0.000000 0.000000 0.000000 1.000000
0.000000 1.000000 -0.000000 0.000000 -1.000000 0.000000 -0.000000 0.000888 -0.000000 0.000000 1.000000 -0.000000 0.000000 0.000000 0.000000 1.000000
0.000000 1.000000 -0.000000 0.000000 -1.000000 0.000000 -0.000000 0.000888 -0.000000 0.000000 1.000000 -0.000000 0.000000 0.000000 0.000000 1.000000
0.000000 1.000000 -0.000000 0.000000 -1.000000 0.000000 -0.000000 0.000888 -0.000000 0.000000 1.000000 -0.000000 0.000000 0.000000 0.000000 1.000000
0.000000 1.000000 -0.000000 0.000000 -1.000000 0.000000 -0.000000 0.000888 -0.000000 0.000000 1.000000 -0.000000 0.000000 0.000000 0.000000 1.000000
0.000000 1.000000 -0.000000 0.000000 -1.000000 0.000000 -0.000000 0.000888 -0.000000 0.000000 1.000000 -0.000000 0.000000 0.000000 0.000000 1.000000
0.000000 1.000000 -0.000000 0.000000 -1.000000 0.000000 -0.000000 0.000888 -0.000000 0.000000 1.000000 -0.000000 0.000000 0.000000 0.000000 1.000000</float_array>
          <technique_common>
            <accessor source="#Root_Node-Matrix-animation-output-transform-array" count="19" stride="16">
              <param type="float4x4"/>
            </accessor>
          </technique_common>
        </source>
        <source id="Root_Node-Interpolations">
          <Name_array id="Root_Node-Interpolations-array" count="19">
 LINEAR LINEAR LINEAR LINEAR LINEAR LINEAR LINEAR LINEAR LINEAR LINEAR LINEAR
LINEAR LINEAR LINEAR LINEAR LINEAR LINEAR LINEAR LINEAR</Name_array>
          <technique_common>
            <accessor source="#Root_Node-Interpolations-array" count="19">
              <param type="name"/>
            </accessor>
          </technique_common>
        </source>
        <sampler id="Root_Node-Matrix-animation-transform">
          <input semantic="INPUT" source="#Root_Node-Matrix-animation-input"/>
          <input semantic="OUTPUT" source="#Root_Node-Matrix-animation-output-transform"/>
          <input semantic="INTERPOLATION" source="#Root_Node-Interpolations"/>
        </sampler>
        <channel source="#Root_Node-Matrix-animation-transform" target="Root_Node/matrix"/>
      </animation>
    </animation>
    <animation id="Bip01-anim" name="Bip01">
      <animation>
        <source id="Bip01-Matrix-animation-input">
          <float_array id="Bip01-Matrix-animation-input-array" count="19">

0.000000 0.033333 0.066667 0.100000 0.133333 0.166667 0.200000 0.233333 0.266667 0.300000 0.333333 0.366667 0.400000 0.433333 0.466667 0.500000
0.533333 0.566667 0.600000</float_array>
          <technique_common>
            <accessor source="#Bip01-Matrix-animation-input-array" count="19">
              <param name="TIME" type="float"/>
            </accessor>
          </technique_common>
        </source>
        <source id="Bip01-Matrix-animation-output-transform">
          <float_array id="Bip01-Matrix-animation-output-transform-array" count="304">

0.000000 0.000000 -1.000000 -0.814811 0.000000 1.000000 0.000000 0.000000 1.000000 0.000000 0.000000 0.037619 0.000000 0.000000 0.000000 1.000000
0.000000 0.000000 -1.000000 -0.843946 0.000000 1.000000 0.000000 0.000000 1.000000 0.000000 0.000000 0.037619 0.000000 0.000000 0.000000 1.000000
0.000000 0.000000 -1.000000 -0.866020 0.000000 1.000000 0.000000 0.000000 1.000000 0.000000 0.000000 0.037619 0.000000 0.000000 0.000000 1.000000
0.000000 0.000000 -1.000000 -0.874354 0.000000 1.000000 0.000000 0.000000 1.000000 0.000000 0.000000 0.037619 0.000000 0.000000 0.000000 1.000000
0.000000 0.000000 -1.000000 -0.876410 0.000000 1.000000 0.000000 0.000000 1.000000 0.000000 0.000000 0.037619 0.000000 0.000000 0.000000 1.000000
0.000000 0.000000 -1.000000 -0.872214 0.000000 1.000000 0.000000 0.000000 1.000000 0.000000 0.000000 0.037619 0.000000 0.000000 0.000000 1.000000
0.000000 0.000000 -1.000000 -0.859323 0.000000 1.000000 0.000000 0.000000 1.000000 0.000000 0.000000 0.037619 0.000000 0.000000 0.000000 1.000000
0.000000 0.000000 -1.000000 -0.840371 0.000000 1.000000 0.000000 0.000000 1.000000 0.000000 0.000000 0.037619 0.000000 0.000000 0.000000 1.000000
0.000000 0.000000 -1.000000 -0.822989 0.000000 1.000000 0.000000 0.000000 1.000000 0.000000 0.000000 0.037619 0.000000 0.000000 0.000000 1.000000
0.000000 0.000000 -1.000000 -0.814811 0.000000 1.000000 0.000000 0.000000 1.000000 0.000000 0.000000 0.037619 0.000000 0.000000 0.000000 1.000000
0.000000 0.000000 -1.000000 -0.837287 0.000000 1.000000 0.000000 0.000000 1.000000 0.000000 0.000000 0.037619 0.000000 0.000000 0.000000 1.000000
0.000000 0.000000 -1.000000 -0.866020 0.000000 1.000000 0.000000 0.000000 1.000000 0.000000 0.000000 0.037619 0.000000 0.000000 0.000000 1.000000
0.000000 0.000000 -1.000000 -0.874354 0.000000 1.000000 0.000000 0.000000 1.000000 0.000000 0.000000 0.037619 0.000000 0.000000 0.000000 1.000000
0.000000 0.000000 -1.000000 -0.876410 0.000000 1.000000 0.000000 0.000000 1.000000 0.000000 0.000000 0.037619 0.000000 0.000000 0.000000 1.000000
0.000000 0.000000 -1.000000 -0.872214 0.000000 1.000000 0.000000 0.000000 1.000000 0.000000 0.000000 0.037619 0.000000 0.000000 0.000000 1.000000
0.000000 0.000000 -1.000000 -0.859323 0.000000 1.000000 0.000000 0.000000 1.000000 0.000000 0.000000 0.037619 0.000000 0.000000 0.000000 1.000000
0.000000 0.000000 -1.000000 -0.840371 0.000000 1.000000 0.000000 0.000000 1.000000 0.000000 0.000000 0.037619 0.000000 0.000000 0.000000 1.000000
0.000000 0.000000 -1.000000 -0.822989 0.000000 1.000000 0.000000 0.000000 1.000000 0.000000 0.000000 0.037619 0.000000 0.000000 0.000000 1.000000
0.000000 0.000000 -1.000000 -0.814811 0.000000 1.000000 0.000000 0.000000 1.000000 0.000000 0.000000 0.037619 0.000000 0.000000 0.000000 1.000000</float_array>
          <technique_common>
            <accessor source="#Bip01-Matrix-animation-output-transform-array" count="19" stride="16">
              <param type="float4x4"/>
            </accessor>
          </technique_common>
        </source>
        <source id="Bip01-Interpolations">
          <Name_array id="Bip01-Interpolations-array" count="19">
 LINEAR LINEAR LINEAR LINEAR LINEAR LINEAR LINEAR LINEAR LINEAR LINEAR LINEAR
LINEAR LINEAR LINEAR LINEAR LINEAR LINEAR LINEAR LINEAR</Name_array>
          <technique_common>
            <accessor source="#Bip01-Interpolations-array" count="19">
              <param type="name"/>
            </accessor>
          </technique_common>
        </source>
        <sampler id="Bip01-Matrix-animation-transform">
          <input semantic="INPUT" source="#Bip01-Matrix-animation-input"/>
          <input semantic="OUTPUT" source="#Bip01-Matrix-animation-output-transform"/>
          <input semantic="INTERPOLATION" source="#Bip01-Interpolations"/>
        </sampler>
        <channel source="#Bip01-Matrix-animation-transform" target="Bip01/matrix"/>
      </animation>
    </animation>
    <animation id="Bip01_Pelvis-anim" name="Bip01_Pelvis">
      <animation>
        <source id="Bip01_Pelvis-Matrix-animation-input">
          <float_array id="Bip01_Pelvis-Matrix-animation-input-array" count="19">

0.000000 0.033333 0.066667 0.100000 0.133333 0.166667 0.200000 0.233333 0.266667 0.300000 0.333333 0.366667 0.400000 0.433333 0.466667 0.500000
0.533333 0.566667 0.600000</float_array>
          <technique_common>
            <accessor source="#Bip01_Pelvis-Matrix-animation-input-array" count="19">
              <param name="TIME" type="float"/>
            </accessor>
          </technique_common>
        </source>
        <source id="Bip01_Pelvis-Matrix-animation-output-transform">
          <float_array id="Bip01_Pelvis-Matrix-animation-output-transform-array" count="304">

0.074575 0.994379 -0.075153 -0.035612 -0.002375 0.075540 0.997140 0.000000 0.997213 -0.074183 0.007995 -0.000000 0.000000 0.000000 0.000000 1.000000
0.080143 0.995681 -0.046872 -0.035612 -0.014033 0.048146 0.998742 0.000000 0.996685 -0.079384 0.017831 -0.000000 0.000000 0.000000 0.000000 1.000000
0.084065 0.996321 -0.016671 -0.035612 -0.027141 0.019014 0.999451 0.000000 0.996091 -0.083566 0.028639 -0.000000 0.000000 0.000000 0.000000 1.000000
0.088259 0.996017 0.012672 -0.035612 -0.039710 -0.009193 0.999169 0.000000 0.995306 -0.088689 0.038741 -0.000000 0.000000 0.000000 0.000000 1.000000
0.094818 0.994754 0.038402 -0.035612 -0.049846 -0.033783 0.998185 0.000000 0.994246 -0.096560 0.046381 -0.000000 0.000000 0.000000 0.000000 1.000000
0.105958 0.992691 0.057776 -0.035612 -0.055704 -0.052086 0.997088 0.000000 0.992809 -0.108867 0.049778 -0.000000 0.000000 0.000000 0.000000 1.000000
0.127777 0.989595 0.066139 -0.035612 -0.054544 -0.059574 0.996733 0.000000 0.990302 -0.130967 0.046364 -0.000000 0.000000 0.000000 0.000000 1.000000
0.158206 0.985270 0.064910 -0.035612 -0.047168 -0.058122 0.997194 0.000000 0.986279 -0.160824 0.037278 -0.000000 0.000000 0.000000 0.000000 1.000000
0.187256 0.980440 0.060610 -0.035612 -0.037165 -0.054586 0.997817 0.000000 0.981608 -0.189100 0.026216 -0.000000 0.000000 0.000000 0.000000 1.000000
0.205200 0.976870 0.060144 -0.035612 -0.028526 -0.055456 0.998053 0.000000 0.978304 -0.206516 0.016487 -0.000000 0.000000 0.000000 0.000000 1.000000
0.211790 0.974912 0.068500 -0.035612 -0.021652 -0.065392 0.997625 0.000000 0.977075 -0.212770 0.007260 -0.000000 0.000000 0.000000 0.000000 1.000000
0.213360 0.973530 0.081959 -0.035612 -0.014497 -0.080727 0.996631 0.000000 0.976866 -0.213829 -0.003111 -0.000000 0.000000 0.000000 0.000000 1.000000
0.210197 0.973066 0.094655 -0.035612 -0.007515 -0.095207 0.995429 0.000000 0.977630 -0.209947 -0.012700 -0.000000 0.000000 0.000000 0.000000 1.000000
0.202482 0.974092 0.100728 -0.035612 -0.001191 -0.102613 0.994721 0.000000 0.979285 -0.201533 -0.019617 -0.000000 0.000000 0.000000 0.000000 1.000000
0.190316 0.977186 0.094268 -0.035612 0.003819 -0.096759 0.995300 0.000000 0.981715 -0.189061 -0.022146 -0.000000 0.000000 0.000000 0.000000 1.000000
0.169585 0.983191 0.067654 -0.035612 0.006249 -0.069719 0.997547 0.000000 0.985496 -0.168746 -0.017967 -0.000000 0.000000 0.000000 0.000000 1.000000
0.139716 0.989906 0.023780 -0.035612 0.005471 -0.024787 0.999678 0.000000 0.990177 -0.139540 -0.008879 -0.000000 0.000000 0.000000 0.000000 1.000000
0.106213 0.993968 -0.027309 -0.035612 0.002046 0.027246 0.999627 0.000000 0.994341 -0.106230 0.000860 -0.000000 0.000000 0.000000 0.000000 1.000000
0.074575 0.994379 -0.075153 -0.035612 -0.002375 0.075540 0.997140 0.000000 0.997213 -0.074183 0.007995 -0.000000 0.000000 0.000000 0.000000 1.000000</float_array>
          <technique_common>
            <accessor source="#Bip01_Pelvis-Matrix-animation-output-transform-array" count="19" stride="16">
              <param type="float4x4"/>
            </accessor>
          </technique_common>
        </source>
        <source id="Bip01_Pelvis-Interpolations">
          <Name_array id="Bip01_Pelvis-Interpolations-array" count="19">
 LINEAR LINEAR LINEAR LINEAR LINEAR LINEAR LINEAR LINEAR LINEAR LINEAR LINEAR
LINEAR LINEAR LINEAR LINEAR LINEAR LINEAR LINEAR LINEAR</Name_array>
          <technique_common>
            <accessor source="#Bip01_Pelvis-Interpolations-array" count="19">
              <param type="name"/>
            </accessor>
          </technique_common>
        </source>
        <sampler id="Bip01_Pelvis-Matrix-animation-transform">
          <input semantic="INPUT" source="#Bip01_Pelvis-Matrix-animation-input"/>
          <input semantic="OUTPUT" source="#Bip01_Pelvis-Matrix-animation-output-transform"/>
          <input semantic="INTERPOLATION" source="#Bip01_Pelvis-Interpolations"/>
        </sampler>
        <channel source="#Bip01_Pelvis-Matrix-animation-transform" target="Bip01_Pelvis/matrix"/>
      </animation>
    </animation>
    <animation id="Bip01_Spine-anim" name="Bip01_Spine">
      <animation>
        <source id="Bip01_Spine-Matrix-animation-input">
          <float_array id="Bip01_Spine-Matrix-animation-input-array" count="19">

0.000000 0.033333 0.066667 0.100000 0.133333 0.166667 0.200000 0.233333 0.266667 0.300000 0.333333 0.366667 0.400000 0.433333 0.466667 0.500000
0.533333 0.566667 0.600000</float_array>
          <technique_common>
            <accessor source="#Bip01_Spine-Matrix-animation-input-array" count="19">
              <param name="TIME" type="float"/>
            </accessor>
          </technique_common>
        </source>
        <source id="Bip01_Spine-Matrix-animation-output-transform">
          <float_array id="Bip01_Spine-Matrix-animation-output-transform-array" count="304">

0.997759 -0.065254 0.014812 0.098348 0.066868 0.980547 -0.184544 -0.007489 -0.002482 0.185121 0.982713 0.000756 0.000000 0.000000 0.000000 1.000000
0.998019 -0.062899 -0.001203 0.098295 0.061905 0.985289 -0.159288 -0.008003 0.011204 0.158898 0.987231 0.001730 0.000000 0.000000 0.000000 1.000000
0.997983 -0.060723 -0.018502 0.098236 0.057857 0.990025 -0.128461 -0.008416 0.026118 0.127132 0.991542 0.002802 0.000000 0.000000 0.000000 1.000000
0.997798 -0.056223 -0.035182 0.098158 0.052746 0.994270 -0.092976 -0.008922 0.040208 0.090916 0.995047 0.003804 0.000000 0.000000 0.000000 1.000000
0.997676 -0.047419 -0.048923 0.098052 0.044778 0.997551 -0.053732 -0.009699 0.051351 0.051417 0.997356 0.004565 0.000000 0.000000 0.000000 1.000000
0.997828 -0.032919 -0.057050 0.097908 0.032305 0.999410 -0.011666 -0.010913 0.057400 0.009798 0.998303 0.004907 0.000000 0.000000 0.000000 1.000000
0.998428 -0.008086 -0.055470 0.097656 0.009989 0.999368 0.034114 -0.013092 0.055159 -0.034614 0.997878 0.004578 0.000000 0.000000 0.000000 1.000000
0.998740 0.023683 -0.044253 0.097254 -0.020182 0.996752 0.077965 -0.016036 0.045956 -0.076974 0.995974 0.003690 0.000000 0.000000 0.000000 1.000000
0.998214 0.052303 -0.028866 0.096788 -0.048858 0.992805 0.109325 -0.018824 0.034376 -0.107720 0.993587 0.002604 0.000000 0.000000 0.000000 1.000000
0.997474 0.069047 -0.016651 0.096459 -0.066605 0.990733 0.118375 -0.020541 0.024670 -0.116967 0.992829 0.001647 0.000000 0.000000 0.000000 1.000000
0.997187 0.074357 -0.009484 0.096337 -0.073070 0.992469 0.098312 -0.021158 0.016723 -0.097343 0.995110 0.000733 0.000000 0.000000 0.000000 1.000000
0.997200 0.074658 -0.004290 0.096316 -0.074310 0.995717 0.055001 -0.021263 0.008377 -0.054528 0.998477 -0.000297 0.000000 0.000000 0.000000 1.000000
0.997509 0.070529 -0.000843 0.096393 -0.070530 0.997508 -0.001857 -0.020880 0.000710 0.001912 0.999998 -0.001253 0.000000 0.000000 0.000000 1.000000
0.998059 0.062263 0.001361 0.096557 -0.062057 0.996122 -0.062371 -0.020050 -0.005239 0.062165 0.998052 -0.001946 0.000000 0.000000 0.000000 1.000000
0.998748 0.049945 0.002805 0.096799 -0.049278 0.991955 -0.116608 -0.018820 -0.008607 0.116323 0.993174 -0.002205 0.000000 0.000000 0.000000 1.000000
0.999566 0.029242 0.003741 0.097176 -0.028325 0.987795 -0.153166 -0.016816 -0.008174 0.152994 0.988193 -0.001799 0.000000 0.000000 0.000000 1.000000
0.999985 -0.000595 0.005501 0.097642 0.001533 0.985095 -0.172004 -0.013935 -0.005317 0.172010 0.985081 -0.000906 0.000000 0.000000 0.000000 1.000000
0.999381 -0.033996 0.009116 0.098059 0.035082 0.983011 -0.180165 -0.010650 -0.002837 0.180373 0.983594 0.000053 0.000000 0.000000 0.000000 1.000000
0.997759 -0.065254 0.014812 0.098348 0.066868 0.980547 -0.184544 -0.007489 -0.002482 0.185121 0.982713 0.000756 0.000000 0.000000 0.000000 1.000000</float_array>
          <technique_common>
            <accessor source="#Bip01_Spine-Matrix-animation-output-transform-array" count="19" stride="16">
              <param type="float4x4"/>
            </accessor>
          </technique_common>
        </source>
        <source id="Bip01_Spine-Interpolations">
          <Name_array id="Bip01_Spine-Interpolations-array" count="19">
 LINEAR LINEAR LINEAR LINEAR LINEAR LINEAR LINEAR LINEAR LINEAR LINEAR LINEAR
LINEAR LINEAR LINEAR LINEAR LINEAR LINEAR LINEAR LINEAR</Name_array>
          <technique_common>
            <accessor source="#Bip01_Spine-Interpolations-array" count="19">
              <param type="name"/>
            </accessor>
          </technique_common>
        </source>
        <sampler id="Bip01_Spine-Matrix-animation-transform">
          <input semantic="INPUT" source="#Bip01_Spine-Matrix-animation-input"/>
          <input semantic="OUTPUT" source="#Bip01_Spine-Matrix-animation-output-transform"/>
          <input semantic="INTERPOLATION" source="#Bip01_Spine-Interpolations"/>
        </sampler>
        <channel source="#Bip01_Spine-Matrix-animation-transform" target="Bip01_Spine/matrix"/>
      </animation>
    </animation>
    <animation id="Bip01_Spine1-anim" name="Bip01_Spine1">
      <animation>
        <source id="Bip01_Spine1-Matrix-animation-input">
          <float_array id="Bip01_Spine1-Matrix-animation-input-array" count="19">

0.000000 0.033333 0.066667 0.100000 0.133333 0.166667 0.200000 0.233333 0.266667 0.300000 0.333333 0.366667 0.400000 0.433333 0.466667 0.500000
0.533333 0.566667 0.600000</float_array>
          <technique_common>
            <accessor source="#Bip01_Spine1-Matrix-animation-input-array" count="19">
              <param name="TIME" type="float"/>
            </accessor>
          </technique_common>
        </source>
        <source id="Bip01_Spine1-Matrix-animation-output-transform">
          <float_array id="Bip01_Spine1-Matrix-animation-output-transform-array" count="304">

0.993445 0.112559 0.019922 0.222927 -0.113881 0.959512 0.257619 -0.000170 0.009882 -0.258199 0.966041 0.000046 0.000000 0.000000 0.000000 1.000000
0.993036 0.117144 0.012507 0.222926 -0.117423 0.975583 0.185606 -0.000173 0.009541 -0.185782 0.982545 0.000033 0.000000 0.000000 0.000000 1.000000
0.992565 0.121663 0.003706 0.222925 -0.121398 0.987277 0.102697 -0.000175 0.008835 -0.102383 0.994706 0.000018 0.000000 0.000000 0.000000 1.000000
0.992060 0.125622 -0.005997 0.222924 -0.125527 0.991990 0.014118 -0.000176 0.007723 -0.013253 0.999882 0.000002 0.000000 0.000000 0.000000 1.000000
0.991555 0.128697 -0.016015 0.222924 -0.129539 0.988769 -0.074533 -0.000176 0.006243 0.075979 0.997090 -0.000013 0.000000 0.000000 0.000000 1.000000
0.991080 0.130768 -0.025689 0.222923 -0.133191 0.978473 -0.157642 -0.000174 0.004521 0.159658 0.987162 -0.000028 0.000000 0.000000 0.000000 1.000000
0.990667 0.131911 -0.034332 0.222923 -0.136277 0.963617 -0.229937 -0.000171 0.002752 0.232469 0.972600 -0.000041 0.000000 0.000000 0.000000 1.000000
0.990342 0.132359 -0.041273 0.222923 -0.138640 0.947936 -0.286698 -0.000168 0.001177 0.289651 0.957132 -0.000051 0.000000 0.000000 0.000000 1.000000
0.990130 0.132429 -0.045877 0.222923 -0.140151 0.935715 -0.323720 -0.000166 0.000058 0.326955 0.945040 -0.000058 0.000000 0.000000 0.000000 1.000000
0.990054 0.132410 -0.047543 0.222923 -0.140686 0.930938 -0.336989 -0.000165 -0.000361 0.340326 0.940308 -0.000060 0.000000 0.000000 0.000000 1.000000
0.990130 0.132429 -0.045877 0.222923 -0.140151 0.935715 -0.323720 -0.000166 0.000058 0.326955 0.945040 -0.000058 0.000000 0.000000 0.000000 1.000000
0.990342 0.132359 -0.041273 0.222923 -0.138640 0.947936 -0.286698 -0.000168 0.001177 0.289651 0.957132 -0.000051 0.000000 0.000000 0.000000 1.000000
0.990667 0.131911 -0.034332 0.222923 -0.136277 0.963617 -0.229937 -0.000171 0.002752 0.232469 0.972600 -0.000041 0.000000 0.000000 0.000000 1.000000
0.991080 0.130768 -0.025689 0.222923 -0.133191 0.978473 -0.157642 -0.000174 0.004521 0.159658 0.987162 -0.000028 0.000000 0.000000 0.000000 1.000000
0.991555 0.128697 -0.016015 0.222924 -0.129539 0.988769 -0.074533 -0.000176 0.006243 0.075979 0.997090 -0.000013 0.000000 0.000000 0.000000 1.000000
0.992060 0.125621 -0.005997 0.222924 -0.125527 0.991990 0.014118 -0.000176 0.007723 -0.013253 0.999882 0.000002 0.000000 0.000000 0.000000 1.000000
0.992565 0.121663 0.003706 0.222925 -0.121398 0.987277 0.102697 -0.000175 0.008835 -0.102383 0.994706 0.000018 0.000000 0.000000 0.000000 1.000000
0.993036 0.117144 0.012507 0.222926 -0.117423 0.975583 0.185606 -0.000173 0.009541 -0.185782 0.982545 0.000033 0.000000 0.000000 0.000000 1.000000
0.993445 0.112559 0.019922 0.222927 -0.113881 0.959512 0.257619 -0.000170 0.009882 -0.258199 0.966041 0.000046 0.000000 0.000000 0.000000 1.000000</float_array>
          <technique_common>
            <accessor source="#Bip01_Spine1-Matrix-animation-output-transform-array" count="19" stride="16">
              <param type="float4x4"/>
            </accessor>
          </technique_common>
        </source>
        <source id="Bip01_Spine1-Interpolations">
          <Name_array id="Bip01_Spine1-Interpolations-array" count="19">
 LINEAR LINEAR LINEAR LINEAR LINEAR LINEAR LINEAR LINEAR LINEAR LINEAR LINEAR
LINEAR LINEAR LINEAR LINEAR LINEAR LINEAR LINEAR LINEAR</Name_array>
          <technique_common>
            <accessor source="#Bip01_Spine1-Interpolations-array" count="19">
              <param type="name"/>
            </accessor>
          </technique_common>
        </source>
        <sampler id="Bip01_Spine1-Matrix-animation-transform">
          <input semantic="INPUT" source="#Bip01_Spine1-Matrix-animation-input"/>
          <input semantic="OUTPUT" source="#Bip01_Spine1-Matrix-animation-output-transform"/>
          <input semantic="INTERPOLATION" source="#Bip01_Spine1-Interpolations"/>
        </sampler>
        <channel source="#Bip01_Spine1-Matrix-animation-transform" target="Bip01_Spine1/matrix"/>
      </animation>
    </animation>
    <animation id="Bip01_Neck-anim" name="Bip01_Neck">
      <animation>
        <source id="Bip01_Neck-Matrix-animation-input">
          <float_array id="Bip01_Neck-Matrix-animation-input-array" count="19">

0.000000 0.033333 0.066667 0.100000 0.133333 0.166667 0.200000 0.233333 0.266667 0.300000 0.333333 0.366667 0.400000 0.433333 0.466667 0.500000
0.533333 0.566667 0.600000</float_array>
          <technique_common>
            <accessor source="#Bip01_Neck-Matrix-animation-input-array" count="19">
              <param name="TIME" type="float"/>
            </accessor>
          </technique_common>
        </source>
        <source id="Bip01_Neck-Matrix-animation-output-transform">
          <float_array id="Bip01_Neck-Matrix-animation-output-transform-array" count="304">

0.983580 -0.173647 -0.049156 0.222962 0.173433 0.984808 -0.008627 -0.000088 0.049907 -0.000040 0.998754 0.000000 0.000000 0.000000 0.000000 1.000000
0.984131 -0.173648 -0.036506 0.222962 0.173529 0.984808 -0.006407 -0.000088 0.037064 -0.000030 0.999313 0.000000 0.000000 0.000000 0.000000 1.000000
0.984559 -0.173648 -0.022142 0.222962 0.173604 0.984808 -0.003886 -0.000088 0.022481 -0.000018 0.999747 0.000000 0.000000 0.000000 0.000000 1.000000
0.984784 -0.173648 -0.006920 0.222962 0.173644 0.984808 -0.001215 -0.000088 0.007026 -0.000006 0.999975 0.000000 0.000000 0.000000 0.000000 1.000000
0.984773 -0.173648 0.008303 0.222962 0.173642 0.984808 0.001457 -0.000088 -0.008430 0.000007 0.999964 -0.000000 0.000000 0.000000 0.000000 1.000000
0.984547 -0.173648 0.022671 0.222962 0.173602 0.984808 0.003979 -0.000088 -0.023018 0.000018 0.999735 -0.000000 0.000000 0.000000 0.000000 1.000000
0.984174 -0.173648 0.035328 0.222962 0.173537 0.984808 0.006200 -0.000088 -0.035868 0.000028 0.999356 -0.000000 0.000000 0.000000 0.000000 1.000000
0.983760 -0.173648 0.045421 0.222962 0.173464 0.984808 0.007972 -0.000088 -0.046115 0.000037 0.998936 -0.000000 0.000000 0.000000 0.000000 1.000000
0.983429 -0.173647 0.052100 0.222962 0.173406 0.984808 0.009144 -0.000088 -0.052896 0.000042 0.998600 -0.000000 0.000000 0.000000 0.000000 1.000000
0.983298 -0.173647 0.054515 0.222962 0.173383 0.984808 0.009568 -0.000088 -0.055348 0.000044 0.998467 -0.000000 0.000000 0.000000 0.000000 1.000000
0.983429 -0.173647 0.052100 0.222962 0.173406 0.984808 0.009144 -0.000088 -0.052896 0.000042 0.998600 -0.000000 0.000000 0.000000 0.000000 1.000000
0.983760 -0.173648 0.045421 0.222962 0.173464 0.984808 0.007972 -0.000088 -0.046115 0.000037 0.998936 0.000000 0.000000 0.000000 0.000000 1.000000
0.984174 -0.173648 0.035328 0.222962 0.173537 0.984808 0.006200 -0.000088 -0.035868 0.000029 0.999356 -0.000000 0.000000 0.000000 0.000000 1.000000
0.984547 -0.173648 0.022671 0.222962 0.173602 0.984808 0.003979 -0.000088 -0.023018 0.000018 0.999735 -0.000000 0.000000 0.000000 0.000000 1.000000
0.984773 -0.173648 0.008303 0.222962 0.173642 0.984808 0.001457 -0.000088 -0.008430 0.000007 0.999964 -0.000000 0.000000 0.000000 0.000000 1.000000
0.984783 -0.173648 -0.006920 0.222962 0.173644 0.984808 -0.001215 -0.000088 0.007026 -0.000006 0.999975 0.000000 0.000000 0.000000 0.000000 1.000000
0.984559 -0.173648 -0.022142 0.222962 0.173604 0.984808 -0.003886 -0.000088 0.022481 -0.000018 0.999747 0.000000 0.000000 0.000000 0.000000 1.000000
0.984131 -0.173648 -0.036506 0.222962 0.173529 0.984808 -0.006407 -0.000088 0.037064 -0.000030 0.999313 0.000000 0.000000 0.000000 0.000000 1.000000
0.983580 -0.173647 -0.049156 0.222962 0.173433 0.984808 -0.008627 -0.000088 0.049907 -0.000040 0.998754 0.000000 0.000000 0.000000 0.000000 1.000000</float_array>
          <technique_common>
            <accessor source="#Bip01_Neck-Matrix-animation-output-transform-array" count="19" stride="16">
              <param type="float4x4"/>
            </accessor>
          </technique_common>
        </source>
        <source id="Bip01_Neck-Interpolations">
          <Name_array id="Bip01_Neck-Interpolations-array" count="19">
 LINEAR LINEAR LINEAR LINEAR LINEAR LINEAR LINEAR LINEAR LINEAR LINEAR LINEAR
LINEAR LINEAR LINEAR LINEAR LINEAR LINEAR LINEAR LINEAR</Name_array>
          <technique_common>
            <accessor source="#Bip01_Neck-Interpolations-array" count="19">
              <param type="name"/>
            </accessor>
          </technique_common>
        </source>
        <sampler id="Bip01_Neck-Matrix-animation-transform">
          <input semantic="INPUT" source="#Bip01_Neck-Matrix-animation-input"/>
          <input semantic="OUTPUT" source="#Bip01_Neck-Matrix-animation-output-transform"/>
          <input semantic="INTERPOLATION" source="#Bip01_Neck-Interpolations"/>
        </sampler>
        <channel source="#Bip01_Neck-Matrix-animation-transform" target="Bip01_Neck/matrix"/>
      </animation>
    </animation>
    <animation id="Bip01_L_Clavicle-anim" name="Bip01_L_Clavicle">
      <animation>
        <source id="Bip01_L_Clavicle-Matrix-animation-input">
          <float_array id="Bip01_L_Clavicle-Matrix-animation-input-array" count="19">

0.000000 0.033333 0.066667 0.100000 0.133333 0.166667 0.200000 0.233333 0.266667 0.300000 0.333333 0.366667 0.400000 0.433333 0.466667 0.500000
0.533333 0.566667 0.600000</float_array>
          <technique_common>
            <accessor source="#Bip01_L_Clavicle-Matrix-animation-input-array" count="19">
              <param name="TIME" type="float"/>
            </accessor>
          </technique_common>
        </source>
        <source id="Bip01_L_Clavicle-Matrix-animation-output-transform">
          <float_array id="Bip01_L_Clavicle-Matrix-animation-output-transform-array" count="304">

-0.092578 -0.162903 0.982289 0.001498 0.198637 -0.969717 -0.142097 0.000088 0.975691 0.181964 0.122133 0.029975 0.000000 0.000000 0.000000 1.000000
-0.105114 -0.165229 0.980638 0.001112 0.198647 -0.969716 -0.142096 0.000089 0.974418 0.179864 0.134753 0.029991 0.000000 0.000000 0.000000 1.000000
-0.119318 -0.167836 0.978568 0.000675 0.198658 -0.969713 -0.142094 0.000089 0.972779 0.177446 0.149047 0.030004 0.000000 0.000000 0.000000 1.000000
-0.134339 -0.170558 0.976147 0.000211 0.198670 -0.969711 -0.142092 0.000089 0.970816 0.174843 0.164155 0.030011 0.000000 0.000000 0.000000 1.000000
-0.149327 -0.173240 0.973493 -0.000253 0.198682 -0.969709 -0.142090 0.000090 0.968621 0.172198 0.179224 0.030011 0.000000 0.000000 0.000000 1.000000
-0.163443 -0.175734 0.970775 -0.000691 0.198693 -0.969707 -0.142088 0.000090 0.966337 0.169663 0.193409 0.030004 0.000000 0.000000 0.000000 1.000000
-0.175852 -0.177901 0.968208 -0.001076 0.198703 -0.969705 -0.142086 0.000090 0.964154 0.167400 0.205874 0.029993 0.000000 0.000000 0.000000 1.000000
-0.185731 -0.179608 0.966046 -0.001384 0.198711 -0.969704 -0.142084 0.000091 0.962298 0.165574 0.215794 0.029980 0.000000 0.000000 0.000000 1.000000
-0.192260 -0.180728 0.964559 -0.001588 0.198716 -0.969703 -0.142083 0.000091 0.961014 0.164357 0.222349 0.029970 0.000000 0.000000 0.000000 1.000000
-0.194620 -0.181131 0.964010 -0.001661 0.198718 -0.969703 -0.142083 0.000091 0.960538 0.163914 0.224717 0.029966 0.000000 0.000000 0.000000 1.000000
-0.192260 -0.180728 0.964559 -0.001588 0.198716 -0.969703 -0.142083 0.000091 0.961014 0.164357 0.222349 0.029970 0.000000 0.000000 0.000000 1.000000
-0.185731 -0.179608 0.966046 -0.001384 0.198711 -0.969704 -0.142085 0.000091 0.962298 0.165574 0.215795 0.029980 0.000000 0.000000 0.000000 1.000000
-0.175852 -0.177901 0.968208 -0.001076 0.198703 -0.969705 -0.142086 0.000090 0.964154 0.167400 0.205874 0.029993 0.000000 0.000000 0.000000 1.000000
-0.163443 -0.175734 0.970775 -0.000691 0.198693 -0.969707 -0.142088 0.000090 0.966337 0.169663 0.193409 0.030004 0.000000 0.000000 0.000000 1.000000
-0.149327 -0.173240 0.973493 -0.000253 0.198682 -0.969709 -0.142090 0.000090 0.968621 0.172198 0.179224 0.030011 0.000000 0.000000 0.000000 1.000000
-0.134339 -0.170558 0.976147 0.000211 0.198670 -0.969711 -0.142092 0.000089 0.970816 0.174843 0.164155 0.030011 0.000000 0.000000 0.000000 1.000000
-0.119318 -0.167836 0.978568 0.000675 0.198658 -0.969713 -0.142094 0.000089 0.972779 0.177446 0.149047 0.030004 0.000000 0.000000 0.000000 1.000000
-0.105114 -0.165229 0.980638 0.001112 0.198647 -0.969716 -0.142096 0.000089 0.974418 0.179864 0.134753 0.029991 0.000000 0.000000 0.000000 1.000000
-0.092578 -0.162903 0.982289 0.001498 0.198637 -0.969717 -0.142097 0.000088 0.975691 0.181964 0.122133 0.029975 0.000000 0.000000 0.000000 1.000000</float_array>
          <technique_common>
            <accessor source="#Bip01_L_Clavicle-Matrix-animation-output-transform-array" count="19" stride="16">
              <param type="float4x4"/>
            </accessor>
          </technique_common>
        </source>
        <source id="Bip01_L_Clavicle-Interpolations">
          <Name_array id="Bip01_L_Clavicle-Interpolations-array" count="19">
 LINEAR LINEAR LINEAR LINEAR LINEAR LINEAR LINEAR LINEAR LINEAR LINEAR LINEAR
LINEAR LINEAR LINEAR LINEAR LINEAR LINEAR LINEAR LINEAR</Name_array>
          <technique_common>
            <accessor source="#Bip01_L_Clavicle-Interpolations-array" count="19">
              <param type="name"/>
            </accessor>
          </technique_common>
        </source>
        <sampler id="Bip01_L_Clavicle-Matrix-animation-transform">
          <input semantic="INPUT" source="#Bip01_L_Clavicle-Matrix-animation-input"/>
          <input semantic="OUTPUT" source="#Bip01_L_Clavicle-Matrix-animation-output-transform"/>
          <input semantic="INTERPOLATION" source="#Bip01_L_Clavicle-Interpolations"/>
        </sampler>
        <channel source="#Bip01_L_Clavicle-Matrix-animation-transform" target="Bip01_L_Clavicle/matrix"/>
      </animation>
    </animation>
    <animation id="Bip01_L_UpperArm-anim" name="Bip01_L_UpperArm">
      <animation>
        <source id="Bip01_L_UpperArm-Matrix-animation-input">
          <float_array id="Bip01_L_UpperArm-Matrix-animation-input-array" count="19">

0.000000 0.033333 0.066667 0.100000 0.133333 0.166667 0.200000 0.233333 0.266667 0.300000 0.333333 0.366667 0.400000 0.433333 0.466667 0.500000
0.533333 0.566667 0.600000</float_array>
          <technique_common>
            <accessor source="#Bip01_L_UpperArm-Matrix-animation-input-array" count="19">
              <param name="TIME" type="float"/>
            </accessor>
          </technique_common>
        </source>
        <source id="Bip01_L_UpperArm-Matrix-animation-output-transform">
          <float_array id="Bip01_L_UpperArm-Matrix-animation-output-transform-array" count="304">

0.389507 0.236940 0.890025 0.172746 -0.467670 0.883377 -0.030501 0.000000 -0.793454 -0.404358 0.454892 0.000000 0.000000 0.000000 0.000000 1.000000
0.391378 0.184763 0.901491 0.172746 -0.249633 0.964219 -0.089243 -0.000000 -0.885724 -0.190114 0.423497 0.000000 0.000000 0.000000 0.000000 1.000000
0.385537 0.135055 0.912755 0.172746 -0.008359 0.989701 -0.142909 0.000000 -0.922655 0.047467 0.382695 0.000000 0.000000 0.000000 0.000000 1.000000
0.375884 0.089810 0.922304 0.172746 0.218390 0.958672 -0.182356 0.000000 -0.900565 0.269967 0.340736 0.000000 0.000000 0.000000 0.000000 1.000000
0.367060 0.049724 0.928867 0.172746 0.396986 0.894690 -0.204771 -0.000000 -0.841231 0.443911 0.308665 -0.000000 0.000000 0.000000 0.000000 1.000000
0.354793 0.002386 0.934942 0.172746 0.546880 0.810550 -0.209599 0.000000 -0.758317 0.585665 0.286272 0.000000 0.000000 0.000000 0.000000 1.000000
0.332503 -0.054381 0.941533 0.172746 0.681074 0.704418 -0.199836 0.000000 -0.652366 0.707699 0.271258 0.000000 0.000000 0.000000 0.000000 1.000000
0.307219 -0.105632 0.945758 0.172746 0.775980 0.603107 -0.184707 -0.000000 -0.550882 0.790635 0.267255 0.000000 0.000000 0.000000 0.000000 1.000000
0.292555 -0.139076 0.946081 0.172746 0.821748 0.542522 -0.174356 0.000000 -0.489021 0.828449 0.273003 0.000000 0.000000 0.000000 0.000000 1.000000
0.304067 -0.143309 0.941810 0.172746 0.811559 0.556718 -0.177303 0.000000 -0.498914 0.818247 0.285583 -0.000000 0.000000 0.000000 0.000000 1.000000
0.369759 -0.083607 0.925359 0.172746 0.677429 0.705888 -0.206912 -0.000000 -0.635900 0.703372 0.317646 0.000000 0.000000 0.000000 0.000000 1.000000
0.446383 0.053074 0.893267 0.172746 0.371027 0.897411 -0.238730 0.000000 -0.814298 0.437991 0.380897 0.000000 0.000000 0.000000 0.000000 1.000000
0.466401 0.210422 0.859181 0.172746 -0.004894 0.971894 -0.235370 0.000000 -0.884560 0.105572 0.454322 0.000000 0.000000 0.000000 0.000000 1.000000
0.443897 0.305706 0.842318 0.172746 -0.266390 0.942527 -0.201689 0.000000 -0.855565 -0.134856 0.499822 -0.000000 0.000000 0.000000 0.000000 1.000000
0.424220 0.326365 0.844703 0.172746 -0.376017 0.912065 -0.163551 0.000000 -0.823802 -0.248241 0.509634 0.000000 0.000000 0.000000 0.000000 1.000000
0.411751 0.315361 0.854990 0.172746 -0.423168 0.897093 -0.127099 0.000000 -0.807088 -0.309471 0.502830 0.000000 0.000000 0.000000 0.000000 1.000000
0.403823 0.287599 0.868455 0.172746 -0.437100 0.894591 -0.093008 0.000000 -0.803661 -0.342043 0.486966 0.000000 0.000000 0.000000 0.000000 1.000000
0.396865 0.256903 0.881192 0.172746 -0.443777 0.894073 -0.060793 0.000000 -0.803467 -0.366926 0.468834 0.000000 0.000000 0.000000 0.000000 1.000000
0.389507 0.236940 0.890025 0.172746 -0.467670 0.883377 -0.030501 0.000000 -0.793454 -0.404358 0.454892 0.000000 0.000000 0.000000 0.000000 1.000000</float_array>
          <technique_common>
            <accessor source="#Bip01_L_UpperArm-Matrix-animation-output-transform-array" count="19" stride="16">
              <param type="float4x4"/>
            </accessor>
          </technique_common>
        </source>
        <source id="Bip01_L_UpperArm-Interpolations">
          <Name_array id="Bip01_L_UpperArm-Interpolations-array" count="19">
 LINEAR LINEAR LINEAR LINEAR LINEAR LINEAR LINEAR LINEAR LINEAR LINEAR LINEAR
LINEAR LINEAR LINEAR LINEAR LINEAR LINEAR LINEAR LINEAR</Name_array>
          <technique_common>
            <accessor source="#Bip01_L_UpperArm-Interpolations-array" count="19">
              <param type="name"/>
            </accessor>
          </technique_common>
        </source>
        <sampler id="Bip01_L_UpperArm-Matrix-animation-transform">
          <input semantic="INPUT" source="#Bip01_L_UpperArm-Matrix-animation-input"/>
          <input semantic="OUTPUT" source="#Bip01_L_UpperArm-Matrix-animation-output-transform"/>
          <input semantic="INTERPOLATION" source="#Bip01_L_UpperArm-Interpolations"/>
        </sampler>
        <channel source="#Bip01_L_UpperArm-Matrix-animation-transform" target="Bip01_L_UpperArm/matrix"/>
      </animation>
    </animation>
    <animation id="Bip01_L_Forearm-anim" name="Bip01_L_Forearm">
      <animation>
        <source id="Bip01_L_Forearm-Matrix-animation-input">
          <float_array id="Bip01_L_Forearm-Matrix-animation-input-array" count="19">

0.000000 0.033333 0.066667 0.100000 0.133333 0.166667 0.200000 0.233333 0.266667 0.300000 0.333333 0.366667 0.400000 0.433333 0.466667 0.500000
0.533333 0.566667 0.600000</float_array>
          <technique_common>
            <accessor source="#Bip01_L_Forearm-Matrix-animation-input-array" count="19">
              <param name="TIME" type="float"/>
            </accessor>
          </technique_common>
        </source>
        <source id="Bip01_L_Forearm-Matrix-animation-output-transform">
          <float_array id="Bip01_L_Forearm-Matrix-animation-output-transform-array" count="304">

