<?xml version="1.0" encoding="utf-8"?>
<COLLADA xmlns="http://www.collada.org/2005/11/COLLADASchema" version="1.4.0">
  <asset>
    <contributor>
      <author></author>
      <authoring_tool>FBX COLLADA exporter</authoring_tool>
      <comments></comments>
    </contributor>
    <created>2010-07-11T11:31:00Z</created>
    <modified>2010-07-11T11:31:00Z</modified>
    <revision></revision>
    <title></title>
    <subject></subject>
    <keywords></keywords>
    <unit meter="1.000000"/>
    <up_axis>Y_UP</up_axis>
  </asset>
  <library_animations>
    <animation id="Bip01-anim" name="Bip01">
      <animation>
        <source id="Bip01-Matrix-animation-input">
          <float_array id="Bip01-Matrix-animation-input-array" count="21">

0.000000 0.033333 0.066667 0.100000 0.133333 0.166667 0.200000 0.233333 0.266667 0.300000 0.333333 0.366667 0.400000 0.433333 0.466667 0.500000
0.533333 0.566667 0.600000 0.633333 0.666667</float_array>
          <technique_common>
            <accessor source="#Bip01-Matrix-animation-input-array" count="21">
              <param name="TIME" type="float"/>
            </accessor>
          </technique_common>
        </source>
        <source id="Bip01-Matrix-animation-output-transform">
          <float_array id="Bip01-Matrix-animation-output-transform-array" count="336">

0.000000 0.000000 -1.000000 -0.748165 -0.000000 1.000000 0.000000 0.000000 1.000000 -0.000000 0.000000 0.037619 0.000000 0.000000 0.000000 1.000000
0.000000 0.000000 -1.000000 -0.763688 -0.000000 1.000000 0.000000 0.000000 1.000000 -0.000000 0.000000 0.037619 0.000000 0.000000 0.000000 1.000000
0.000000 0.000000 -1.000000 -0.780938 -0.000000 1.000000 0.000000 0.000000 1.000000 -0.000000 0.000000 0.037619 0.000000 0.000000 0.000000 1.000000
0.000000 0.000000 -1.000000 -0.797325 -0.000000 1.000000 0.000000 0.000000 1.000000 -0.000000 0.000000 0.037619 0.000000 0.000000 0.000000 1.000000
0.000000 0.000000 -1.000000 -0.810257 -0.000000 1.000000 0.000000 0.000000 1.000000 -0.000000 0.000000 0.037619 0.000000 0.000000 0.000000 1.000000
0.000000 0.000000 -1.000000 -0.817141 -0.000000 1.000000 0.000000 0.000000 1.000000 -0.000000 0.000000 0.037619 0.000000 0.000000 0.000000 1.000000
0.000000 0.000000 -1.000000 -0.814960 -0.000000 1.000000 0.000000 0.000000 1.000000 -0.000000 0.000000 0.037619 0.000000 0.000000 0.000000 1.000000
0.000000 0.000000 -1.000000 -0.805440 -0.000000 1.000000 0.000000 0.000000 1.000000 -0.000000 0.000000 0.037619 0.000000 0.000000 0.000000 1.000000
0.000000 0.000000 -1.000000 -0.793111 -0.000000 1.000000 0.000000 0.000000 1.000000 -0.000000 0.000000 0.037619 0.000000 0.000000 0.000000 1.000000
0.000000 0.000000 -1.000000 -0.782500 -0.000000 1.000000 0.000000 0.000000 1.000000 -0.000000 0.000000 0.037619 0.000000 0.000000 0.000000 1.000000
0.000000 0.000000 -1.000000 -0.778138 -0.000000 1.000000 0.000000 0.000000 1.000000 -0.000000 0.000000 0.037619 0.000000 0.000000 0.000000 1.000000
0.000000 0.000000 -1.000000 -0.783129 -0.000000 1.000000 0.000000 0.000000 1.000000 -0.000000 0.000000 0.037619 0.000000 0.000000 0.000000 1.000000
0.000000 0.000000 -1.000000 -0.794454 -0.000000 1.000000 0.000000 0.000000 1.000000 -0.000000 0.000000 0.037619 0.000000 0.000000 0.000000 1.000000
0.000000 0.000000 -1.000000 -0.807455 -0.000000 1.000000 0.000000 0.000000 1.000000 -0.000000 0.000000 0.037619 0.000000 0.000000 0.000000 1.000000
0.000000 0.000000 -1.000000 -0.817473 -0.000000 1.000000 0.000000 0.000000 1.000000 -0.000000 0.000000 0.037619 0.000000 0.000000 0.000000 1.000000
0.000000 0.000000 -1.000000 -0.819849 -0.000000 1.000000 0.000000 0.000000 1.000000 -0.000000 0.000000 0.037619 0.000000 0.000000 0.000000 1.000000
0.000000 0.000000 -1.000000 -0.812769 -0.000000 1.000000 0.000000 0.000000 1.000000 -0.000000 0.000000 0.037619 0.000000 0.000000 0.000000 1.000000
0.000000 0.000000 -1.000000 -0.799340 -0.000000 1.000000 0.000000 0.000000 1.000000 -0.000000 0.000000 0.037619 0.000000 0.000000 0.000000 1.000000
0.000000 0.000000 -1.000000 -0.782282 -0.000000 1.000000 0.000000 0.000000 1.000000 -0.000000 0.000000 0.037619 0.000000 0.000000 0.000000 1.000000
0.000000 0.000000 -1.000000 -0.764316 -0.000000 1.000000 0.000000 0.000000 1.000000 -0.000000 0.000000 0.037619 0.000000 0.000000 0.000000 1.000000
0.000000 0.000000 -1.000000 -0.748165 -0.000000 1.000000 0.000000 0.000000 1.000000 -0.000000 0.000000 0.037619 0.000000 0.000000 0.000000 1.000000</float_array>
          <technique_common>
            <accessor source="#Bip01-Matrix-animation-output-transform-array" count="21" stride="16">
              <param type="float4x4"/>
            </accessor>
          </technique_common>
        </source>
        <source id="Bip01-Interpolations">
          <Name_array id="Bip01-Interpolations-array" count="21">
 LINEAR LINEAR LINEAR LINEAR LINEAR LINEAR LINEAR LINEAR LINEAR LINEAR LINEAR
LINEAR LINEAR LINEAR LINEAR LINEAR LINEAR LINEAR LINEAR LINEAR LINEAR</Name_array>
          <technique_common>
            <accessor source="#Bip01-Interpolations-array" count="21">
              <param type="name"/>
            </accessor>
          </technique_common>
        </source>
        <sampler id="Bip01-Matrix-animation-transform">
          <input semantic="INPUT" source="#Bip01-Matrix-animation-input"/>
          <input semantic="OUTPUT" source="#Bip01-Matrix-animation-output-transform"/>
          <input semantic="INTERPOLATION" source="#Bip01-Interpolations"/>
        </sampler>
        <channel source="#Bip01-Matrix-animation-transform" target="Bip01/matrix"/>
      </animation>
    </animation>
    <animation id="Bip01_Pelvis-anim" name="Bip01_Pelvis">
      <animation>
        <source id="Bip01_Pelvis-Matrix-animation-input">
          <float_array id="Bip01_Pelvis-Matrix-animation-input-array" count="21">

0.000000 0.033333 0.066667 0.100000 0.133333 0.166667 0.200000 0.233333 0.266667 0.300000 0.333333 0.366667 0.400000 0.433333 0.466667 0.500000
0.533333 0.566667 0.600000 0.633333 0.666667</float_array>
          <technique_common>
            <accessor source="#Bip01_Pelvis-Matrix-animation-input-array" count="21">
              <param name="TIME" type="float"/>
            </accessor>
          </technique_common>
        </source>
        <source id="Bip01_Pelvis-Matrix-animation-output-transform">
          <float_array id="Bip01_Pelvis-Matrix-animation-output-transform-array" count="336">

-0.000000 0.955795 -0.294034 -0.035612 0.000000 0.294034 0.955795 0.000000 1.000000 0.000000 -0.000000 0.000000 0.000000 0.000000 0.000000 1.000000
-0.000000 0.925026 -0.379903 -0.035612 0.000000 0.379903 0.925026 0.000000 1.000000 0.000000 -0.000000 0.000000 0.000000 0.000000 0.000000 1.000000
-0.000000 0.885249 -0.465117 -0.035612 0.000000 0.465117 0.885249 0.000000 1.000000 0.000000 -0.000000 -0.000000 0.000000 0.000000 0.000000 1.000000
-0.000000 0.838415 -0.545032 -0.035612 0.000000 0.545032 0.838415 0.000000 1.000000 0.000000 -0.000000 -0.000000 0.000000 0.000000 0.000000 1.000000
-0.000000 0.787885 -0.615822 -0.035612 0.000000 0.615822 0.787885 0.000000 1.000000 0.000000 -0.000000 0.000000 0.000000 0.000000 0.000000 1.000000
-0.000000 0.738112 -0.674678 -0.035612 0.000000 0.674678 0.738112 0.000000 1.000000 0.000000 -0.000000 0.000000 0.000000 0.000000 0.000000 1.000000
-0.000000 0.686615 -0.727021 -0.035612 0.000000 0.727021 0.686615 0.000000 1.000000 0.000000 -0.000000 0.000000 0.000000 0.000000 0.000000 1.000000
-0.000000 0.632056 -0.774923 -0.035612 0.000000 0.774923 0.632056 0.000000 1.000000 0.000000 -0.000000 0.000000 0.000000 0.000000 0.000000 1.000000
-0.000000 0.582484 -0.812842 -0.035612 0.000000 0.812842 0.582484 0.000000 1.000000 0.000000 -0.000000 -0.000000 0.000000 0.000000 0.000000 1.000000
-0.000000 0.547127 -0.837049 -0.035612 0.000000 0.837049 0.547127 0.000000 1.000000 0.000000 -0.000000 -0.000000 0.000000 0.000000 0.000000 1.000000
-0.000000 0.535431 -0.844579 -0.035612 0.000000 0.844579 0.535431 0.000000 1.000000 0.000000 -0.000000 -0.000000 0.000000 0.000000 0.000000 1.000000
-0.000000 0.554261 -0.832343 -0.035612 0.000000 0.832343 0.554261 0.000000 1.000000 0.000000 -0.000000 -0.000000 0.000000 0.000000 0.000000 1.000000
-0.000000 0.597239 -0.802064 -0.035612 0.000000 0.802064 0.597239 0.000000 1.000000 0.000000 -0.000000 -0.000000 0.000000 0.000000 0.000000 1.000000
-0.000000 0.653056 -0.757310 -0.035612 0.000000 0.757310 0.653056 0.000000 1.000000 0.000000 -0.000000 0.000000 0.000000 0.000000 0.000000 1.000000
-0.000000 0.711064 -0.703127 -0.035612 0.000000 0.703127 0.711064 0.000000 1.000000 0.000000 -0.000000 0.000000 0.000000 0.000000 0.000000 1.000000
-0.000000 0.762461 -0.647034 -0.035612 0.000000 0.647034 0.762461 0.000000 1.000000 0.000000 -0.000000 0.000000 0.000000 0.000000 0.000000 1.000000
-0.000000 0.808474 -0.588532 -0.035612 0.000000 0.588532 0.808474 0.000000 1.000000 0.000000 -0.000000 0.000000 0.000000 0.000000 0.000000 1.000000
-0.000000 0.853037 -0.521850 -0.035612 0.000000 0.521850 0.853037 0.000000 1.000000 0.000000 -0.000000 -0.000000 0.000000 0.000000 0.000000 1.000000
-0.000000 0.893600 -0.448864 -0.035612 0.000000 0.448864 0.893600 0.000000 1.000000 0.000000 -0.000000 -0.000000 0.000000 0.000000 0.000000 1.000000
-0.000000 0.928240 -0.371983 -0.035612 0.000000 0.371983 0.928240 0.000000 1.000000 0.000000 -0.000000 0.000000 0.000000 0.000000 0.000000 1.000000
-0.000000 0.955795 -0.294034 -0.035612 0.000000 0.294034 0.955795 0.000000 1.000000 0.000000 -0.000000 0.000000 0.000000 0.000000 0.000000 1.000000</float_array>
          <technique_common>
            <accessor source="#Bip01_Pelvis-Matrix-animation-output-transform-array" count="21" stride="16">
              <param type="float4x4"/>
            </accessor>
          </technique_common>
        </source>
        <source id="Bip01_Pelvis-Interpolations">
          <Name_array id="Bip01_Pelvis-Interpolations-array" count="21">
 LINEAR LINEAR LINEAR LINEAR LINEAR LINEAR LINEAR LINEAR LINEAR LINEAR LINEAR
LINEAR LINEAR LINEAR LINEAR LINEAR LINEAR LINEAR LINEAR LINEAR LINEAR</Name_array>
          <technique_common>
            <accessor source="#Bip01_Pelvis-Interpolations-array" count="21">
              <param type="name"/>
            </accessor>
          </technique_common>
        </source>
        <sampler id="Bip01_Pelvis-Matrix-animation-transform">
          <input semantic="INPUT" source="#Bip01_Pelvis-Matrix-animation-input"/>
          <input semantic="OUTPUT" source="#Bip01_Pelvis-Matrix-animation-output-transform"/>
          <input semantic="INTERPOLATION" source="#Bip01_Pelvis-Interpolations"/>
        </sampler>
        <channel source="#Bip01_Pelvis-Matrix-animation-transform" target="Bip01_Pelvis/matrix"/>
      </animation>
    </animation>
    <animation id="Bip01_Spine-anim" name="Bip01_Spine">
      <animation>
        <source id="Bip01_Spine-Matrix-animation-input">
          <float_array id="Bip01_Spine-Matrix-animation-input-array" count="21">

0.000000 0.033333 0.066667 0.100000 0.133333 0.166667 0.200000 0.233333 0.266667 0.300000 0.333333 0.366667 0.400000 0.433333 0.466667 0.500000
0.533333 0.566667 0.600000 0.633333 0.666667</float_array>
          <technique_common>
            <accessor source="#Bip01_Spine-Matrix-animation-input-array" count="21">
              <param name="TIME" type="float"/>
            </accessor>
          </technique_common>
        </source>
        <source id="Bip01_Spine-Matrix-animation-output-transform">
          <float_array id="Bip01_Spine-Matrix-animation-output-transform-array" count="336">

0.963907 -0.264162 0.033194 0.098658 0.262831 0.924259 -0.276884 -0.000164 0.042462 0.275615 0.960330 -0.000049 0.000000 0.000000 0.000000 1.000000
0.967653 -0.252253 0.003922 0.098656 0.249031 0.952573 -0.174898 -0.000169 0.040383 0.170217 0.984579 -0.000030 0.000000 0.000000 0.000000 1.000000
0.970407 -0.240117 -0.025557 0.098654 0.237985 0.968941 -0.067203 -0.000172 0.040899 0.059132 0.997412 -0.000010 0.000000 0.000000 0.000000 1.000000
0.972332 -0.227123 -0.054639 0.098651 0.229409 0.972511 0.039940 -0.000173 0.044065 -0.051369 0.997707 0.000009 0.000000 0.000000 0.000000 1.000000
0.973609 -0.212701 -0.082723 0.098649 0.222682 0.964749 0.140260 -0.000171 0.049974 -0.154979 0.986653 0.000028 0.000000 0.000000 0.000000 1.000000
0.974434 -0.196340 -0.109219 0.098646 0.216817 0.949199 0.228062 -0.000169 0.058893 -0.245912 0.967502 0.000044 0.000000 0.000000 0.000000 1.000000
0.974943 -0.175093 -0.137215 0.098642 0.210159 0.927183 0.310103 -0.000165 0.072926 -0.331170 0.940749 0.000059 0.000000 0.000000 0.000000 1.000000
0.974600 -0.149284 -0.166938 0.098637 0.204224 0.898344 0.388936 -0.000160 0.091906 -0.413150 0.906013 0.000073 0.000000 0.000000 0.000000 1.000000
0.973236 -0.123610 -0.193732 0.098633 0.200671 0.867953 0.454302 -0.000154 0.111994 -0.481019 0.869528 0.000086 0.000000 0.000000 0.000000 1.000000
0.971549 -0.103038 -0.213252 0.098629 0.198784 0.844253 0.497716 -0.000150 0.128755 -0.525947 0.840715 0.000094 0.000000 0.000000 0.000000 1.000000
0.970778 -0.092636 -0.221380 0.098627 0.196524 0.836304 0.511835 -0.000149 0.137726 -0.540384 0.830070 0.000096 0.000000 0.000000 0.000000 1.000000
0.971860 -0.094586 -0.215735 0.098628 0.191611 0.850141 0.490455 -0.000151 0.137015 -0.517991 0.844342 0.000092 0.000000 0.000000 0.000000 1.000000
0.974265 -0.105571 -0.199154 0.098630 0.184884 0.879691 0.438135 -0.000156 0.128940 -0.463680 0.876570 0.000082 0.000000 0.000000 0.000000 1.000000
0.976889 -0.122305 -0.175299 0.098633 0.179666 0.914126 0.363446 -0.000162 0.115794 -0.386542 0.914974 0.000069 0.000000 0.000000 0.000000 1.000000
0.978810 -0.141579 -0.147937 0.098636 0.178407 0.944231 0.276764 -0.000168 0.100503 -0.297293 0.949482 0.000053 0.000000 0.000000 0.000000 1.000000
0.979602 -0.160389 -0.121057 0.098639 0.181523 0.964708 0.190758 -0.000171 0.086189 -0.208842 0.974144 0.000037 0.000000 0.000000 0.000000 1.000000
0.979262 -0.179495 -0.093950 0.098643 0.189005 0.976388 0.104609 -0.000173 0.072955 -0.120197 0.990066 0.000021 0.000000 0.000000 0.000000 1.000000
0.977581 -0.200651 -0.063835 0.098647 0.201720 0.979385 0.010689 -0.000174 0.060374 -0.023326 0.997903 0.000004 0.000000 0.000000 0.000000 1.000000
0.974394 -0.222586 -0.031812 0.098650 0.219154 0.971805 -0.086987 -0.000173 0.050277 0.077788 0.995701 -0.000014 0.000000 0.000000 0.000000 1.000000
0.969746 -0.244114 0.000943 0.098654 0.240105 0.953112 -0.184195 -0.000169 0.044066 0.178849 0.982889 -0.000032 0.000000 0.000000 0.000000 1.000000
0.963907 -0.264162 0.033194 0.098658 0.262831 0.924259 -0.276884 -0.000164 0.042462 0.275615 0.960330 -0.000049 0.000000 0.000000 0.000000 1.000000</float_array>
          <technique_common>
            <accessor source="#Bip01_Spine-Matrix-animation-output-transform-array" count="21" stride="16">
              <param type="float4x4"/>
            </accessor>
          </technique_common>
        </source>
        <source id="Bip01_Spine-Interpolations">
          <Name_array id="Bip01_Spine-Interpolations-array" count="21">
 LINEAR LINEAR LINEAR LINEAR LINEAR LINEAR LINEAR LINEAR LINEAR LINEAR LINEAR
LINEAR LINEAR LINEAR LINEAR LINEAR LINEAR LINEAR LINEAR LINEAR LINEAR</Name_array>
          <technique_common>
            <accessor source="#Bip01_Spine-Interpolations-array" count="21">
              <param type="name"/>
            </accessor>
          </technique_common>
        </source>
        <sampler id="Bip01_Spine-Matrix-animation-transform">
          <input semantic="INPUT" source="#Bip01_Spine-Matrix-animation-input"/>
          <input semantic="OUTPUT" source="#Bip01_Spine-Matrix-animation-output-transform"/>
          <input semantic="INTERPOLATION" source="#Bip01_Spine-Interpolations"/>
        </sampler>
        <channel source="#Bip01_Spine-Matrix-animation-transform" target="Bip01_Spine/matrix"/>
      </animation>
    </animation>
    <animation id="Bip01_Spine1-anim" name="Bip01_Spine1">
      <animation>
        <source id="Bip01_Spine1-Matrix-animation-input">
          <float_array id="Bip01_Spine1-Matrix-animation-input-array" count="21">

0.000000 0.033333 0.066667 0.100000 0.133333 0.166667 0.200000 0.233333 0.266667 0.300000 0.333333 0.366667 0.400000 0.433333 0.466667 0.500000
0.533333 0.566667 0.600000 0.633333 0.666667</float_array>
          <technique_common>
            <accessor source="#Bip01_Spine1-Matrix-animation-input-array" count="21">
              <param name="TIME" type="float"/>
            </accessor>
          </technique_common>
        </source>
        <source id="Bip01_Spine1-Matrix-animation-output-transform">
          <float_array id="Bip01_Spine1-Matrix-animation-output-transform-array" count="336">

0.995917 -0.032151 -0.084354 0.222952 0.019929 0.989678 -0.141915 -0.000176 0.088046 0.139654 0.986278 -0.000025 0.000000 0.000000 0.000000 1.000000
0.996251 -0.044591 -0.074135 0.222955 0.034799 0.991101 -0.128487 -0.000176 0.079204 0.125426 0.988936 -0.000022 0.000000 0.000000 0.000000 1.000000
0.996303 -0.057560 -0.063770 0.222957 0.049995 0.992169 -0.114459 -0.000176 0.069859 0.110848 0.991379 -0.000020 0.000000 0.000000 0.000000 1.000000
0.996065 -0.070471 -0.053737 0.222959 0.064822 0.992826 -0.100467 -0.000176 0.060432 0.096588 0.993488 -0.000017 0.000000 0.000000 0.000000 1.000000
0.995581 -0.082710 -0.044480 0.222961 0.078608 0.993087 -0.087176 -0.000176 0.051382 0.083294 0.995199 -0.000015 0.000000 0.000000 0.000000 1.000000
0.994939 -0.093647 -0.036411 0.222963 0.090712 0.993028 -0.075279 -0.000176 0.043207 0.071595 0.996498 -0.000013 0.000000 0.000000 0.000000 1.000000
0.994144 -0.104141 -0.028845 0.222965 0.102139 0.992719 -0.063846 -0.000176 0.035284 0.060526 0.997543 -0.000011 0.000000 0.000000 0.000000 1.000000
0.993181 -0.114586 -0.021482 0.222967 0.113336 0.992171 -0.052449 -0.000176 0.027324 0.049657 0.998392 -0.000009 0.000000 0.000000 0.000000 1.000000
0.992213 -0.123618 -0.015249 0.222969 0.122875 0.991508 -0.042582 -0.000176 0.020383 0.040376 0.998977 -0.000007 0.000000 0.000000 0.000000 1.000000
0.991473 -0.129845 -0.011021 0.222970 0.129378 0.990950 -0.035771 -0.000176 0.015566 0.034040 0.999299 -0.000006 0.000000 0.000000 0.000000 1.000000
0.991220 -0.131871 -0.009658 0.222970 0.131481 0.990751 -0.033554 -0.000176 0.013994 0.031989 0.999390 -0.000006 0.000000 0.000000 0.000000 1.000000
0.991625 -0.128601 -0.011861 0.222970 0.128084 0.991068 -0.037132 -0.000176 0.016530 0.035302 0.999240 -0.000006 0.000000 0.000000 0.000000 1.000000
0.992509 -0.120969 -0.017064 0.222968 0.120091 0.991721 -0.045477 -0.000176 0.022424 0.043087 0.998820 -0.000008 0.000000 0.000000 0.000000 1.000000
0.993565 -0.110636 -0.024247 0.222966 0.109122 0.992406 -0.056761 -0.000176 0.030343 0.053750 0.998093 -0.000010 0.000000 0.000000 0.000000 1.000000
0.994537 -0.099247 -0.032352 0.222964 0.096833 0.992893 -0.069180 -0.000176 0.038988 0.065669 0.997079 -0.000012 0.000000 0.000000 0.000000 1.000000
0.995270 -0.088411 -0.040250 0.222962 0.084942 0.993090 -0.080977 -0.000176 0.047131 0.077175 0.995903 -0.000014 0.000000 0.000000 0.000000 1.000000
0.995801 -0.077888 -0.048098 0.222960 0.073207 0.993026 -0.092416 -0.000176 0.054961 0.088507 0.994558 -0.000016 0.000000 0.000000 0.000000 1.000000
0.996166 -0.066638 -0.056687 0.222958 0.060451 0.992673 -0.104623 -0.000176 0.063243 0.100796 0.992895 -0.000018 0.000000 0.000000 0.000000 1.000000
0.996316 -0.055030 -0.065770 0.222956 0.047055 0.991993 -0.117198 -0.000176 0.071692 0.113672 0.990928 -0.000020 0.000000 0.000000 0.000000 1.000000
0.996232 -0.043420 -0.075085 0.222954 0.033412 0.990983 -0.129752 -0.000176 0.080042 0.126755 0.988699 -0.000023 0.000000 0.000000 0.000000 1.000000
0.995917 -0.032151 -0.084354 0.222952 0.019929 0.989678 -0.141915 -0.000176 0.088046 0.139654 0.986278 -0.000025 0.000000 0.000000 0.000000 1.000000</float_array>
          <technique_common>
            <accessor source="#Bip01_Spine1-Matrix-animation-output-transform-array" count="21" stride="16">
              <param type="float4x4"/>
            </accessor>
          </technique_common>
        </source>
        <source id="Bip01_Spine1-Interpolations">
          <Name_array id="Bip01_Spine1-Interpolations-array" count="21">
 LINEAR LINEAR LINEAR LINEAR LINEAR LINEAR LINEAR LINEAR LINEAR LINEAR LINEAR
LINEAR LINEAR LINEAR LINEAR LINEAR LINEAR LINEAR LINEAR LINEAR LINEAR</Name_array>
          <technique_common>
            <accessor source="#Bip01_Spine1-Interpolations-array" count="21">
              <param type="name"/>
            </accessor>
          </technique_common>
        </source>
        <sampler id="Bip01_Spine1-Matrix-animation-transform">
          <input semantic="INPUT" source="#Bip01_Spine1-Matrix-animation-input"/>
          <input semantic="OUTPUT" source="#Bip01_Spine1-Matrix-animation-output-transform"/>
          <input semantic="INTERPOLATION" source="#Bip01_Spine1-Interpolations"/>
        </sampler>
        <channel source="#Bip01_Spine1-Matrix-animation-transform" target="Bip01_Spine1/matrix"/>
      </animation>
    </animation>
    <animation id="Bip01_Neck-anim" name="Bip01_Neck">
      <animation>
        <source id="Bip01_Neck-Matrix-animation-input">
          <float_array id="Bip01_Neck-Matrix-animation-input-array" count="21">

0.000000 0.033333 0.066667 0.100000 0.133333 0.166667 0.200000 0.233333 0.266667 0.300000 0.333333 0.366667 0.400000 0.433333 0.466667 0.500000
0.533333 0.566667 0.600000 0.633333 0.666667</float_array>
          <technique_common>
            <accessor source="#Bip01_Neck-Matrix-animation-input-array" count="21">
              <param name="TIME" type="float"/>
            </accessor>
          </technique_common>
        </source>
        <source id="Bip01_Neck-Matrix-animation-output-transform">
          <float_array id="Bip01_Neck-Matrix-animation-output-transform-array" count="336">

0.965926 -0.258819 -0.000001 0.222970 0.258819 0.965926 -0.000000 -0.000087 0.000001 -0.000000 1.000000 0.000000 0.000000 0.000000 0.000000 1.000000
0.965926 -0.258819 -0.000001 0.222970 0.258819 0.965926 -0.000000 -0.000087 0.000001 -0.000000 1.000000 0.000000 0.000000 0.000000 0.000000 1.000000
0.965926 -0.258819 -0.000001 0.222970 0.258819 0.965926 -0.000000 -0.000087 0.000001 -0.000000 1.000000 0.000000 0.000000 0.000000 0.000000 1.000000
0.965926 -0.258819 -0.000001 0.222970 0.258819 0.965926 -0.000000 -0.000086 0.000001 -0.000000 1.000000 0.000000 0.000000 0.000000 0.000000 1.000000
0.965926 -0.258819 -0.000001 0.222970 0.258819 0.965926 -0.000000 -0.000087 0.000001 0.000000 1.000000 0.000000 0.000000 0.000000 0.000000 1.000000
0.965926 -0.258819 -0.000001 0.222970 0.258819 0.965926 -0.000000 -0.000087 0.000001 -0.000000 1.000000 0.000000 0.000000 0.000000 0.000000 1.000000
0.965926 -0.258819 -0.000001 0.222970 0.258819 0.965926 -0.000000 -0.000087 0.000001 -0.000000 1.000000 -0.000000 0.000000 0.000000 0.000000 1.000000
0.965926 -0.258819 -0.000001 0.222970 0.258819 0.965926 -0.000000 -0.000087 0.000001 -0.000000 1.000000 0.000000 0.000000 0.000000 0.000000 1.000000
0.965926 -0.258819 -0.000001 0.222970 0.258819 0.965926 -0.000000 -0.000087 0.000001 -0.000000 1.000000 -0.000000 0.000000 0.000000 0.000000 1.000000
0.965926 -0.258819 -0.000001 0.222970 0.258819 0.965926 -0.000000 -0.000087 0.000001 -0.000000 1.000000 0.000000 0.000000 0.000000 0.000000 1.000000
0.965926 -0.258819 -0.000001 0.222970 0.258819 0.965926 -0.000000 -0.000087 0.000001 -0.000000 1.000000 0.000000 0.000000 0.000000 0.000000 1.000000
0.965926 -0.258819 -0.000001 0.222970 0.258819 0.965926 -0.000000 -0.000087 0.000001 -0.000000 1.000000 0.000000 0.000000 0.000000 0.000000 1.000000
0.965926 -0.258819 -0.000001 0.222970 0.258819 0.965926 -0.000000 -0.000087 0.000001 -0.000000 1.000000 0.000000 0.000000 0.000000 0.000000 1.000000
0.965926 -0.258819 -0.000001 0.222970 0.258819 0.965926 -0.000000 -0.000087 0.000001 -0.000000 1.000000 -0.000000 0.000000 0.000000 0.000000 1.000000
0.965926 -0.258819 -0.000001 0.222970 0.258819 0.965926 -0.000000 -0.000087 0.000001 -0.000000 1.000000 -0.000000 0.000000 0.000000 0.000000 1.000000
0.965926 -0.258819 -0.000001 0.222970 0.258819 0.965926 -0.000000 -0.000087 0.000001 -0.000000 1.000000 0.000000 0.000000 0.000000 0.000000 1.000000
0.965926 -0.258819 -0.000001 0.222970 0.258819 0.965926 -0.000000 -0.000087 0.000001 -0.000000 1.000000 -0.000000 0.000000 0.000000 0.000000 1.000000
0.965926 -0.258819 -0.000001 0.222970 0.258819 0.965926 0.000000 -0.000087 0.000001 -0.000000 1.000000 -0.000000 0.000000 0.000000 0.000000 1.000000
0.965926 -0.258819 -0.000001 0.222970 0.258819 0.965926 -0.000000 -0.000087 0.000001 -0.000000 1.000000 -0.000000 0.000000 0.000000 0.000000 1.000000
0.965926 -0.258819 -0.000001 0.222970 0.258819 0.965926 -0.000000 -0.000087 0.000001 -0.000000 1.000000 0.000000 0.000000 0.000000 0.000000 1.000000
0.965926 -0.258819 -0.000001 0.222970 0.258819 0.965926 -0.000000 -0.000087 0.000001 -0.000000 1.000000 0.000000 0.000000 0.000000 0.000000 1.000000</float_array>
          <technique_common>
            <accessor source="#Bip01_Neck-Matrix-animation-output-transform-array" count="21" stride="16">
              <param type="float4x4"/>
            </accessor>
          </technique_common>
        </source>
        <source id="Bip01_Neck-Interpolations">
          <Name_array id="Bip01_Neck-Interpolations-array" count="21">
 LINEAR LINEAR LINEAR LINEAR LINEAR LINEAR LINEAR LINEAR LINEAR LINEAR LINEAR
LINEAR LINEAR LINEAR LINEAR LINEAR LINEAR LINEAR LINEAR LINEAR LINEAR</Name_array>
          <technique_common>
            <accessor source="#Bip01_Neck-Interpolations-array" count="21">
              <param type="name"/>
            </accessor>
          </technique_common>
        </source>
        <sampler id="Bip01_Neck-Matrix-animation-transform">
          <input semantic="INPUT" source="#Bip01_Neck-Matrix-animation-input"/>
          <input semantic="OUTPUT" source="#Bip01_Neck-Matrix-animation-output-transform"/>
          <input semantic="INTERPOLATION" source="#Bip01_Neck-Interpolations"/>
        </sampler>
        <channel source="#Bip01_Neck-Matrix-animation-transform" target="Bip01_Neck/matrix"/>
      </animation>
    </animation>
    <animation id="Bip01_L_Clavicle-anim" name="Bip01_L_Clavicle">
      <animation>
        <source id="Bip01_L_Clavicle-Matrix-animation-input">
          <float_array id="Bip01_L_Clavicle-Matrix-animation-input-array" count="21">

0.000000 0.033333 0.066667 0.100000 0.133333 0.166667 0.200000 0.233333 0.266667 0.300000 0.333333 0.366667 0.400000 0.433333 0.466667 0.500000
0.533333 0.566667 0.600000 0.633333 0.666667</float_array>
          <technique_common>
            <accessor source="#Bip01_L_Clavicle-Matrix-animation-input-array" count="21">
              <param name="TIME" type="float"/>
            </accessor>
          </technique_common>
        </source>
        <source id="Bip01_L_Clavicle-Matrix-animation-output-transform">
          <float_array id="Bip01_L_Clavicle-Matrix-animation-output-transform-array" count="336">

-0.186091 -0.257818 0.948104 0.000000 0.167703 -0.959134 -0.227901 0.000089 0.968115 0.116589 0.221722 0.030012 0.000000 0.000000 0.000000 1.000000
-0.182627 -0.257376 0.948897 -0.000000 0.180589 -0.957489 -0.224950 0.000089 0.966455 0.130279 0.221342 0.030012 0.000000 0.000000 0.000000 1.000000
-0.178725 -0.256818 0.949790 0.000000 0.195103 -0.955414 -0.221626 0.000089 0.964361 0.145697 0.220863 0.030012 0.000000 0.000000 0.000000 1.000000
-0.174580 -0.256156 0.950740 0.000000 0.210524 -0.952950 -0.218094 0.000089 0.961874 0.162079 0.220293 0.030012 0.000000 0.000000 0.000000 1.000000
-0.170383 -0.255411 0.951701 0.000000 0.226138 -0.950181 -0.214518 0.000089 0.959078 0.178666 0.219653 0.030012 0.000000 0.000000 0.000000 1.000000
-0.166324 -0.254620 0.952630 0.000000 0.241237 -0.947237 -0.211060 0.000089 0.956107 0.194705 0.218972 0.030012 0.000000 0.000000 0.000000 1.000000
-0.162592 -0.253830 0.953485 -0.000000 0.255122 -0.944298 -0.207880 0.000090 0.953140 0.209455 0.218293 0.030012 0.000000 0.000000 0.000000 1.000000
-0.159371 -0.253099 0.954223 0.000000 0.267104 -0.941581 -0.205135 0.000090 0.950398 0.222184 0.217665 0.030012 0.000000 0.000000 0.000000 1.000000
-0.156845 -0.252495 0.954802 0.000000 0.276502 -0.939332 -0.202983 0.000090 0.948128 0.232167 0.217145 0.030012 0.000000 0.000000 0.000000 1.000000
-0.155195 -0.252085 0.955179 0.000000 0.282639 -0.937807 -0.201578 0.000090 0.946589 0.238687 0.216792 0.030012 0.000000 0.000000 0.000000 1.000000
-0.154605 -0.251935 0.955314 0.000000 0.284836 -0.937250 -0.201075 0.000090 0.946026 0.241021 0.216664 0.030012 0.000000 0.000000 0.000000 1.000000
-0.155195 -0.252085 0.955179 0.000000 0.282639 -0.937807 -0.201578 0.000089 0.946588 0.238687 0.216792 0.030012 0.000000 0.000000 0.000000 1.000000
-0.156845 -0.252495 0.954802 -0.000000 0.276502 -0.939332 -0.202983 0.000090 0.948128 0.232167 0.217145 0.030012 0.000000 0.000000 0.000000 1.000000
-0.159371 -0.253100 0.954223 0.000000 0.267104 -0.941581 -0.205136 0.000090 0.950398 0.222184 0.217665 0.030012 0.000000 0.000000 0.000000 1.000000
-0.162592 -0.253830 0.953485 0.000000 0.255122 -0.944298 -0.207880 0.000090 0.953140 0.209455 0.218293 0.030012 0.000000 0.000000 0.000000 1.000000
-0.166324 -0.254620 0.952630 -0.000000 0.241237 -0.947237 -0.211060 0.000090 0.956107 0.194705 0.218972 0.030012 0.000000 0.000000 0.000000 1.000000
-0.170383 -0.255412 0.951701 0.000000 0.226138 -0.950181 -0.214518 0.000090 0.959078 0.178666 0.219653 0.030012 0.000000 0.000000 0.000000 1.000000
-0.174580 -0.256156 0.950740 0.000000 0.210524 -0.952950 -0.218094 0.000089 0.961874 0.162079 0.220293 0.030012 0.000000 0.000000 0.000000 1.000000
-0.178725 -0.256818 0.949791 0.000000 0.195103 -0.955415 -0.221625 0.000089 0.964361 0.145697 0.220863 0.030012 0.000000 0.000000 0.000000 1.000000
-0.182627 -0.257376 0.948897 0.000000 0.180589 -0.957489 -0.224950 0.000090 0.966455 0.130279 0.221342 0.030012 0.000000 0.000000 0.000000 1.000000
-0.186091 -0.257818 0.948104 0.000000 0.167703 -0.959134 -0.227901 0.000089 0.968115 0.116589 0.221722 0.030012 0.000000 0.000000 0.000000 1.000000</float_array>
          <technique_common>
            <accessor source="#Bip01_L_Clavicle-Matrix-animation-output-transform-array" count="21" stride="16">
              <param type="float4x4"/>
            </accessor>
          </technique_common>
        </source>
        <source id="Bip01_L_Clavicle-Interpolations">
          <Name_array id="Bip01_L_Clavicle-Interpolations-array" count="21">
 LINEAR LINEAR LINEAR LINEAR LINEAR LINEAR LINEAR LINEAR LINEAR LINEAR LINEAR
LINEAR LINEAR LINEAR LINEAR LINEAR LINEAR LINEAR LINEAR LINEAR LINEAR</Name_array>
          <technique_common>
            <accessor source="#Bip01_L_Clavicle-Interpolations-array" count="21">
              <param type="name"/>
            </accessor>
          </technique_common>
        </source>
        <sampler id="Bip01_L_Clavicle-Matrix-animation-transform">
          <input semantic="INPUT" source="#Bip01_L_Clavicle-Matrix-animation-input"/>
          <input semantic="OUTPUT" source="#Bip01_L_Clavicle-Matrix-animation-output-transform"/>
          <input semantic="INTERPOLATION" source="#Bip01_L_Clavicle-Interpolations"/>
        </sampler>
        <channel source="#Bip01_L_Clavicle-Matrix-animation-transform" target="Bip01_L_Clavicle/matrix"/>
      </animation>
    </animation>
    <animation id="Bip01_L_UpperArm-anim" name="Bip01_L_UpperArm">
      <animation>
        <source id="Bip01_L_UpperArm-Matrix-animation-input">
          <float_array id="Bip01_L_UpperArm-Matrix-animation-input-array" count="21">

0.000000 0.033333 0.066667 0.100000 0.133333 0.166667 0.200000 0.233333 0.266667 0.300000 0.333333 0.366667 0.400000 0.433333 0.466667 0.500000
0.533333 0.566667 0.600000 0.633333 0.666667</float_array>
          <technique_common>
            <accessor source="#Bip01_L_UpperArm-Matrix-animation-input-array" count="21">
              <param name="TIME" type="float"/>
            </accessor>
          </technique_common>
        </source>
        <source id="Bip01_L_UpperArm-Matrix-animation-output-transform">
          <float_array id="Bip01_L_UpperArm-Matrix-animation-output-transform-array" count="336">

0.790084 -0.075746 0.608301 0.172746 0.052203 0.997046 0.056348 -0.000000 -0.610772 -0.012764 0.791704 0.000000 0.000000 0.000000 0.000000 1.000000
0.757813 -0.147452 0.635592 0.172746 0.120082 0.989009 0.086269 -0.000000 -0.641327 0.010947 0.767190 0.000000 0.000000 0.000000 0.000000 1.000000
0.711759 -0.222454 0.666268 0.172746 0.189823 0.974151 0.122467 -0.000000 -0.676289 0.039306 0.735587 0.000000 0.000000 0.000000 0.000000 1.000000
0.653167 -0.296261 0.696852 0.172746 0.257200 0.952372 0.163818 0.000000 -0.712195 0.072230 0.698256 0.000000 0.000000 0.000000 0.000000 1.000000
0.584973 -0.364933 0.724314 0.172746 0.318966 0.924606 0.208242 0.000000 -0.745699 0.109215 0.657271 0.000000 0.000000 0.000000 0.000000 1.000000
0.511631 -0.425445 0.746479 0.172746 0.373315 0.892583 0.252847 -0.000000 -0.773867 0.149307 0.615498 -0.000000 0.000000 0.000000 0.000000 1.000000
0.438231 -0.480074 0.759923 0.172746 0.421845 0.856385 0.297744 -0.000000 -0.793725 0.190089 0.577811 0.000000 0.000000 0.000000 0.000000 1.000000
0.369676 -0.529181 0.763746 0.172746 0.463597 0.817399 0.341961 -0.000000 -0.805244 0.227655 0.547500 0.000000 0.000000 0.000000 0.000000 1.000000
0.312105 -0.568502 0.761180 0.172746 0.495760 0.780924 0.379972 0.000000 -0.810440 0.258771 0.525571 0.000000 0.000000 0.000000 0.000000 1.000000
0.272498 -0.594721 0.756341 0.172746 0.517210 0.753397 0.406063 0.000000 -0.811319 0.280535 0.512895 0.000000 0.000000 0.000000 0.000000 1.000000
0.257836 -0.604792 0.753490 0.172746 0.527230 0.741586 0.414825 0.000000 -0.809660 0.290305 0.510072 0.000000 0.000000 0.000000 0.000000 1.000000
0.272477 -0.596616 0.754855 0.172746 0.525979 0.749299 0.402365 -0.000000 -0.805669 0.287402 0.517974 -0.000000 0.000000 0.000000 0.000000 1.000000
0.312482 -0.572684 0.757884 0.172746 0.514556 0.772694 0.371720 0.000000 -0.798491 0.273817 0.536131 0.000000 0.000000 0.000000 0.000000 1.000000
0.371157 -0.535669 0.758487 0.172746 0.491797 0.806261 0.328754 0.000000 -0.787641 0.251002 0.562689 0.000000 0.000000 0.000000 0.000000 1.000000
0.441407 -0.488341 0.752784 0.172746 0.456815 0.844379 0.279899 0.000000 -0.772321 0.220334 0.595796 0.000000 0.000000 0.000000 0.000000 1.000000
0.516484 -0.434359 0.737954 0.172746 0.410440 0.881924 0.231838 0.000000 -0.751521 0.183145 0.633778 0.000000 0.000000 0.000000 0.000000 1.000000
0.590757 -0.373030 0.715440 0.172746 0.352557 0.916922 0.186968 0.000000 -0.725748 0.141781 0.673193 -0.000000 0.000000 0.000000 0.000000 1.000000
0.658813 -0.302469 0.688824 0.172746 0.283201 0.947974 0.145402 0.000000 -0.696967 0.099283 0.710197 0.000000 0.000000 0.000000 0.000000 1.000000
0.716144 -0.226310 0.660243 0.172746 0.206417 0.972330 0.109389 -0.000000 -0.666730 0.057947 0.743043 -0.000000 0.000000 0.000000 0.000000 1.000000
0.760118 -0.149087 0.632450 0.172746 0.127470 0.988623 0.079846 0.000000 -0.637159 0.019926 0.770475 0.000000 0.000000 0.000000 0.000000 1.000000
0.790084 -0.075746 0.608301 0.172746 0.052203 0.997046 0.056348 -0.000000 -0.610772 -0.012764 0.791704 0.000000 0.000000 0.000000 0.000000 1.000000</float_array>
          <technique_common>
            <accessor source="#Bip01_L_UpperArm-Matrix-animation-output-transform-array" count="21" stride="16">
              <param type="float4x4"/>
            </accessor>
          </technique_common>
        </source>
        <source id="Bip01_L_UpperArm-Interpolations">
          <Name_array id="Bip01_L_UpperArm-Interpolations-array" count="21">
 LINEAR LINEAR LINEAR LINEAR LINEAR LINEAR LINEAR LINEAR LINEAR LINEAR LINEAR
LINEAR LINEAR LINEAR LINEAR LINEAR LINEAR LINEAR LINEAR LINEAR LINEAR</Name_array>
          <technique_common>
            <accessor source="#Bip01_L_UpperArm-Interpolations-array" count="21">
              <param type="name"/>
            </accessor>
          </technique_common>
        </source>
        <sampler id="Bip01_L_UpperArm-Matrix-animation-transform">
          <input semantic="INPUT" source="#Bip01_L_UpperArm-Matrix-animation-input"/>
          <input semantic="OUTPUT" source="#Bip01_L_UpperArm-Matrix-animation-output-transform"/>
          <input semantic="INTERPOLATION" source="#Bip01_L_UpperArm-Interpolations"/>
        </sampler>
        <channel source="#Bip01_L_UpperArm-Matrix-animation-transform" target="Bip01_L_UpperArm/matrix"/>
      </animation>
    </animation>
    <animation id="Bip01_L_Forearm-anim" name="Bip01_L_Forearm">
      <animation>
        <source id="Bip01_L_Forearm-Matrix-animation-input">
          <float_array id="Bip01_L_Forearm-Matrix-animation-input-array" count="21">

0.000000 0.033333 0.066667 0.100000 0.133333 0.166667 0.200000 0.233333 0.266667 0.300000 0.333333 0.366667 0.400000 0.433333 0.466667 0.500000
0.533333 0.566667 0.600000 0.633333 0.666667</float_array>
          <technique_common>
            <accessor source="#Bip01_L_Forearm-Matrix-animation-input-array" count="21">
              <param name="TIME" type="float"/>
            </accessor>
          </technique_common>
        </source>
        <source id="Bip01_L_Forearm-Matrix-animation-output-transform">
          <float_array id="Bip01_L_Forearm-Matrix-animation-output-transform-array" count="336">

0.699131 0.714994 -0.000000 0.257246 -0.714994 0.699131 0.000000 0.000000 0.000000 -0.000000 1.000000 0.000000 0.000000 0.000000 0.000000 1.000000
0.697086 0.716988 -0.000000 0.257246 -0.716988 0.697086 0.000000 0.000000 -0.000000 0.000000 1.000000 0.000000 0.000000 0.000000 0.000000 1.000000
0.694772 0.719230 -0.000000 0.257246 -0.719230 0.694772 0.000000 -0.000000 0.000000 -0.000000 1.000000 0.000000 0.000000 0.000000 0.000000 1.000000
0.692299 0.721610 0.000000 0.257246 -0.721610 0.692300 -0.000000 -0.000000 -0.000000 0.000000 1.000000 -0.000000 0.000000 0.000000 0.000000 1.000000
0.689781 0.724018 0.000000 0.257246 -0.724018 0.689781 -0.000000 -0.000000 -0.000000 0.000000 1.000000 0.000000 0.000000 0.000000 0.000000 1.000000
0.687330 0.726345 -0.000000 0.257246 -0.726345 0.687330 0.000000 -0.000000 0.000000 -0.000000 1.000000 -0.000000 0.000000 0.000000 0.000000 1.000000
0.685062 0.728485 0.000000 0.257246 -0.728485 0.685062 -0.000000 -0.000000 -0.000000 0.000000 1.000000 -0.000000 0.000000 0.000000 0.000000 1.000000
0.683094 0.730331 0.000000 0.257246 -0.730331 0.683094 -0.000000 -0.000000 -0.000000 0.000000 1.000000 0.000000 0.000000 0.000000 0.000000 1.000000
0.681542 0.731779 0.000000 0.257246 -0.731779 0.681542 0.000000 0.000000 -0.000000 0.000000 1.000000 -0.000000 0.000000 0.000000 0.000000 1.000000
0.680526 0.732724 0.000000 0.257246 -0.732724 0.680526 -0.000000 0.000000 -0.000000 0.000000 1.000000 -0.000000 0.000000 0.000000 0.000000 1.000000
0.680161 0.733063 -0.000000 0.257246 -0.733063 0.680161 0.000000 0.000000 -0.000000 0.000000 1.000000 -0.000000 0.000000 0.000000 0.000000 1.000000
0.680526 0.732724 0.000000 0.257246 -0.732724 0.680525 -0.000000 -0.000000 0.000000 -0.000000 1.000000 -0.000000 0.000000 0.000000 0.000000 1.000000
0.681543 0.731778 0.000000 0.257246 -0.731779 0.681542 -0.000000 0.000000 -0.000000 0.000000 1.000000 -0.000000 0.000000 0.000000 0.000000 1.000000
0.683094 0.730331 -0.000000 0.257246 -0.730331 0.683094 0.000000 0.000000 0.000000 -0.000000 1.000000 0.000000 0.000000 0.000000 0.000000 1.000000
0.685062 0.728485 0.000000 0.257246 -0.728484 0.685062 -0.000000 -0.000000 -0.000000 0.000000 1.000000 0.000000 0.000000 0.000000 0.000000 1.000000
0.687330 0.726345 0.000000 0.257246 -0.726345 0.687330 -0.000000 0.000000 -0.000000 0.000000 1.000000 0.000000 0.000000 0.000000 0.000000 1.000000
