<?xml version="1.0" encoding="utf-8"?>
<COLLADA xmlns="http://www.collada.org/2005/11/COLLADASchema" version="1.4.0">
  <asset>
    <contributor>
      <author></author>
      <authoring_tool>FBX COLLADA exporter</authoring_tool>
      <comments></comments>
    </contributor>
    <created>2010-07-11T11:31:57Z</created>
    <modified>2010-07-11T11:31:57Z</modified>
    <revision></revision>
    <title></title>
    <subject></subject>
    <keywords></keywords>
    <unit meter="1.000000"/>
    <up_axis>Y_UP</up_axis>
  </asset>
  <library_animations>
    <animation id="Bip01-anim" name="Bip01">
      <animation>
        <source id="Bip01-Matrix-animation-input">
          <float_array id="Bip01-Matrix-animation-input-array" count="21">

0.000000 0.033333 0.066667 0.100000 0.133333 0.166667 0.200000 0.233333 0.266667 0.300000 0.333333 0.366667 0.400000 0.433333 0.466667 0.500000
0.533333 0.566667 0.600000 0.633333 0.666667</float_array>
          <technique_common>
            <accessor source="#Bip01-Matrix-animation-input-array" count="21">
              <param name="TIME" type="float"/>
            </accessor>
          </technique_common>
        </source>
        <source id="Bip01-Matrix-animation-output-transform">
          <float_array id="Bip01-Matrix-animation-output-transform-array" count="336">

0.000000 0.000000 -1.000000 -0.720749 -0.000000 1.000000 0.000000 0.000000 1.000000 -0.000000 0.000000 0.037619 0.000000 0.000000 0.000000 1.000000
0.000000 0.000000 -1.000000 -0.738440 -0.000000 1.000000 0.000000 0.000000 1.000000 -0.000000 0.000000 0.037619 0.000000 0.000000 0.000000 1.000000
0.000000 0.000000 -1.000000 -0.758167 -0.000000 1.000000 0.000000 0.000000 1.000000 -0.000000 0.000000 0.037619 0.000000 0.000000 0.000000 1.000000
0.000000 0.000000 -1.000000 -0.776876 -0.000000 1.000000 0.000000 0.000000 1.000000 -0.000000 0.000000 0.037619 0.000000 0.000000 0.000000 1.000000
0.000000 0.000000 -1.000000 -0.791516 -0.000000 1.000000 0.000000 0.000000 1.000000 -0.000000 0.000000 0.037619 0.000000 0.000000 0.000000 1.000000
0.000000 0.000000 -1.000000 -0.799033 -0.000000 1.000000 0.000000 0.000000 1.000000 -0.000000 0.000000 0.037619 0.000000 0.000000 0.000000 1.000000
0.000000 0.000000 -1.000000 -0.794944 -0.000000 1.000000 0.000000 0.000000 1.000000 -0.000000 0.000000 0.037619 0.000000 0.000000 0.000000 1.000000
0.000000 0.000000 -1.000000 -0.781284 -0.000000 1.000000 0.000000 0.000000 1.000000 -0.000000 0.000000 0.037619 0.000000 0.000000 0.000000 1.000000
0.000000 0.000000 -1.000000 -0.764778 -0.000000 1.000000 0.000000 0.000000 1.000000 -0.000000 0.000000 0.037619 0.000000 0.000000 0.000000 1.000000
0.000000 0.000000 -1.000000 -0.752154 -0.000000 1.000000 0.000000 0.000000 1.000000 -0.000000 0.000000 0.037619 0.000000 0.000000 0.000000 1.000000
0.000000 0.000000 -1.000000 -0.750136 -0.000000 1.000000 0.000000 0.000000 1.000000 -0.000000 0.000000 0.037619 0.000000 0.000000 0.000000 1.000000
0.000000 0.000000 -1.000000 -0.764978 -0.000000 1.000000 0.000000 0.000000 1.000000 -0.000000 0.000000 0.037619 0.000000 0.000000 0.000000 1.000000
0.000000 0.000000 -1.000000 -0.792195 -0.000000 1.000000 0.000000 0.000000 1.000000 -0.000000 0.000000 0.037619 0.000000 0.000000 0.000000 1.000000
0.000000 0.000000 -1.000000 -0.822410 -0.000000 1.000000 0.000000 0.000000 1.000000 -0.000000 0.000000 0.037619 0.000000 0.000000 0.000000 1.000000
0.000000 0.000000 -1.000000 -0.846241 -0.000000 1.000000 0.000000 0.000000 1.000000 -0.000000 0.000000 0.037619 0.000000 0.000000 0.000000 1.000000
0.000000 0.000000 -1.000000 -0.854310 -0.000000 1.000000 0.000000 0.000000 1.000000 -0.000000 0.000000 0.037619 0.000000 0.000000 0.000000 1.000000
0.000000 0.000000 -1.000000 -0.842812 -0.000000 1.000000 0.000000 0.000000 1.000000 -0.000000 0.000000 0.037619 0.000000 0.000000 0.000000 1.000000
0.000000 0.000000 -1.000000 -0.818002 -0.000000 1.000000 0.000000 0.000000 1.000000 -0.000000 0.000000 0.037619 0.000000 0.000000 0.000000 1.000000
0.000000 0.000000 -1.000000 -0.785584 -0.000000 1.000000 0.000000 0.000000 1.000000 -0.000000 0.000000 0.037619 0.000000 0.000000 0.000000 1.000000
0.000000 0.000000 -1.000000 -0.751265 -0.000000 1.000000 0.000000 0.000000 1.000000 -0.000000 0.000000 0.037619 0.000000 0.000000 0.000000 1.000000
0.000000 0.000000 -1.000000 -0.720749 -0.000000 1.000000 0.000000 0.000000 1.000000 -0.000000 0.000000 0.037619 0.000000 0.000000 0.000000 1.000000</float_array>
          <technique_common>
            <accessor source="#Bip01-Matrix-animation-output-transform-array" count="21" stride="16">
              <param type="float4x4"/>
            </accessor>
          </technique_common>
        </source>
        <source id="Bip01-Interpolations">
          <Name_array id="Bip01-Interpolations-array" count="21">
 LINEAR LINEAR LINEAR LINEAR LINEAR LINEAR LINEAR LINEAR LINEAR LINEAR LINEAR
LINEAR LINEAR LINEAR LINEAR LINEAR LINEAR LINEAR LINEAR LINEAR LINEAR</Name_array>
          <technique_common>
            <accessor source="#Bip01-Interpolations-array" count="21">
              <param type="name"/>
            </accessor>
          </technique_common>
        </source>
        <sampler id="Bip01-Matrix-animation-transform">
          <input semantic="INPUT" source="#Bip01-Matrix-animation-input"/>
          <input semantic="OUTPUT" source="#Bip01-Matrix-animation-output-transform"/>
          <input semantic="INTERPOLATION" source="#Bip01-Interpolations"/>
        </sampler>
        <channel source="#Bip01-Matrix-animation-transform" target="Bip01/matrix"/>
      </animation>
    </animation>
    <animation id="Bip01_Pelvis-anim" name="Bip01_Pelvis">
      <animation>
        <source id="Bip01_Pelvis-Matrix-animation-input">
          <float_array id="Bip01_Pelvis-Matrix-animation-input-array" count="21">

0.000000 0.033333 0.066667 0.100000 0.133333 0.166667 0.200000 0.233333 0.266667 0.300000 0.333333 0.366667 0.400000 0.433333 0.466667 0.500000
0.533333 0.566667 0.600000 0.633333 0.666667</float_array>
          <technique_common>
            <accessor source="#Bip01_Pelvis-Matrix-animation-input-array" count="21">
              <param name="TIME" type="float"/>
            </accessor>
          </technique_common>
        </source>
        <source id="Bip01_Pelvis-Matrix-animation-output-transform">
          <float_array id="Bip01_Pelvis-Matrix-animation-output-transform-array" count="336">

-0.000000 0.911811 0.410610 -0.035612 0.000000 -0.410610 0.911811 0.000000 1.000000 0.000000 0.000000 0.000000 0.000000 0.000000 0.000000 1.000000
-0.000000 0.927522 0.373767 -0.035612 0.000000 -0.373767 0.927522 0.000000 1.000000 0.000000 -0.000000 0.000000 0.000000 0.000000 0.000000 1.000000
-0.000000 0.944186 0.329413 -0.035612 0.000000 -0.329413 0.944186 0.000000 1.000000 0.000000 -0.000000 0.000000 0.000000 0.000000 0.000000 1.000000
-0.000000 0.957681 0.287831 -0.035612 0.000000 -0.287831 0.957681 0.000000 1.000000 0.000000 -0.000000 -0.000000 0.000000 0.000000 0.000000 1.000000
-0.000000 0.965640 0.259883 -0.035612 0.000000 -0.259883 0.965640 0.000000 1.000000 0.000000 -0.000000 -0.000000 0.000000 0.000000 0.000000 1.000000
-0.000000 0.966519 0.256595 -0.035612 0.000000 -0.256595 0.966519 0.000000 1.000000 0.000000 -0.000000 -0.000000 0.000000 0.000000 0.000000 1.000000
-0.000000 0.955198 0.295969 -0.035612 0.000000 -0.295969 0.955198 0.000000 1.000000 0.000000 -0.000000 -0.000000 0.000000 0.000000 0.000000 1.000000
-0.000000 0.929225 0.369514 -0.035612 0.000000 -0.369514 0.929225 0.000000 1.000000 0.000000 -0.000000 -0.000000 0.000000 0.000000 0.000000 1.000000
-0.000000 0.893611 0.448842 -0.035612 0.000000 -0.448842 0.893611 0.000000 1.000000 0.000000 0.000000 0.000000 0.000000 0.000000 0.000000 1.000000
-0.000000 0.861114 0.508412 -0.035612 0.000000 -0.508412 0.861114 0.000000 1.000000 0.000000 0.000000 0.000000 0.000000 0.000000 0.000000 1.000000
-0.000000 0.850415 0.526112 -0.035612 0.000000 -0.526112 0.850415 0.000000 1.000000 0.000000 0.000000 0.000000 0.000000 0.000000 0.000000 1.000000
-0.000000 0.875238 0.483693 -0.035612 0.000000 -0.483693 0.875238 0.000000 1.000000 0.000000 0.000000 0.000000 0.000000 0.000000 0.000000 1.000000
-0.000000 0.919260 0.393651 -0.035612 0.000000 -0.393651 0.919260 0.000000 1.000000 0.000000 -0.000000 -0.000000 0.000000 0.000000 0.000000 1.000000
-0.000000 0.959045 0.283252 -0.035612 0.000000 -0.283252 0.959045 0.000000 1.000000 0.000000 -0.000000 0.000000 0.000000 0.000000 0.000000 1.000000
-0.000000 0.982643 0.185506 -0.035612 0.000000 -0.185506 0.982643 0.000000 1.000000 0.000000 -0.000000 0.000000 0.000000 0.000000 0.000000 1.000000
-0.000000 0.990660 0.136353 -0.035612 0.000000 -0.136353 0.990660 0.000000 1.000000 0.000000 -0.000000 0.000000 0.000000 0.000000 0.000000 1.000000
-0.000000 0.988917 0.148468 -0.035612 0.000000 -0.148468 0.988917 0.000000 1.000000 0.000000 -0.000000 0.000000 0.000000 0.000000 0.000000 1.000000
-0.000000 0.979935 0.199315 -0.035612 0.000000 -0.199315 0.979935 0.000000 1.000000 0.000000 -0.000000 0.000000 0.000000 0.000000 0.000000 1.000000
-0.000000 0.962476 0.271367 -0.035612 0.000000 -0.271367 0.962476 0.000000 1.000000 0.000000 -0.000000 -0.000000 0.000000 0.000000 0.000000 1.000000
-0.000000 0.937787 0.347212 -0.035612 0.000000 -0.347212 0.937787 0.000000 1.000000 0.000000 -0.000000 0.000000 0.000000 0.000000 0.000000 1.000000
-0.000000 0.911811 0.410610 -0.035612 0.000000 -0.410610 0.911811 0.000000 1.000000 0.000000 0.000000 0.000000 0.000000 0.000000 0.000000 1.000000</float_array>
          <technique_common>
            <accessor source="#Bip01_Pelvis-Matrix-animation-output-transform-array" count="21" stride="16">
              <param type="float4x4"/>
            </accessor>
          </technique_common>
        </source>
        <source id="Bip01_Pelvis-Interpolations">
          <Name_array id="Bip01_Pelvis-Interpolations-array" count="21">
 LINEAR LINEAR LINEAR LINEAR LINEAR LINEAR LINEAR LINEAR LINEAR LINEAR LINEAR
LINEAR LINEAR LINEAR LINEAR LINEAR LINEAR LINEAR LINEAR LINEAR LINEAR</Name_array>
          <technique_common>
            <accessor source="#Bip01_Pelvis-Interpolations-array" count="21">
              <param type="name"/>
            </accessor>
          </technique_common>
        </source>
        <sampler id="Bip01_Pelvis-Matrix-animation-transform">
          <input semantic="INPUT" source="#Bip01_Pelvis-Matrix-animation-input"/>
          <input semantic="OUTPUT" source="#Bip01_Pelvis-Matrix-animation-output-transform"/>
          <input semantic="INTERPOLATION" source="#Bip01_Pelvis-Interpolations"/>
        </sampler>
        <channel source="#Bip01_Pelvis-Matrix-animation-transform" target="Bip01_Pelvis/matrix"/>
      </animation>
    </animation>
    <animation id="Bip01_Spine-anim" name="Bip01_Spine">
      <animation>
        <source id="Bip01_Spine-Matrix-animation-input">
          <float_array id="Bip01_Spine-Matrix-animation-input-array" count="21">

0.000000 0.033333 0.066667 0.100000 0.133333 0.166667 0.200000 0.233333 0.266667 0.300000 0.333333 0.366667 0.400000 0.433333 0.466667 0.500000
0.533333 0.566667 0.600000 0.633333 0.666667</float_array>
          <technique_common>
            <accessor source="#Bip01_Spine-Matrix-animation-input-array" count="21">
              <param name="TIME" type="float"/>
            </accessor>
          </technique_common>
        </source>
        <source id="Bip01_Spine-Matrix-animation-output-transform">
          <float_array id="Bip01_Spine-Matrix-animation-output-transform-array" count="336">

0.986040 0.048597 0.159257 0.098602 -0.048753 0.998807 -0.002934 -0.000177 -0.159209 -0.004872 0.987233 0.000001 0.000000 0.000000 0.000000 1.000000
0.987923 0.033258 0.151333 0.098605 -0.038563 0.998735 0.032256 -0.000177 -0.150069 -0.037702 0.987956 0.000007 0.000000 0.000000 0.000000 1.000000
0.989605 0.018342 0.142641 0.098608 -0.028249 0.997303 0.067740 -0.000177 -0.141014 -0.071065 0.987454 0.000013 0.000000 0.000000 0.000000 1.000000
0.990909 0.003073 0.134499 0.098610 -0.017053 0.994544 0.102916 -0.000176 -0.133449 -0.104274 0.985555 0.000019 0.000000 0.000000 0.000000 1.000000
0.991697 -0.013141 0.127922 0.098613 -0.004567 0.990538 0.137163 -0.000176 -0.128515 -0.136608 0.982254 0.000024 0.000000 0.000000 0.000000 1.000000
0.991859 -0.030791 0.123562 0.098616 0.009428 0.985419 0.169884 -0.000175 -0.126992 -0.167336 0.977687 0.000030 0.000000 0.000000 0.000000 1.000000
0.991304 -0.052339 0.120737 0.098620 0.027471 0.979593 0.199104 -0.000174 -0.128694 -0.194056 0.972512 0.000035 0.000000 0.000000 0.000000 1.000000
0.990092 -0.077232 0.117274 0.098625 0.049223 0.973057 0.225249 -0.000173 -0.131511 -0.217245 0.967218 0.000039 0.000000 0.000000 0.000000 1.000000
0.988457 -0.101524 0.112455 0.098629 0.070562 0.965338 0.251283 -0.000171 -0.134069 -0.240447 0.961359 0.000043 0.000000 0.000000 0.000000 1.000000
0.986745 -0.121574 0.107489 0.098633 0.087271 0.955990 0.280120 -0.000170 -0.136814 -0.267027 0.953928 0.000048 0.000000 0.000000 0.000000 1.000000
0.985355 -0.134264 0.105116 0.098635 0.095123 0.944432 0.314642 -0.000168 -0.141520 -0.300035 0.943372 0.000053 0.000000 0.000000 0.000000 1.000000
0.984214 -0.140329 0.107841 0.098636 0.091511 0.925078 0.368587 -0.000164 -0.151485 -0.352900 0.923317 0.000063 0.000000 0.000000 0.000000 1.000000
0.983157 -0.141999 0.115063 0.098636 0.077993 0.895333 0.438515 -0.000159 -0.165288 -0.422155 0.891328 0.000075 0.000000 0.000000 0.000000 1.000000
0.982442 -0.138511 0.124993 0.098635 0.057636 0.862502 0.502760 -0.000153 -0.177445 -0.486729 0.855341 0.000087 0.000000 0.000000 0.000000 1.000000
0.982306 -0.129251 0.135532 0.098634 0.035552 0.839212 0.542641 -0.000149 -0.183877 -0.528221 0.828959 0.000094 0.000000 0.000000 0.000000 1.000000
0.982910 -0.113990 0.144549 0.098631 0.017828 0.840472 0.541562 -0.000149 -0.183222 -0.529730 0.828140 0.000094 0.000000 0.000000 0.000000 1.000000
0.984272 -0.090694 0.151600 0.098627 0.005218 0.872707 0.488216 -0.000155 -0.176581 -0.479746 0.859455 0.000085 0.000000 0.000000 0.000000 1.000000
0.985820 -0.059417 0.156934 0.098621 -0.006758 0.920398 0.390923 -0.000163 -0.167669 -0.386441 0.906946 0.000069 0.000000 0.000000 0.000000 1.000000
0.986849 -0.023489 0.159932 0.098615 -0.019774 0.964414 0.263657 -0.000171 -0.160433 -0.263352 0.951266 0.000047 0.000000 0.000000 0.000000 1.000000
0.986938 0.013659 0.160519 0.098609 -0.034056 0.991570 0.125020 -0.000176 -0.157458 -0.128854 0.979083 0.000023 0.000000 0.000000 0.000000 1.000000
0.986040 0.048597 0.159257 0.098602 -0.048753 0.998807 -0.002934 -0.000177 -0.159209 -0.004872 0.987233 0.000001 0.000000 0.000000 0.000000 1.000000</float_array>
          <technique_common>
            <accessor source="#Bip01_Spine-Matrix-animation-output-transform-array" count="21" stride="16">
              <param type="float4x4"/>
            </accessor>
          </technique_common>
        </source>
        <source id="Bip01_Spine-Interpolations">
          <Name_array id="Bip01_Spine-Interpolations-array" count="21">
 LINEAR LINEAR LINEAR LINEAR LINEAR LINEAR LINEAR LINEAR LINEAR LINEAR LINEAR
LINEAR LINEAR LINEAR LINEAR LINEAR LINEAR LINEAR LINEAR LINEAR LINEAR</Name_array>
          <technique_common>
            <accessor source="#Bip01_Spine-Interpolations-array" count="21">
              <param type="name"/>
            </accessor>
          </technique_common>
        </source>
        <sampler id="Bip01_Spine-Matrix-animation-transform">
          <input semantic="INPUT" source="#Bip01_Spine-Matrix-animation-input"/>
          <input semantic="OUTPUT" source="#Bip01_Spine-Matrix-animation-output-transform"/>
          <input semantic="INTERPOLATION" source="#Bip01_Spine-Interpolations"/>
        </sampler>
        <channel source="#Bip01_Spine-Matrix-animation-transform" target="Bip01_Spine/matrix"/>
      </animation>
    </animation>
    <animation id="Bip01_Spine1-anim" name="Bip01_Spine1">
      <animation>
        <source id="Bip01_Spine1-Matrix-animation-input">
          <float_array id="Bip01_Spine1-Matrix-animation-input-array" count="21">

0.000000 0.033333 0.066667 0.100000 0.133333 0.166667 0.200000 0.233333 0.266667 0.300000 0.333333 0.366667 0.400000 0.433333 0.466667 0.500000
0.533333 0.566667 0.600000 0.633333 0.666667</float_array>
          <technique_common>
            <accessor source="#Bip01_Spine1-Matrix-animation-input-array" count="21">
              <param name="TIME" type="float"/>
            </accessor>
          </technique_common>
        </source>
        <source id="Bip01_Spine1-Matrix-animation-output-transform">
          <float_array id="Bip01_Spine1-Matrix-animation-output-transform-array" count="336">

1.000000 -0.000000 -0.000000 0.222947 0.000000 1.000000 0.000000 -0.000178 -0.000000 -0.000000 1.000000 -0.000000 0.000000 0.000000 0.000000 1.000000
0.999961 0.000284 0.008823 0.222947 0.000365 0.997291 -0.073562 -0.000177 -0.008820 0.073562 0.997252 -0.000013 0.000000 0.000000 0.000000 1.000000
0.999835 0.001290 0.018112 0.222946 0.001459 0.988535 -0.150983 -0.000175 -0.018100 0.150985 0.988370 -0.000027 0.000000 0.000000 0.000000 1.000000
0.999630 0.002960 0.027042 0.222946 0.003212 0.974267 -0.225375 -0.000173 -0.027013 0.225378 0.973897 -0.000040 0.000000 0.000000 0.000000 1.000000
0.999381 0.005003 0.034827 0.222946 0.005323 0.956946 -0.290215 -0.000170 -0.034779 0.290221 0.956327 -0.000052 0.000000 0.000000 0.000000 1.000000
0.999145 0.006949 0.040755 0.222945 0.007310 0.940548 -0.339583 -0.000167 -0.040692 0.339591 0.939693 -0.000060 0.000000 0.000000 0.000000 1.000000
0.998932 0.008723 0.045375 0.222945 0.009089 0.925732 -0.378070 -0.000164 -0.045303 0.378079 0.924664 -0.000067 0.000000 0.000000 0.000000 1.000000
0.998735 0.010381 0.049208 0.222945 0.010723 0.912013 -0.410021 -0.000162 -0.049135 0.410030 0.910748 -0.000073 0.000000 0.000000 0.000000 1.000000
0.998602 0.011500 0.051584 0.222945 0.011806 0.902828 -0.429841 -0.000160 -0.051514 0.429849 0.901430 -0.000076 0.000000 0.000000 0.000000 1.000000
0.998587 0.011643 0.051846 0.222944 0.011918 0.901765 -0.432062 -0.000160 -0.051784 0.432069 0.900353 -0.000077 0.000000 0.000000 0.000000 1.000000
0.998729 0.010464 0.049300 0.222945 0.010730 0.911634 -0.410864 -0.000162 -0.049243 0.410871 0.910363 -0.000073 0.000000 0.000000 0.000000 1.000000
0.999090 0.007441 0.041993 0.222945 0.007734 0.936724 -0.349985 -0.000166 -0.041940 0.349991 0.935814 -0.000062 0.000000 0.000000 0.000000 1.000000
0.999541 0.003661 0.030087 0.222946 0.004003 0.968032 -0.250797 -0.000172 -0.030044 0.250802 0.967572 -0.000045 0.000000 0.000000 0.000000 1.000000
0.999867 0.000912 0.016274 0.222947 0.001306 0.990743 -0.135742 -0.000176 -0.016248 0.135746 0.990610 -0.000024 0.000000 0.000000 0.000000 1.000000
0.999993 -0.000158 0.003638 0.222947 0.000269 0.999535 -0.030497 -0.000177 -0.003631 0.030498 0.999528 -0.000005 0.000000 0.000000 0.000000 1.000000
0.999989 -0.000122 -0.004646 0.222947 0.000301 0.999259 0.038496 -0.000177 0.004637 -0.038497 0.999248 0.000007 0.000000 0.000000 0.000000 1.000000
0.999971 0.000050 -0.007560 0.222947 0.000425 0.998026 0.062802 -0.000177 0.007548 -0.062803 0.997997 0.000011 0.000000 0.000000 0.000000 1.000000
0.999975 0.000063 -0.007112 0.222947 0.000357 0.998251 0.059112 -0.000177 0.007103 -0.059113 0.998226 0.000010 0.000000 0.000000 0.000000 1.000000
0.999989 -0.000005 -0.004742 0.222947 0.000192 0.999223 0.039421 -0.000177 0.004738 -0.039422 0.999211 0.000007 0.000000 0.000000 0.000000 1.000000
0.999998 -0.000032 -0.001890 0.222947 0.000062 0.999877 0.015710 -0.000178 0.001889 -0.015710 0.999875 0.000003 0.000000 0.000000 0.000000 1.000000
1.000000 -0.000000 -0.000000 0.222947 0.000000 1.000000 0.000000 -0.000178 -0.000000 -0.000000 1.000000 -0.000000 0.000000 0.000000 0.000000 1.000000</float_array>
          <technique_common>
            <accessor source="#Bip01_Spine1-Matrix-animation-output-transform-array" count="21" stride="16">
              <param type="float4x4"/>
            </accessor>
          </technique_common>
        </source>
        <source id="Bip01_Spine1-Interpolations">
          <Name_array id="Bip01_Spine1-Interpolations-array" count="21">
 LINEAR LINEAR LINEAR LINEAR LINEAR LINEAR LINEAR LINEAR LINEAR LINEAR LINEAR
LINEAR LINEAR LINEAR LINEAR LINEAR LINEAR LINEAR LINEAR LINEAR LINEAR</Name_array>
          <technique_common>
            <accessor source="#Bip01_Spine1-Interpolations-array" count="21">
              <param type="name"/>
            </accessor>
          </technique_common>
        </source>
        <sampler id="Bip01_Spine1-Matrix-animation-transform">
          <input semantic="INPUT" source="#Bip01_Spine1-Matrix-animation-input"/>
          <input semantic="OUTPUT" source="#Bip01_Spine1-Matrix-animation-output-transform"/>
          <input semantic="INTERPOLATION" source="#Bip01_Spine1-Interpolations"/>
        </sampler>
        <channel source="#Bip01_Spine1-Matrix-animation-transform" target="Bip01_Spine1/matrix"/>
      </animation>
    </animation>
    <animation id="Bip01_Neck-anim" name="Bip01_Neck">
      <animation>
        <source id="Bip01_Neck-Matrix-animation-input">
          <float_array id="Bip01_Neck-Matrix-animation-input-array" count="21">

0.000000 0.033333 0.066667 0.100000 0.133333 0.166667 0.200000 0.233333 0.266667 0.300000 0.333333 0.366667 0.400000 0.433333 0.466667 0.500000
0.533333 0.566667 0.600000 0.633333 0.666667</float_array>
          <technique_common>
            <accessor source="#Bip01_Neck-Matrix-animation-input-array" count="21">
              <param name="TIME" type="float"/>
            </accessor>
          </technique_common>
        </source>
        <source id="Bip01_Neck-Matrix-animation-output-transform">
          <float_array id="Bip01_Neck-Matrix-animation-output-transform-array" count="336">

0.965926 -0.258819 -0.000001 0.222970 0.258819 0.965926 -0.000000 -0.000087 0.000001 -0.000000 1.000000 0.000000 0.000000 0.000000 0.000000 1.000000
0.965926 -0.258819 -0.000001 0.222970 0.258819 0.965926 -0.000000 -0.000087 0.000001 -0.000000 1.000000 0.000000 0.000000 0.000000 0.000000 1.000000
0.965926 -0.258819 -0.000001 0.222970 0.258819 0.965926 -0.000000 -0.000087 0.000001 -0.000000 1.000000 -0.000000 0.000000 0.000000 0.000000 1.000000
0.965926 -0.258819 -0.000001 0.222970 0.258819 0.965926 -0.000000 -0.000087 0.000001 -0.000000 1.000000 0.000000 0.000000 0.000000 0.000000 1.000000
0.965926 -0.258819 -0.000001 0.222970 0.258819 0.965926 -0.000000 -0.000087 0.000001 -0.000000 1.000000 0.000000 0.000000 0.000000 0.000000 1.000000
0.965926 -0.258819 -0.000001 0.222970 0.258819 0.965926 -0.000000 -0.000087 0.000001 -0.000000 1.000000 -0.000000 0.000000 0.000000 0.000000 1.000000
0.965926 -0.258819 -0.000001 0.222970 0.258819 0.965926 -0.000000 -0.000087 0.000001 -0.000000 1.000000 -0.000000 0.000000 0.000000 0.000000 1.000000
0.965926 -0.258819 -0.000001 0.222970 0.258819 0.965926 -0.000000 -0.000087 0.000001 -0.000000 1.000000 0.000000 0.000000 0.000000 0.000000 1.000000
0.965926 -0.258819 -0.000001 0.222970 0.258819 0.965926 -0.000000 -0.000087 0.000001 -0.000000 1.000000 -0.000000 0.000000 0.000000 0.000000 1.000000
0.965926 -0.258819 -0.000001 0.222970 0.258819 0.965926 -0.000000 -0.000087 0.000001 -0.000000 1.000000 0.000000 0.000000 0.000000 0.000000 1.000000
0.965926 -0.258819 -0.000001 0.222970 0.258819 0.965926 -0.000000 -0.000087 0.000001 -0.000000 1.000000 -0.000000 0.000000 0.000000 0.000000 1.000000
0.965926 -0.258819 -0.000001 0.222970 0.258819 0.965926 -0.000000 -0.000087 0.000001 -0.000000 1.000000 0.000000 0.000000 0.000000 0.000000 1.000000
0.965926 -0.258819 -0.000001 0.222970 0.258819 0.965926 -0.000000 -0.000087 0.000001 -0.000000 1.000000 -0.000000 0.000000 0.000000 0.000000 1.000000
0.965926 -0.258819 -0.000001 0.222970 0.258819 0.965926 -0.000000 -0.000087 0.000001 -0.000000 1.000000 -0.000000 0.000000 0.000000 0.000000 1.000000
0.965926 -0.258819 -0.000001 0.222970 0.258819 0.965926 -0.000000 -0.000087 0.000001 -0.000000 1.000000 0.000000 0.000000 0.000000 0.000000 1.000000
0.965926 -0.258819 -0.000001 0.222970 0.258819 0.965926 -0.000000 -0.000087 0.000001 -0.000000 1.000000 -0.000000 0.000000 0.000000 0.000000 1.000000
0.965926 -0.258819 -0.000001 0.222970 0.258819 0.965926 -0.000000 -0.000087 0.000001 -0.000000 1.000000 0.000000 0.000000 0.000000 0.000000 1.000000
0.965926 -0.258819 -0.000001 0.222970 0.258819 0.965926 -0.000000 -0.000087 0.000001 -0.000000 1.000000 0.000000 0.000000 0.000000 0.000000 1.000000
0.965926 -0.258819 -0.000001 0.222970 0.258819 0.965926 -0.000000 -0.000087 0.000001 -0.000000 1.000000 0.000000 0.000000 0.000000 0.000000 1.000000
0.965926 -0.258819 -0.000001 0.222970 0.258819 0.965926 -0.000000 -0.000087 0.000001 -0.000000 1.000000 0.000000 0.000000 0.000000 0.000000 1.000000
0.965926 -0.258819 -0.000001 0.222970 0.258819 0.965926 -0.000000 -0.000087 0.000001 -0.000000 1.000000 0.000000 0.000000 0.000000 0.000000 1.000000</float_array>
          <technique_common>
            <accessor source="#Bip01_Neck-Matrix-animation-output-transform-array" count="21" stride="16">
              <param type="float4x4"/>
            </accessor>
          </technique_common>
        </source>
        <source id="Bip01_Neck-Interpolations">
          <Name_array id="Bip01_Neck-Interpolations-array" count="21">
 LINEAR LINEAR LINEAR LINEAR LINEAR LINEAR LINEAR LINEAR LINEAR LINEAR LINEAR
LINEAR LINEAR LINEAR LINEAR LINEAR LINEAR LINEAR LINEAR LINEAR LINEAR</Name_array>
          <technique_common>
            <accessor source="#Bip01_Neck-Interpolations-array" count="21">
              <param type="name"/>
            </accessor>
          </technique_common>
        </source>
        <sampler id="Bip01_Neck-Matrix-animation-transform">
          <input semantic="INPUT" source="#Bip01_Neck-Matrix-animation-input"/>
          <input semantic="OUTPUT" source="#Bip01_Neck-Matrix-animation-output-transform"/>
          <input semantic="INTERPOLATION" source="#Bip01_Neck-Interpolations"/>
        </sampler>
        <channel source="#Bip01_Neck-Matrix-animation-transform" target="Bip01_Neck/matrix"/>
      </animation>
    </animation>
    <animation id="Bip01_L_Clavicle-anim" name="Bip01_L_Clavicle">
      <animation>
        <source id="Bip01_L_Clavicle-Matrix-animation-input">
          <float_array id="Bip01_L_Clavicle-Matrix-animation-input-array" count="21">

0.000000 0.033333 0.066667 0.100000 0.133333 0.166667 0.200000 0.233333 0.266667 0.300000 0.333333 0.366667 0.400000 0.433333 0.466667 0.500000
0.533333 0.566667 0.600000 0.633333 0.666667</float_array>
          <technique_common>
            <accessor source="#Bip01_L_Clavicle-Matrix-animation-input-array" count="21">
              <param name="TIME" type="float"/>
            </accessor>
          </technique_common>
        </source>
        <source id="Bip01_L_Clavicle-Matrix-animation-output-transform">
          <float_array id="Bip01_L_Clavicle-Matrix-animation-output-transform-array" count="336">

-0.249947 -0.259588 0.932813 0.000000 0.067184 -0.965719 -0.250744 0.000089 0.965926 -0.000003 0.258818 0.030012 0.000000 0.000000 0.000000 1.000000
-0.249947 -0.259589 0.932813 -0.000000 0.067184 -0.965719 -0.250744 0.000089 0.965926 -0.000003 0.258818 0.030012 0.000000 0.000000 0.000000 1.000000
-0.249947 -0.259589 0.932813 0.000000 0.067184 -0.965719 -0.250744 0.000090 0.965926 -0.000003 0.258818 0.030012 0.000000 0.000000 0.000000 1.000000
-0.249947 -0.259588 0.932813 0.000000 0.067184 -0.965719 -0.250744 0.000089 0.965926 -0.000003 0.258818 0.030012 0.000000 0.000000 0.000000 1.000000
-0.249947 -0.259588 0.932813 0.000000 0.067184 -0.965719 -0.250744 0.000089 0.965926 -0.000003 0.258818 0.030012 0.000000 0.000000 0.000000 1.000000
-0.249947 -0.259588 0.932813 -0.000000 0.067184 -0.965719 -0.250744 0.000089 0.965926 -0.000003 0.258818 0.030012 0.000000 0.000000 0.000000 1.000000
-0.249947 -0.259588 0.932813 0.000000 0.067184 -0.965719 -0.250744 0.000090 0.965926 -0.000003 0.258818 0.030012 0.000000 0.000000 0.000000 1.000000
-0.249947 -0.259588 0.932813 -0.000000 0.067184 -0.965719 -0.250743 0.000090 0.965926 -0.000003 0.258818 0.030012 0.000000 0.000000 0.000000 1.000000
-0.249947 -0.259588 0.932813 -0.000000 0.067184 -0.965719 -0.250744 0.000090 0.965926 -0.000003 0.258818 0.030012 0.000000 0.000000 0.000000 1.000000
-0.249947 -0.259588 0.932813 0.000000 0.067184 -0.965719 -0.250744 0.000089 0.965926 -0.000003 0.258818 0.030012 0.000000 0.000000 0.000000 1.000000
-0.249947 -0.259588 0.932813 0.000000 0.067184 -0.965719 -0.250743 0.000089 0.965926 -0.000003 0.258818 0.030012 0.000000 0.000000 0.000000 1.000000
-0.249947 -0.259588 0.932813 0.000000 0.067184 -0.965719 -0.250744 0.000089 0.965926 -0.000003 0.258818 0.030012 0.000000 0.000000 0.000000 1.000000
-0.249946 -0.259589 0.932813 0.000000 0.067184 -0.965719 -0.250744 0.000089 0.965926 -0.000003 0.258818 0.030012 0.000000 0.000000 0.000000 1.000000
-0.249947 -0.259588 0.932813 0.000000 0.067184 -0.965719 -0.250744 0.000089 0.965926 -0.000003 0.258818 0.030012 0.000000 0.000000 0.000000 1.000000
-0.249947 -0.259588 0.932813 0.000000 0.067184 -0.965719 -0.250743 0.000089 0.965926 -0.000003 0.258818 0.030012 0.000000 0.000000 0.000000 1.000000
-0.249947 -0.259588 0.932813 0.000000 0.067184 -0.965719 -0.250743 0.000089 0.965926 -0.000003 0.258818 0.030012 0.000000 0.000000 0.000000 1.000000
-0.249947 -0.259588 0.932813 -0.000000 0.067184 -0.965719 -0.250744 0.000089 0.965926 -0.000003 0.258818 0.030012 0.000000 0.000000 0.000000 1.000000
-0.249947 -0.259588 0.932813 0.000000 0.067184 -0.965719 -0.250744 0.000089 0.965926 -0.000003 0.258818 0.030012 0.000000 0.000000 0.000000 1.000000
-0.249947 -0.259588 0.932813 -0.000000 0.067184 -0.965719 -0.250743 0.000090 0.965926 -0.000003 0.258818 0.030012 0.000000 0.000000 0.000000 1.000000
-0.249947 -0.259588 0.932813 0.000000 0.067184 -0.965719 -0.250743 0.000089 0.965926 -0.000003 0.258818 0.030012 0.000000 0.000000 0.000000 1.000000
-0.249947 -0.259588 0.932813 0.000000 0.067184 -0.965719 -0.250744 0.000089 0.965926 -0.000003 0.258818 0.030012 0.000000 0.000000 0.000000 1.000000</float_array>
          <technique_common>
            <accessor source="#Bip01_L_Clavicle-Matrix-animation-output-transform-array" count="21" stride="16">
              <param type="float4x4"/>
            </accessor>
          </technique_common>
        </source>
        <source id="Bip01_L_Clavicle-Interpolations">
          <Name_array id="Bip01_L_Clavicle-Interpolations-array" count="21">
 LINEAR LINEAR LINEAR LINEAR LINEAR LINEAR LINEAR LINEAR LINEAR LINEAR LINEAR
LINEAR LINEAR LINEAR LINEAR LINEAR LINEAR LINEAR LINEAR LINEAR LINEAR</Name_array>
          <technique_common>
            <accessor source="#Bip01_L_Clavicle-Interpolations-array" count="21">
              <param type="name"/>
            </accessor>
          </technique_common>
        </source>
        <sampler id="Bip01_L_Clavicle-Matrix-animation-transform">
          <input semantic="INPUT" source="#Bip01_L_Clavicle-Matrix-animation-input"/>
          <input semantic="OUTPUT" source="#Bip01_L_Clavicle-Matrix-animation-output-transform"/>
          <input semantic="INTERPOLATION" source="#Bip01_L_Clavicle-Interpolations"/>
        </sampler>
        <channel source="#Bip01_L_Clavicle-Matrix-animation-transform" target="Bip01_L_Clavicle/matrix"/>
      </animation>
    </animation>
    <animation id="Bip01_L_UpperArm-anim" name="Bip01_L_UpperArm">
      <animation>
        <source id="Bip01_L_UpperArm-Matrix-animation-input">
          <float_array id="Bip01_L_UpperArm-Matrix-animation-input-array" count="21">

0.000000 0.033333 0.066667 0.100000 0.133333 0.166667 0.200000 0.233333 0.266667 0.300000 0.333333 0.366667 0.400000 0.433333 0.466667 0.500000
0.533333 0.566667 0.600000 0.633333 0.666667</float_array>
          <technique_common>
            <accessor source="#Bip01_L_UpperArm-Matrix-animation-input-array" count="21">
              <param name="TIME" type="float"/>
            </accessor>
          </technique_common>
        </source>
        <source id="Bip01_L_UpperArm-Matrix-animation-output-transform">
          <float_array id="Bip01_L_UpperArm-Matrix-animation-output-transform-array" count="336">

0.682130 0.279424 0.675738 0.172746 -0.142833 0.957224 -0.251637 -0.000000 -0.717145 0.075131 0.692862 0.000000 0.000000 0.000000 0.000000 1.000000
0.638890 0.393562 0.661006 0.172746 -0.237602 0.918172 -0.317026 0.000000 -0.731687 0.045488 0.680122 0.000000 0.000000 0.000000 0.000000 1.000000
0.573764 0.515168 0.636707 0.172746 -0.335198 0.857017 -0.391362 0.000000 -0.747286 0.011127 0.664409 0.000000 0.000000 0.000000 0.000000 1.000000
0.492069 0.623693 0.607351 0.172746 -0.421854 0.781105 -0.460341 0.000000 -0.761517 -0.029694 0.647465 -0.000000 0.000000 0.000000 0.000000 1.000000
0.406526 0.704018 0.582319 0.172746 -0.489610 0.705987 -0.511726 0.000000 -0.771374 -0.077080 0.631697 -0.000000 0.000000 0.000000 0.000000 1.000000
0.334348 0.747452 0.574044 0.172746 -0.537591 0.651543 -0.535245 -0.000000 -0.774085 -0.129643 0.619666 0.000000 0.000000 0.000000 0.000000 1.000000
0.290426 0.751240 0.592699 0.172746 -0.570614 0.633184 -0.522951 -0.000000 -0.768149 -0.186324 0.612561 0.000000 0.000000 0.000000 0.000000 1.000000
0.276092 0.724507 0.631556 0.172746 -0.594493 0.645048 -0.480095 0.000000 -0.755216 -0.242906 0.608807 0.000000 0.000000 0.000000 0.000000 1.000000
0.286952 0.677803 0.676936 0.172746 -0.610124 0.674102 -0.416335 -0.000000 -0.738517 -0.293546 0.606979 -0.000000 0.000000 0.000000 0.000000 1.000000
0.315705 0.621730 0.716785 0.172746 -0.616116 0.708827 -0.343461 -0.000000 -0.721617 -0.333191 0.606839 0.000000 0.000000 0.000000 0.000000 1.000000
0.353157 0.568395 0.743107 0.172746 -0.611819 0.741215 -0.276184 0.000000 -0.707784 -0.357111 0.609520 0.000000 0.000000 0.000000 0.000000 1.000000
0.404415 0.510974 0.758521 0.172746 -0.594133 0.777312 -0.206863 0.000000 -0.695309 -0.367004 0.617943 0.000000 0.000000 0.000000 0.000000 1.000000
0.471028 0.438506 0.765406 0.172746 -0.558250 0.820012 -0.126245 0.000000 -0.683001 -0.367823 0.631044 0.000000 0.000000 0.000000 0.000000 1.000000
0.538581 0.359386 0.762085 0.172746 -0.505267 0.861559 -0.049214 -0.000000 -0.674267 -0.358551 0.645605 0.000000 0.000000 0.000000 0.000000 1.000000
0.595043 0.284523 0.751645 0.172746 -0.440803 0.897557 0.009209 -0.000000 -0.672024 -0.336807 0.659504 0.000000 0.000000 0.000000 0.000000 1.000000
0.632642 0.227475 0.740283 0.172746 -0.374098 0.926731 0.034935 -0.000000 -0.678096 -0.299040 0.671387 0.000000 0.000000 0.000000 0.000000 1.000000
0.650888 0.201434 0.731963 0.172746 -0.313754 0.949339 0.017746 -0.000000 -0.691306 -0.241206 0.681114 0.000000 0.000000 0.000000 0.000000 1.000000
0.658776 0.203948 0.724168 0.172746 -0.261138 0.964698 -0.034132 -0.000000 -0.705564 -0.166622 0.688779 -0.000000 0.000000 0.000000 0.000000 1.000000
0.664127 0.225456 0.712814 0.172746 -0.215609 0.970694 -0.106138 0.000000 -0.715854 -0.083200 0.693275 0.000000 0.000000 0.000000 0.000000 1.000000
0.671441 0.254619 0.695943 0.172746 -0.176566 0.967041 -0.183454 -0.000000 -0.719716 0.000299 0.694269 -0.000000 0.000000 0.000000 0.000000 1.000000
0.682130 0.279424 0.675738 0.172746 -0.142833 0.957224 -0.251637 -0.000000 -0.717145 0.075131 0.692862 0.000000 0.000000 0.000000 0.000000 1.000000</float_array>
          <technique_common>
            <accessor source="#Bip01_L_UpperArm-Matrix-animation-output-transform-array" count="21" stride="16">
              <param type="float4x4"/>
            </accessor>
          </technique_common>
        </source>
        <source id="Bip01_L_UpperArm-Interpolations">
          <Name_array id="Bip01_L_UpperArm-Interpolations-array" count="21">
 LINEAR LINEAR LINEAR LINEAR LINEAR LINEAR LINEAR LINEAR LINEAR LINEAR LINEAR
LINEAR LINEAR LINEAR LINEAR LINEAR LINEAR LINEAR LINEAR LINEAR LINEAR</Name_array>
          <technique_common>
            <accessor source="#Bip01_L_UpperArm-Interpolations-array" count="21">
              <param type="name"/>
            </accessor>
          </technique_common>
        </source>
        <sampler id="Bip01_L_UpperArm-Matrix-animation-transform">
          <input semantic="INPUT" source="#Bip01_L_UpperArm-Matrix-animation-input"/>
          <input semantic="OUTPUT" source="#Bip01_L_UpperArm-Matrix-animation-output-transform"/>
          <input semantic="INTERPOLATION" source="#Bip01_L_UpperArm-Interpolations"/>
        </sampler>
        <channel source="#Bip01_L_UpperArm-Matrix-animation-transform" target="Bip01_L_UpperArm/matrix"/>
      </animation>
    </animation>
    <animation id="Bip01_L_Forearm-anim" name="Bip01_L_Forearm">
      <animation>
        <source id="Bip01_L_Forearm-Matrix-animation-input">
          <float_array id="Bip01_L_Forearm-Matrix-animation-input-array" count="21">

0.000000 0.033333 0.066667 0.100000 0.133333 0.166667 0.200000 0.233333 0.266667 0.300000 0.333333 0.366667 0.400000 0.433333 0.466667 0.500000
0.533333 0.566667 0.600000 0.633333 0.666667</float_array>
          <technique_common>
            <accessor source="#Bip01_L_Forearm-Matrix-animation-input-array" count="21">
              <param name="TIME" type="float"/>
            </accessor>
          </technique_common>
        </source>
        <source id="Bip01_L_Forearm-Matrix-animation-output-transform">
          <float_array id="Bip01_L_Forearm-Matrix-animation-output-transform-array" count="336">

0.383567 0.923513 0.000000 0.257246 -0.923513 0.383567 0.000000 -0.000000 0.000000 -0.000000 1.000000 0.000000 0.000000 0.000000 0.000000 1.000000
0.422598 0.906317 -0.000000 0.257246 -0.906317 0.422598 -0.000000 0.000000 0.000000 -0.000000 1.000000 0.000000 0.000000 0.000000 0.000000 1.000000
0.465716 0.884934 0.000000 0.257246 -0.884934 0.465716 -0.000000 0.000000 0.000000 -0.000000 1.000000 -0.000000 0.000000 0.000000 0.000000 1.000000
0.510450 0.859908 -0.000000 0.257246 -0.859908 0.510450 -0.000000 0.000000 -0.000000 0.000000 1.000000 0.000000 0.000000 0.000000 0.000000 1.000000
0.554494 0.832188 0.000000 0.257246 -0.832188 0.554494 0.000000 -0.000000 0.000000 -0.000000 1.000000 0.000000 0.000000 0.000000 0.000000 1.000000
0.595779 0.803148 -0.000000 0.257246 -0.803148 0.595779 0.000000 0.000000 -0.000000 0.000000 1.000000 0.000000 0.000000 0.000000 0.000000 1.000000
0.632521 0.774543 0.000000 0.257246 -0.774543 0.632521 -0.000000 0.000000 0.000000 -0.000000 1.000000 0.000000 0.000000 0.000000 0.000000 1.000000
0.663218 0.748426 -0.000000 0.257246 -0.748426 0.663218 -0.000000 0.000000 -0.000000 0.000000 1.000000 -0.000000 0.000000 0.000000 0.000000 1.000000
0.686604 0.727031 -0.000000 0.257246 -0.727031 0.686604 -0.000000 0.000000 -0.000000 0.000000 1.000000 0.000000 0.000000 0.000000 0.000000 1.000000
0.701535 0.712636 -0.000000 0.257246 -0.712636 0.701535 -0.000000 0.000000 -0.000000 0.000000 1.000000 0.000000 0.000000 0.000000 0.000000 1.000000
0.706814 0.707400 -0.000000 0.257246 -0.707400 0.706814 -0.000000 0.000000 -0.000000 0.000000 1.000000 -0.000000 0.000000 0.000000 0.000000 1.000000
0.701534 0.712636 -0.000000 0.257246 -0.712636 0.701534 -0.000000 -0.000000 0.000000 -0.000000 1.000000 -0.000000 0.000000 0.000000 0.000000 1.000000
0.686605 0.727031 0.000000 0.257246 -0.727031 0.686605 0.000000 -0.000000 0.000000 -0.000000 1.000000 0.000000 0.000000 0.000000 0.000000 1.000000
0.663218 0.748426 -0.000000 0.257246 -0.748426 0.663218 -0.000000 -0.000000 0.000000 -0.000000 1.000000 0.000000 0.000000 0.000000 0.000000 1.000000
0.632521 0.774543 -0.000000 0.257246 -0.774543 0.632521 -0.000000 0.000000 0.000000 -0.000000 1.000000 0.000000 0.000000 0.000000 0.000000 1.000000
0.595779 0.803148 -0.000000 0.257246 -0.803148 0.595779 -0.000000 0.000000 -0.000000 0.000000 1.000000 -0.000000 0.000000 0.000000 0.000000 1.000000
