<?xml version="1.0" encoding="utf-8"?>
<COLLADA xmlns="http://www.collada.org/2005/11/COLLADASchema" version="1.4.0">
  <asset>
    <contributor>
      <author></author>
      <authoring_tool>FBX COLLADA exporter</authoring_tool>
      <comments></comments>
    </contributor>
    <created>2010-07-11T11:34:42Z</created>
    <modified>2010-07-11T11:34:42Z</modified>
    <revision></revision>
    <title></title>
    <subject></subject>
    <keywords></keywords>
    <unit meter="1.000000"/>
    <up_axis>Y_UP</up_axis>
  </asset>
  <library_animations>
    <animation id="Bip01-anim" name="Bip01">
      <animation>
        <source id="Bip01-Matrix-animation-input">
          <float_array id="Bip01-Matrix-animation-input-array" count="25">

0.000000 0.033333 0.066667 0.100000 0.133333 0.166667 0.200000 0.233333 0.266667 0.300000 0.333333 0.366667 0.400000 0.433333 0.466667 0.500000
0.533333 0.566667 0.600000 0.633333 0.666667 0.700000 0.733333 0.766667 0.800000</float_array>
          <technique_common>
            <accessor source="#Bip01-Matrix-animation-input-array" count="25">
              <param name="TIME" type="float"/>
            </accessor>
          </technique_common>
        </source>
        <source id="Bip01-Matrix-animation-output-transform">
          <float_array id="Bip01-Matrix-animation-output-transform-array" count="400">

0.000000 0.000000 -1.000000 -0.900260 -0.000000 1.000000 0.000000 0.000000 1.000000 -0.000000 0.000000 0.037619 0.000000 0.000000 0.000000 1.000000
0.000000 0.000000 -1.000000 -0.900260 -0.000000 1.000000 0.000000 0.000000 1.000000 -0.000000 0.000000 0.037619 0.000000 0.000000 0.000000 1.000000
0.000000 0.000000 -1.000000 -0.900260 -0.000000 1.000000 0.000000 0.000000 1.000000 -0.000000 0.000000 0.037619 0.000000 0.000000 0.000000 1.000000
0.000000 0.000000 -1.000000 -0.900260 -0.000000 1.000000 0.000000 0.000000 1.000000 -0.000000 0.000000 0.037619 0.000000 0.000000 0.000000 1.000000
0.000000 0.000000 -1.000000 -0.900260 -0.000000 1.000000 0.000000 0.000000 1.000000 -0.000000 0.000000 0.037619 0.000000 0.000000 0.000000 1.000000
0.000000 0.000000 -1.000000 -0.900260 -0.000000 1.000000 0.000000 0.000000 1.000000 -0.000000 0.000000 0.037619 0.000000 0.000000 0.000000 1.000000
0.000000 0.000000 -1.000000 -0.900260 -0.000000 1.000000 0.000000 0.000000 1.000000 -0.000000 0.000000 0.037619 0.000000 0.000000 0.000000 1.000000
0.000000 0.000000 -1.000000 -0.900260 -0.000000 1.000000 0.000000 0.000000 1.000000 -0.000000 0.000000 0.037619 0.000000 0.000000 0.000000 1.000000
0.000000 0.000000 -1.000000 -0.900260 -0.000000 1.000000 0.000000 0.000000 1.000000 -0.000000 0.000000 0.037619 0.000000 0.000000 0.000000 1.000000
0.000000 0.000000 -1.000000 -0.900260 -0.000000 1.000000 0.000000 0.000000 1.000000 -0.000000 0.000000 0.037619 0.000000 0.000000 0.000000 1.000000
0.000000 0.000000 -1.000000 -0.900260 -0.000000 1.000000 0.000000 0.000000 1.000000 -0.000000 0.000000 0.037619 0.000000 0.000000 0.000000 1.000000
0.000000 0.000000 -1.000000 -0.900260 -0.000000 1.000000 0.000000 0.000000 1.000000 -0.000000 0.000000 0.037619 0.000000 0.000000 0.000000 1.000000
0.000000 0.000000 -1.000000 -0.900260 -0.000000 1.000000 0.000000 0.000000 1.000000 -0.000000 0.000000 0.037619 0.000000 0.000000 0.000000 1.000000
0.000000 0.000000 -1.000000 -0.900260 -0.000000 1.000000 0.000000 0.000000 1.000000 -0.000000 0.000000 0.037619 0.000000 0.000000 0.000000 1.000000
0.000000 0.000000 -1.000000 -0.900260 -0.000000 1.000000 0.000000 0.000000 1.000000 -0.000000 0.000000 0.037619 0.000000 0.000000 0.000000 1.000000
0.000000 0.000000 -1.000000 -0.900260 -0.000000 1.000000 0.000000 0.000000 1.000000 -0.000000 0.000000 0.037619 0.000000 0.000000 0.000000 1.000000
0.000000 0.000000 -1.000000 -0.900260 -0.000000 1.000000 0.000000 0.000000 1.000000 -0.000000 0.000000 0.037619 0.000000 0.000000 0.000000 1.000000
0.000000 0.000000 -1.000000 -0.900260 -0.000000 1.000000 0.000000 0.000000 1.000000 -0.000000 0.000000 0.037619 0.000000 0.000000 0.000000 1.000000
0.000000 0.000000 -1.000000 -0.900260 -0.000000 1.000000 0.000000 0.000000 1.000000 -0.000000 0.000000 0.037619 0.000000 0.000000 0.000000 1.000000
0.000000 0.000000 -1.000000 -0.900260 -0.000000 1.000000 0.000000 0.000000 1.000000 -0.000000 0.000000 0.037619 0.000000 0.000000 0.000000 1.000000
0.000000 0.000000 -1.000000 -0.900260 -0.000000 1.000000 0.000000 0.000000 1.000000 -0.000000 0.000000 0.037619 0.000000 0.000000 0.000000 1.000000
0.000000 0.000000 -1.000000 -0.900260 -0.000000 1.000000 0.000000 0.000000 1.000000 -0.000000 0.000000 0.037619 0.000000 0.000000 0.000000 1.000000
0.000000 0.000000 -1.000000 -0.900260 -0.000000 1.000000 0.000000 0.000000 1.000000 -0.000000 0.000000 0.037619 0.000000 0.000000 0.000000 1.000000
0.000000 0.000000 -1.000000 -0.900260 -0.000000 1.000000 0.000000 0.000000 1.000000 -0.000000 0.000000 0.037619 0.000000 0.000000 0.000000 1.000000
0.000000 0.000000 -1.000000 -0.900260 -0.000000 1.000000 0.000000 0.000000 1.000000 -0.000000 0.000000 0.037619 0.000000 0.000000 0.000000 1.000000</float_array>
          <technique_common>
            <accessor source="#Bip01-Matrix-animation-output-transform-array" count="25" stride="16">
              <param type="float4x4"/>
            </accessor>
          </technique_common>
        </source>
        <source id="Bip01-Interpolations">
          <Name_array id="Bip01-Interpolations-array" count="25">
 LINEAR LINEAR LINEAR LINEAR LINEAR LINEAR LINEAR LINEAR LINEAR LINEAR LINEAR
LINEAR LINEAR LINEAR LINEAR LINEAR LINEAR LINEAR LINEAR LINEAR LINEAR LINEAR LINEAR
LINEAR LINEAR</Name_array>
          <technique_common>
            <accessor source="#Bip01-Interpolations-array" count="25">
              <param type="name"/>
            </accessor>
          </technique_common>
        </source>
        <sampler id="Bip01-Matrix-animation-transform">
          <input semantic="INPUT" source="#Bip01-Matrix-animation-input"/>
          <input semantic="OUTPUT" source="#Bip01-Matrix-animation-output-transform"/>
          <input semantic="INTERPOLATION" source="#Bip01-Interpolations"/>
        </sampler>
        <channel source="#Bip01-Matrix-animation-transform" target="Bip01/matrix"/>
      </animation>
    </animation>
    <animation id="Bip01_Pelvis-anim" name="Bip01_Pelvis">
      <animation>
        <source id="Bip01_Pelvis-Matrix-animation-input">
          <float_array id="Bip01_Pelvis-Matrix-animation-input-array" count="25">

0.000000 0.033333 0.066667 0.100000 0.133333 0.166667 0.200000 0.233333 0.266667 0.300000 0.333333 0.366667 0.400000 0.433333 0.466667 0.500000
0.533333 0.566667 0.600000 0.633333 0.666667 0.700000 0.733333 0.766667 0.800000</float_array>
          <technique_common>
            <accessor source="#Bip01_Pelvis-Matrix-animation-input-array" count="25">
              <param name="TIME" type="float"/>
            </accessor>
          </technique_common>
        </source>
        <source id="Bip01_Pelvis-Matrix-animation-output-transform">
          <float_array id="Bip01_Pelvis-Matrix-animation-output-transform-array" count="400">

-0.005867 0.998490 0.054624 -0.035612 -0.106616 -0.054938 0.992781 0.000000 0.994283 0.000001 0.106777 0.000000 0.000000 0.000000 0.000000 1.000000
-0.005867 0.998490 0.054624 -0.035612 -0.106616 -0.054938 0.992781 0.000000 0.994283 0.000001 0.106777 0.000000 0.000000 0.000000 0.000000 1.000000
-0.005867 0.998490 0.054624 -0.035612 -0.106616 -0.054938 0.992781 0.000000 0.994283 0.000001 0.106777 0.000000 0.000000 0.000000 0.000000 1.000000
-0.005867 0.998490 0.054624 -0.035612 -0.106616 -0.054938 0.992781 0.000000 0.994283 0.000001 0.106777 0.000000 0.000000 0.000000 0.000000 1.000000
-0.005867 0.998490 0.054624 -0.035612 -0.106616 -0.054938 0.992781 0.000000 0.994283 0.000001 0.106777 0.000000 0.000000 0.000000 0.000000 1.000000
-0.005867 0.998490 0.054624 -0.035612 -0.106616 -0.054938 0.992781 0.000000 0.994283 0.000001 0.106777 0.000000 0.000000 0.000000 0.000000 1.000000
-0.005867 0.998490 0.054624 -0.035612 -0.106616 -0.054938 0.992781 0.000000 0.994283 0.000001 0.106777 0.000000 0.000000 0.000000 0.000000 1.000000
-0.005867 0.998490 0.054624 -0.035612 -0.106616 -0.054938 0.992781 0.000000 0.994283 0.000001 0.106777 0.000000 0.000000 0.000000 0.000000 1.000000
-0.005867 0.998490 0.054624 -0.035612 -0.106616 -0.054938 0.992781 0.000000 0.994283 0.000001 0.106777 0.000000 0.000000 0.000000 0.000000 1.000000
-0.005867 0.998490 0.054624 -0.035612 -0.106616 -0.054938 0.992781 0.000000 0.994283 0.000001 0.106777 0.000000 0.000000 0.000000 0.000000 1.000000
-0.005867 0.998490 0.054624 -0.035612 -0.106616 -0.054938 0.992781 0.000000 0.994283 0.000001 0.106777 0.000000 0.000000 0.000000 0.000000 1.000000
-0.005867 0.998490 0.054624 -0.035612 -0.106616 -0.054938 0.992781 0.000000 0.994283 0.000001 0.106777 0.000000 0.000000 0.000000 0.000000 1.000000
-0.005867 0.998490 0.054624 -0.035612 -0.106616 -0.054938 0.992781 0.000000 0.994283 0.000001 0.106777 0.000000 0.000000 0.000000 0.000000 1.000000
-0.005867 0.998490 0.054624 -0.035612 -0.106616 -0.054938 0.992781 0.000000 0.994283 0.000001 0.106777 0.000000 0.000000 0.000000 0.000000 1.000000
-0.005867 0.998490 0.054624 -0.035612 -0.106616 -0.054938 0.992781 0.000000 0.994283 0.000001 0.106777 0.000000 0.000000 0.000000 0.000000 1.000000
-0.005867 0.998490 0.054624 -0.035612 -0.106616 -0.054938 0.992781 0.000000 0.994283 0.000001 0.106777 0.000000 0.000000 0.000000 0.000000 1.000000
-0.005867 0.998490 0.054624 -0.035612 -0.106616 -0.054938 0.992781 0.000000 0.994283 0.000001 0.106777 0.000000 0.000000 0.000000 0.000000 1.000000
-0.005867 0.998490 0.054624 -0.035612 -0.106616 -0.054938 0.992781 0.000000 0.994283 0.000001 0.106777 0.000000 0.000000 0.000000 0.000000 1.000000
-0.005867 0.998490 0.054624 -0.035612 -0.106616 -0.054938 0.992781 0.000000 0.994283 0.000001 0.106777 0.000000 0.000000 0.000000 0.000000 1.000000
-0.005867 0.998490 0.054624 -0.035612 -0.106616 -0.054938 0.992781 0.000000 0.994283 0.000001 0.106777 0.000000 0.000000 0.000000 0.000000 1.000000
-0.005867 0.998490 0.054624 -0.035612 -0.106616 -0.054938 0.992781 0.000000 0.994283 0.000001 0.106777 0.000000 0.000000 0.000000 0.000000 1.000000
-0.005867 0.998490 0.054624 -0.035612 -0.106616 -0.054938 0.992781 0.000000 0.994283 0.000001 0.106777 0.000000 0.000000 0.000000 0.000000 1.000000
-0.005867 0.998490 0.054624 -0.035612 -0.106616 -0.054938 0.992781 0.000000 0.994283 0.000001 0.106777 0.000000 0.000000 0.000000 0.000000 1.000000
-0.005867 0.998490 0.054624 -0.035612 -0.106616 -0.054938 0.992781 0.000000 0.994283 0.000001 0.106777 0.000000 0.000000 0.000000 0.000000 1.000000
-0.005867 0.998490 0.054624 -0.035612 -0.106616 -0.054938 0.992781 0.000000 0.994283 0.000001 0.106777 0.000000 0.000000 0.000000 0.000000 1.000000</float_array>
          <technique_common>
            <accessor source="#Bip01_Pelvis-Matrix-animation-output-transform-array" count="25" stride="16">
              <param type="float4x4"/>
            </accessor>
          </technique_common>
        </source>
        <source id="Bip01_Pelvis-Interpolations">
          <Name_array id="Bip01_Pelvis-Interpolations-array" count="25">
 LINEAR LINEAR LINEAR LINEAR LINEAR LINEAR LINEAR LINEAR LINEAR LINEAR LINEAR
LINEAR LINEAR LINEAR LINEAR LINEAR LINEAR LINEAR LINEAR LINEAR LINEAR LINEAR LINEAR
LINEAR LINEAR</Name_array>
          <technique_common>
            <accessor source="#Bip01_Pelvis-Interpolations-array" count="25">
              <param type="name"/>
            </accessor>
          </technique_common>
        </source>
        <sampler id="Bip01_Pelvis-Matrix-animation-transform">
          <input semantic="INPUT" source="#Bip01_Pelvis-Matrix-animation-input"/>
          <input semantic="OUTPUT" source="#Bip01_Pelvis-Matrix-animation-output-transform"/>
          <input semantic="INTERPOLATION" source="#Bip01_Pelvis-Interpolations"/>
        </sampler>
        <channel source="#Bip01_Pelvis-Matrix-animation-transform" target="Bip01_Pelvis/matrix"/>
      </animation>
    </animation>
    <animation id="Bip01_Spine-anim" name="Bip01_Spine">
      <animation>
        <source id="Bip01_Spine-Matrix-animation-input">
          <float_array id="Bip01_Spine-Matrix-animation-input-array" count="25">

0.000000 0.033333 0.066667 0.100000 0.133333 0.166667 0.200000 0.233333 0.266667 0.300000 0.333333 0.366667 0.400000 0.433333 0.466667 0.500000
0.533333 0.566667 0.600000 0.633333 0.666667 0.700000 0.733333 0.766667 0.800000</float_array>
          <technique_common>
            <accessor source="#Bip01_Spine-Matrix-animation-input-array" count="25">
              <param name="TIME" type="float"/>
            </accessor>
          </technique_common>
        </source>
        <source id="Bip01_Spine-Matrix-animation-output-transform">
          <float_array id="Bip01_Spine-Matrix-animation-output-transform-array" count="400">

0.987021 0.120000 -0.106725 0.098026 -0.119920 0.992758 0.007188 -0.000176 0.106814 0.005703 0.994263 0.010528 0.000000 0.000000 0.000000 1.000000
0.987326 0.117460 -0.106732 0.098026 -0.119903 0.992645 -0.016743 -0.000176 0.103980 0.029329 0.994147 0.010524 0.000000 0.000000 0.000000 1.000000
0.987653 0.114730 -0.106671 0.098027 -0.119809 0.991888 -0.042472 -0.000176 0.100933 0.054727 0.993387 0.010520 0.000000 0.000000 0.000000 1.000000
0.987990 0.111925 -0.106534 0.098027 -0.119629 0.990426 -0.068893 -0.000176 0.097803 0.080811 0.991920 0.010515 0.000000 0.000000 0.000000 1.000000
0.988321 0.109163 -0.106327 0.098028 -0.119371 0.988303 -0.094907 -0.000175 0.094723 0.106491 0.989792 0.010510 0.000000 0.000000 0.000000 1.000000
0.988633 0.106560 -0.106064 0.098028 -0.119053 0.985680 -0.119420 -0.000175 0.091820 0.130690 0.987162 0.010506 0.000000 0.000000 0.000000 1.000000
0.988913 0.104230 -0.105773 0.098029 -0.118706 0.982816 -0.141356 -0.000174 0.089222 0.152344 0.984292 0.010502 0.000000 0.000000 0.000000 1.000000
0.989146 0.102286 -0.105490 0.098029 -0.118373 0.980050 -0.159654 -0.000174 0.087055 0.170408 0.981521 0.010499 0.000000 0.000000 0.000000 1.000000
0.989319 0.100841 -0.105255 0.098029 -0.118098 0.977768 -0.173270 -0.000173 0.085442 0.183850 0.979234 0.010497 0.000000 0.000000 0.000000 1.000000
0.989429 0.099931 -0.105096 0.098030 -0.117913 0.976231 -0.181849 -0.000173 0.084426 0.192319 0.977694 0.010495 0.000000 0.000000 0.000000 1.000000
0.989482 0.099485 -0.105016 0.098030 -0.117821 0.975449 -0.186060 -0.000173 0.083927 0.196476 0.976910 0.010495 0.000000 0.000000 0.000000 1.000000
0.989486 0.099452 -0.105009 0.098030 -0.117816 0.975385 -0.186396 -0.000173 0.083887 0.196808 0.976847 0.010494 0.000000 0.000000 0.000000 1.000000
0.989447 0.099779 -0.105068 0.098030 -0.117888 0.975955 -0.183342 -0.000173 0.084248 0.193793 0.977418 0.010495 0.000000 0.000000 0.000000 1.000000
0.989371 0.100416 -0.105180 0.098029 -0.118021 0.977041 -0.177375 -0.000173 0.084954 0.187903 0.978507 0.010496 0.000000 0.000000 0.000000 1.000000
0.989263 0.101310 -0.105331 0.098029 -0.118200 0.978508 -0.168970 -0.000174 0.085949 0.179606 0.979977 0.010497 0.000000 0.000000 0.000000 1.000000
0.989131 0.102412 -0.105507 0.098029 -0.118407 0.980217 -0.158602 -0.000174 0.087177 0.169371 0.981689 0.010499 0.000000 0.000000 0.000000 1.000000
0.988969 0.103760 -0.105706 0.098029 -0.118641 0.982157 -0.145915 -0.000174 0.088680 0.156847 0.983634 0.010502 0.000000 0.000000 0.000000 1.000000
0.988774 0.105388 -0.105922 0.098029 -0.118897 0.984283 -0.130575 -0.000175 0.090496 0.141703 0.985764 0.010504 0.000000 0.000000 0.000000 1.000000
0.988551 0.107243 -0.106138 0.098028 -0.119154 0.986414 -0.113095 -0.000175 0.092567 0.124446 0.987899 0.010507 0.000000 0.000000 0.000000 1.000000
0.988308 0.109270 -0.106335 0.098028 -0.119392 0.988388 -0.093995 -0.000175 0.094829 0.105591 0.989878 0.010511 0.000000 0.000000 0.000000 1.000000
0.988051 0.111412 -0.106500 0.098028 -0.119595 0.990076 -0.073802 -0.000176 0.097221 0.085657 0.991570 0.010514 0.000000 0.000000 0.000000 1.000000
0.987787 0.113613 -0.106625 0.098027 -0.119753 0.991386 -0.053049 -0.000176 0.099679 0.065170 0.992883 0.010518 0.000000 0.000000 0.000000 1.000000
0.987523 0.115816 -0.106703 0.098027 -0.119859 0.992266 -0.032274 -0.000176 0.102140 0.044660 0.993767 0.010521 0.000000 0.000000 0.000000 1.000000
0.987265 0.117964 -0.106735 0.098026 -0.119913 0.992712 -0.012015 -0.000176 0.104540 0.024661 0.994215 0.010525 0.000000 0.000000 0.000000 1.000000
0.987021 0.120000 -0.106725 0.098026 -0.119920 0.992758 0.007188 -0.000176 0.106814 0.005703 0.994263 0.010528 0.000000 0.000000 0.000000 1.000000</float_array>
          <technique_common>
            <accessor source="#Bip01_Spine-Matrix-animation-output-transform-array" count="25" stride="16">
              <param type="float4x4"/>
            </accessor>
          </technique_common>
        </source>
        <source id="Bip01_Spine-Interpolations">
          <Name_array id="Bip01_Spine-Interpolations-array" count="25">
 LINEAR LINEAR LINEAR LINEAR LINEAR LINEAR LINEAR LINEAR LINEAR LINEAR LINEAR
LINEAR LINEAR LINEAR LINEAR LINEAR LINEAR LINEAR LINEAR LINEAR LINEAR LINEAR LINEAR
LINEAR LINEAR</Name_array>
          <technique_common>
            <accessor source="#Bip01_Spine-Interpolations-array" count="25">
              <param type="name"/>
            </accessor>
          </technique_common>
        </source>
        <sampler id="Bip01_Spine-Matrix-animation-transform">
          <input semantic="INPUT" source="#Bip01_Spine-Matrix-animation-input"/>
          <input semantic="OUTPUT" source="#Bip01_Spine-Matrix-animation-output-transform"/>
          <input semantic="INTERPOLATION" source="#Bip01_Spine-Interpolations"/>
        </sampler>
        <channel source="#Bip01_Spine-Matrix-animation-transform" target="Bip01_Spine/matrix"/>
      </animation>
    </animation>
    <animation id="Bip01_Spine1-anim" name="Bip01_Spine1">
      <animation>
        <source id="Bip01_Spine1-Matrix-animation-input">
          <float_array id="Bip01_Spine1-Matrix-animation-input-array" count="25">

0.000000 0.033333 0.066667 0.100000 0.133333 0.166667 0.200000 0.233333 0.266667 0.300000 0.333333 0.366667 0.400000 0.433333 0.466667 0.500000
0.533333 0.566667 0.600000 0.633333 0.666667 0.700000 0.733333 0.766667 0.800000</float_array>
          <technique_common>
            <accessor source="#Bip01_Spine1-Matrix-animation-input-array" count="25">
              <param name="TIME" type="float"/>
            </accessor>
          </technique_common>
        </source>
        <source id="Bip01_Spine1-Matrix-animation-output-transform">
          <float_array id="Bip01_Spine1-Matrix-animation-output-transform-array" count="400">

0.999398 0.005036 -0.034338 0.222946 0.005005 0.958158 0.286197 -0.000170 0.034343 -0.286196 0.957555 0.000051 0.000000 0.000000 0.000000 1.000000
0.999144 0.006899 -0.040794 0.222945 0.005035 0.958392 0.285410 -0.000170 0.041065 -0.285371 0.957537 0.000051 0.000000 0.000000 0.000000 1.000000
0.998773 0.009115 -0.048681 0.222945 0.005115 0.958677 0.284449 -0.000170 0.049262 -0.284349 0.957455 0.000050 0.000000 0.000000 0.000000 1.000000
0.998300 0.011465 -0.057140 0.222945 0.005208 0.958983 0.283417 -0.000170 0.058046 -0.283233 0.957293 0.000050 0.000000 0.000000 0.000000 1.000000
0.997770 0.013735 -0.065311 0.222944 0.005281 0.959277 0.282419 -0.000170 0.066530 -0.282134 0.957065 0.000050 0.000000 0.000000 0.000000 1.000000
0.997257 0.015712 -0.072334 0.222944 0.005305 0.959529 0.281560 -0.000170 0.073831 -0.281171 0.956813 0.000050 0.000000 0.000000 0.000000 1.000000
0.996856 0.017189 -0.077353 0.222944 0.005252 0.959709 0.280946 -0.000170 0.079066 -0.280469 0.956601 0.000050 0.000000 0.000000 0.000000 1.000000
0.996672 0.017959 -0.079510 0.222944 0.005097 0.959787 0.280683 -0.000170 0.081353 -0.280154 0.956502 0.000050 0.000000 0.000000 0.000000 1.000000
0.996798 0.017813 -0.077947 0.222944 0.004813 0.959732 0.280875 -0.000170 0.079812 -0.280351 0.956574 0.000050 0.000000 0.000000 0.000000 1.000000
0.997412 0.016150 -0.070058 0.222944 0.004261 0.959453 0.281837 -0.000170 0.071770 -0.281407 0.956901 0.000050 0.000000 0.000000 0.000000 1.000000
0.998370 0.012903 -0.055594 0.222944 0.003398 0.958939 0.283591 -0.000170 0.056970 -0.283317 0.957333 0.000050 0.000000 0.000000 0.000000 1.000000
0.999269 0.008664 -0.037233 0.222945 0.002340 0.958287 0.285797 -0.000170 0.038157 -0.285675 0.957567 0.000051 0.000000 0.000000 0.000000 1.000000
0.999836 0.004047 -0.017667 0.222946 0.001215 0.957592 0.288125 -0.000170 0.018084 -0.288100 0.957430 0.000051 0.000000 0.000000 0.000000 1.000000
1.000000 -0.000312 0.000411 0.222947 0.000179 0.956949 0.290258 -0.000170 -0.000484 -0.290257 0.956948 0.000052 0.000000 0.000000 0.000000 1.000000
0.999891 -0.003752 0.014313 0.222947 -0.000589 0.956453 0.291886 -0.000170 -0.014784 -0.291863 0.956346 0.000052 0.000000 0.000000 0.000000 1.000000
0.999756 -0.005598 0.021356 0.222948 -0.000898 0.956200 0.292712 -0.000170 -0.022060 -0.292660 0.955962 0.000052 0.000000 0.000000 0.000000 1.000000
0.999735 -0.005998 0.022210 0.222948 -0.000768 0.956167 0.292820 -0.000170 -0.022993 -0.292759 0.955910 0.000052 0.000000 0.000000 0.000000 1.000000
0.999789 -0.005647 0.019765 0.222948 -0.000382 0.956251 0.292546 -0.000170 -0.020552 -0.292492 0.956047 0.000052 0.000000 0.000000 0.000000 1.000000
0.999881 -0.004698 0.014680 0.222948 0.000207 0.956429 0.291965 -0.000170 -0.015412 -0.291927 0.956316 0.000052 0.000000 0.000000 0.000000 1.000000
0.999966 -0.003304 0.007614 0.222947 0.000944 0.956677 0.291149 -0.000170 -0.008246 -0.291132 0.956647 0.000052 0.000000 0.000000 0.000000 1.000000
0.999998 -0.001619 -0.000775 0.222947 0.001774 0.956973 0.290173 -0.000170 0.000272 -0.290174 0.956974 0.000052 0.000000 0.000000 0.000000 1.000000
0.999952 0.000205 -0.009825 0.222947 0.002644 0.957292 0.289112 -0.000170 0.009465 -0.289124 0.957245 0.000051 0.000000 0.000000 0.000000 1.000000
0.999820 0.002020 -0.018876 0.222946 0.003504 0.957611 0.288042 -0.000170 0.018658 -0.288056 0.957432 0.000051 0.000000 0.000000 0.000000 1.000000
0.999621 0.003678 -0.027268 0.222946 0.004306 0.957908 0.287043 -0.000170 0.027176 -0.287052 0.957530 0.000051 0.000000 0.000000 0.000000 1.000000
0.999398 0.005036 -0.034338 0.222946 0.005005 0.958158 0.286197 -0.000170 0.034343 -0.286196 0.957555 0.000051 0.000000 0.000000 0.000000 1.000000</float_array>
          <technique_common>
            <accessor source="#Bip01_Spine1-Matrix-animation-output-transform-array" count="25" stride="16">
              <param type="float4x4"/>
            </accessor>
          </technique_common>
        </source>
        <source id="Bip01_Spine1-Interpolations">
          <Name_array id="Bip01_Spine1-Interpolations-array" count="25">
 LINEAR LINEAR LINEAR LINEAR LINEAR LINEAR LINEAR LINEAR LINEAR LINEAR LINEAR
LINEAR LINEAR LINEAR LINEAR LINEAR LINEAR LINEAR LINEAR LINEAR LINEAR LINEAR LINEAR
LINEAR LINEAR</Name_array>
          <technique_common>
            <accessor source="#Bip01_Spine1-Interpolations-array" count="25">
              <param type="name"/>
            </accessor>
          </technique_common>
        </source>
        <sampler id="Bip01_Spine1-Matrix-animation-transform">
          <input semantic="INPUT" source="#Bip01_Spine1-Matrix-animation-input"/>
          <input semantic="OUTPUT" source="#Bip01_Spine1-Matrix-animation-output-transform"/>
          <input semantic="INTERPOLATION" source="#Bip01_Spine1-Interpolations"/>
        </sampler>
        <channel source="#Bip01_Spine1-Matrix-animation-transform" target="Bip01_Spine1/matrix"/>
      </animation>
    </animation>
    <animation id="Bip01_Neck-anim" name="Bip01_Neck">
      <animation>
        <source id="Bip01_Neck-Matrix-animation-input">
          <float_array id="Bip01_Neck-Matrix-animation-input-array" count="25">

0.000000 0.033333 0.066667 0.100000 0.133333 0.166667 0.200000 0.233333 0.266667 0.300000 0.333333 0.366667 0.400000 0.433333 0.466667 0.500000
0.533333 0.566667 0.600000 0.633333 0.666667 0.700000 0.733333 0.766667 0.800000</float_array>
          <technique_common>
            <accessor source="#Bip01_Neck-Matrix-animation-input-array" count="25">
              <param name="TIME" type="float"/>
            </accessor>
          </technique_common>
        </source>
        <source id="Bip01_Neck-Matrix-animation-output-transform">
          <float_array id="Bip01_Neck-Matrix-animation-output-transform-array" count="400">

0.965926 -0.258819 -0.000001 0.222970 0.258819 0.965926 -0.000000 -0.000087 0.000001 -0.000000 1.000000 -0.000000 0.000000 0.000000 0.000000 1.000000
0.965926 -0.258819 -0.000001 0.222970 0.258819 0.965926 -0.000000 -0.000087 0.000001 -0.000000 1.000000 -0.000000 0.000000 0.000000 0.000000 1.000000
0.965926 -0.258819 -0.000001 0.222970 0.258819 0.965926 -0.000000 -0.000087 0.000001 -0.000000 1.000000 0.000000 0.000000 0.000000 0.000000 1.000000
0.965926 -0.258819 -0.000001 0.222970 0.258819 0.965926 -0.000000 -0.000087 0.000001 -0.000000 1.000000 -0.000000 0.000000 0.000000 0.000000 1.000000
0.965926 -0.258819 -0.000001 0.222970 0.258819 0.965926 -0.000000 -0.000087 0.000001 -0.000000 1.000000 0.000000 0.000000 0.000000 0.000000 1.000000
0.965926 -0.258819 -0.000001 0.222970 0.258819 0.965926 -0.000000 -0.000087 0.000001 -0.000000 1.000000 0.000000 0.000000 0.000000 0.000000 1.000000
0.965926 -0.258819 -0.000001 0.222970 0.258819 0.965926 -0.000000 -0.000087 0.000001 -0.000000 1.000000 0.000000 0.000000 0.000000 0.000000 1.000000
0.965926 -0.258819 -0.000001 0.222970 0.258819 0.965926 -0.000000 -0.000087 0.000001 -0.000000 1.000000 0.000000 0.000000 0.000000 0.000000 1.000000
0.965926 -0.258819 -0.000001 0.222970 0.258819 0.965926 -0.000000 -0.000087 0.000001 -0.000000 1.000000 0.000000 0.000000 0.000000 0.000000 1.000000
0.965926 -0.258819 -0.000001 0.222970 0.258819 0.965926 -0.000000 -0.000087 0.000001 -0.000000 1.000000 -0.000000 0.000000 0.000000 0.000000 1.000000
0.965926 -0.258819 -0.000001 0.222970 0.258819 0.965926 -0.000000 -0.000087 0.000001 -0.000000 1.000000 -0.000000 0.000000 0.000000 0.000000 1.000000
0.965926 -0.258819 -0.000001 0.222970 0.258819 0.965926 -0.000000 -0.000087 0.000001 -0.000000 1.000000 0.000000 0.000000 0.000000 0.000000 1.000000
0.965926 -0.258819 -0.000001 0.222970 0.258819 0.965926 -0.000000 -0.000087 0.000001 -0.000000 1.000000 -0.000000 0.000000 0.000000 0.000000 1.000000
0.965926 -0.258819 -0.000001 0.222970 0.258819 0.965926 -0.000000 -0.000087 0.000001 -0.000000 1.000000 0.000000 0.000000 0.000000 0.000000 1.000000
0.965926 -0.258819 -0.000001 0.222970 0.258819 0.965926 -0.000000 -0.000087 0.000001 -0.000000 1.000000 0.000000 0.000000 0.000000 0.000000 1.000000
0.965926 -0.258819 -0.000001 0.222970 0.258819 0.965926 -0.000000 -0.000087 0.000001 -0.000000 1.000000 0.000000 0.000000 0.000000 0.000000 1.000000
0.965926 -0.258819 -0.000001 0.222970 0.258819 0.965926 -0.000000 -0.000087 0.000001 -0.000000 1.000000 0.000000 0.000000 0.000000 0.000000 1.000000
0.965926 -0.258819 -0.000001 0.222970 0.258819 0.965926 -0.000000 -0.000087 0.000001 -0.000000 1.000000 0.000000 0.000000 0.000000 0.000000 1.000000
0.965926 -0.258819 -0.000001 0.222970 0.258819 0.965926 -0.000000 -0.000087 0.000001 -0.000000 1.000000 -0.000000 0.000000 0.000000 0.000000 1.000000
0.965926 -0.258819 -0.000001 0.222970 0.258819 0.965926 -0.000000 -0.000087 0.000001 -0.000000 1.000000 0.000000 0.000000 0.000000 0.000000 1.000000
0.965926 -0.258819 -0.000001 0.222970 0.258819 0.965926 -0.000000 -0.000087 0.000001 -0.000000 1.000000 0.000000 0.000000 0.000000 0.000000 1.000000
0.965926 -0.258819 -0.000001 0.222970 0.258819 0.965926 -0.000000 -0.000087 0.000001 -0.000000 1.000000 -0.000000 0.000000 0.000000 0.000000 1.000000
0.965926 -0.258819 -0.000001 0.222970 0.258819 0.965926 -0.000000 -0.000087 0.000001 -0.000000 1.000000 0.000000 0.000000 0.000000 0.000000 1.000000
0.965926 -0.258819 -0.000001 0.222970 0.258819 0.965926 -0.000000 -0.000087 0.000001 -0.000000 1.000000 -0.000000 0.000000 0.000000 0.000000 1.000000
0.965926 -0.258819 -0.000001 0.222970 0.258819 0.965926 -0.000000 -0.000087 0.000001 -0.000000 1.000000 -0.000000 0.000000 0.000000 0.000000 1.000000</float_array>
          <technique_common>
            <accessor source="#Bip01_Neck-Matrix-animation-output-transform-array" count="25" stride="16">
              <param type="float4x4"/>
            </accessor>
          </technique_common>
        </source>
        <source id="Bip01_Neck-Interpolations">
          <Name_array id="Bip01_Neck-Interpolations-array" count="25">
 LINEAR LINEAR LINEAR LINEAR LINEAR LINEAR LINEAR LINEAR LINEAR LINEAR LINEAR
LINEAR LINEAR LINEAR LINEAR LINEAR LINEAR LINEAR LINEAR LINEAR LINEAR LINEAR LINEAR
LINEAR LINEAR</Name_array>
          <technique_common>
            <accessor source="#Bip01_Neck-Interpolations-array" count="25">
              <param type="name"/>
            </accessor>
          </technique_common>
        </source>
        <sampler id="Bip01_Neck-Matrix-animation-transform">
          <input semantic="INPUT" source="#Bip01_Neck-Matrix-animation-input"/>
          <input semantic="OUTPUT" source="#Bip01_Neck-Matrix-animation-output-transform"/>
          <input semantic="INTERPOLATION" source="#Bip01_Neck-Interpolations"/>
        </sampler>
        <channel source="#Bip01_Neck-Matrix-animation-transform" target="Bip01_Neck/matrix"/>
      </animation>
    </animation>
    <animation id="Bip01_L_Clavicle-anim" name="Bip01_L_Clavicle">
      <animation>
        <source id="Bip01_L_Clavicle-Matrix-animation-input">
          <float_array id="Bip01_L_Clavicle-Matrix-animation-input-array" count="25">

0.000000 0.033333 0.066667 0.100000 0.133333 0.166667 0.200000 0.233333 0.266667 0.300000 0.333333 0.366667 0.400000 0.433333 0.466667 0.500000
0.533333 0.566667 0.600000 0.633333 0.666667 0.700000 0.733333 0.766667 0.800000</float_array>
          <technique_common>
            <accessor source="#Bip01_L_Clavicle-Matrix-animation-input-array" count="25">
              <param name="TIME" type="float"/>
            </accessor>
          </technique_common>
        </source>
        <source id="Bip01_L_Clavicle-Matrix-animation-output-transform">
          <float_array id="Bip01_L_Clavicle-Matrix-animation-output-transform-array" count="400">

-0.249947 -0.259588 0.932813 0.000000 0.067184 -0.965719 -0.250744 0.000090 0.965926 -0.000003 0.258818 0.030012 0.000000 0.000000 0.000000 1.000000
-0.249947 -0.259589 0.932813 0.000000 0.067184 -0.965719 -0.250744 0.000089 0.965926 -0.000003 0.258818 0.030012 0.000000 0.000000 0.000000 1.000000
-0.249946 -0.259588 0.932813 0.000000 0.067184 -0.965719 -0.250743 0.000089 0.965926 -0.000003 0.258818 0.030012 0.000000 0.000000 0.000000 1.000000
-0.249947 -0.259588 0.932813 0.000000 0.067184 -0.965720 -0.250744 0.000089 0.965926 -0.000003 0.258818 0.030012 0.000000 0.000000 0.000000 1.000000
-0.249947 -0.259588 0.932813 0.000000 0.067184 -0.965719 -0.250743 0.000089 0.965926 -0.000003 0.258818 0.030012 0.000000 0.000000 0.000000 1.000000
-0.249947 -0.259588 0.932813 0.000000 0.067184 -0.965719 -0.250744 0.000089 0.965926 -0.000003 0.258818 0.030012 0.000000 0.000000 0.000000 1.000000
-0.249947 -0.259588 0.932813 0.000000 0.067184 -0.965719 -0.250744 0.000089 0.965926 -0.000003 0.258818 0.030012 0.000000 0.000000 0.000000 1.000000
-0.249946 -0.259588 0.932813 -0.000000 0.067184 -0.965719 -0.250744 0.000090 0.965926 -0.000003 0.258818 0.030012 0.000000 0.000000 0.000000 1.000000
-0.249946 -0.259588 0.932813 0.000000 0.067184 -0.965719 -0.250744 0.000089 0.965926 -0.000003 0.258818 0.030012 0.000000 0.000000 0.000000 1.000000
-0.249947 -0.259588 0.932813 0.000000 0.067184 -0.965719 -0.250744 0.000089 0.965926 -0.000003 0.258818 0.030012 0.000000 0.000000 0.000000 1.000000
-0.249947 -0.259588 0.932813 -0.000000 0.067184 -0.965719 -0.250744 0.000089 0.965926 -0.000003 0.258818 0.030012 0.000000 0.000000 0.000000 1.000000
-0.249947 -0.259588 0.932813 0.000000 0.067184 -0.965719 -0.250744 0.000089 0.965926 -0.000003 0.258818 0.030012 0.000000 0.000000 0.000000 1.000000
-0.249947 -0.259588 0.932813 -0.000000 0.067184 -0.965719 -0.250744 0.000090 0.965926 -0.000003 0.258818 0.030012 0.000000 0.000000 0.000000 1.000000
-0.249947 -0.259588 0.932813 0.000000 0.067184 -0.965719 -0.250743 0.000089 0.965926 -0.000003 0.258818 0.030012 0.000000 0.000000 0.000000 1.000000
-0.249947 -0.259588 0.932813 0.000000 0.067184 -0.965719 -0.250744 0.000089 0.965926 -0.000003 0.258818 0.030012 0.000000 0.000000 0.000000 1.000000
-0.249947 -0.259588 0.932813 0.000000 0.067184 -0.965719 -0.250743 0.000089 0.965926 -0.000003 0.258818 0.030012 0.000000 0.000000 0.000000 1.000000
-0.249947 -0.259588 0.932813 0.000000 0.067184 -0.965720 -0.250744 0.000089 0.965926 -0.000003 0.258818 0.030012 0.000000 0.000000 0.000000 1.000000
-0.249947 -0.259588 0.932813 0.000000 0.067184 -0.965719 -0.250744 0.000089 0.965926 -0.000003 0.258818 0.030012 0.000000 0.000000 0.000000 1.000000
-0.249947 -0.259588 0.932813 0.000000 0.067184 -0.965719 -0.250743 0.000089 0.965926 -0.000003 0.258818 0.030012 0.000000 0.000000 0.000000 1.000000
-0.249947 -0.259588 0.932813 0.000000 0.067184 -0.965719 -0.250744 0.000089 0.965926 -0.000003 0.258818 0.030012 0.000000 0.000000 0.000000 1.000000
-0.249947 -0.259588 0.932813 0.000000 0.067184 -0.965719 -0.250743 0.000089 0.965926 -0.000003 0.258818 0.030012 0.000000 0.000000 0.000000 1.000000
-0.249947 -0.259588 0.932813 -0.000000 0.067184 -0.965720 -0.250744 0.000089 0.965926 -0.000003 0.258818 0.030012 0.000000 0.000000 0.000000 1.000000
-0.249947 -0.259588 0.932813 0.000000 0.067184 -0.965720 -0.250743 0.000089 0.965926 -0.000003 0.258818 0.030012 0.000000 0.000000 0.000000 1.000000
-0.249947 -0.259588 0.932813 0.000000 0.067184 -0.965720 -0.250744 0.000089 0.965926 -0.000003 0.258818 0.030012 0.000000 0.000000 0.000000 1.000000
-0.249947 -0.259588 0.932813 0.000000 0.067184 -0.965719 -0.250744 0.000090 0.965926 -0.000003 0.258818 0.030012 0.000000 0.000000 0.000000 1.000000</float_array>
          <technique_common>
            <accessor source="#Bip01_L_Clavicle-Matrix-animation-output-transform-array" count="25" stride="16">
              <param type="float4x4"/>
            </accessor>
          </technique_common>
        </source>
        <source id="Bip01_L_Clavicle-Interpolations">
          <Name_array id="Bip01_L_Clavicle-Interpolations-array" count="25">
 LINEAR LINEAR LINEAR LINEAR LINEAR LINEAR LINEAR LINEAR LINEAR LINEAR LINEAR
LINEAR LINEAR LINEAR LINEAR LINEAR LINEAR LINEAR LINEAR LINEAR LINEAR LINEAR LINEAR
LINEAR LINEAR</Name_array>
          <technique_common>
            <accessor source="#Bip01_L_Clavicle-Interpolations-array" count="25">
              <param type="name"/>
            </accessor>
          </technique_common>
        </source>
        <sampler id="Bip01_L_Clavicle-Matrix-animation-transform">
          <input semantic="INPUT" source="#Bip01_L_Clavicle-Matrix-animation-input"/>
          <input semantic="OUTPUT" source="#Bip01_L_Clavicle-Matrix-animation-output-transform"/>
          <input semantic="INTERPOLATION" source="#Bip01_L_Clavicle-Interpolations"/>
        </sampler>
        <channel source="#Bip01_L_Clavicle-Matrix-animation-transform" target="Bip01_L_Clavicle/matrix"/>
      </animation>
    </animation>
    <animation id="Bip01_L_UpperArm-anim" name="Bip01_L_UpperArm">
      <animation>
        <source id="Bip01_L_UpperArm-Matrix-animation-input">
          <float_array id="Bip01_L_UpperArm-Matrix-animation-input-array" count="25">

0.000000 0.033333 0.066667 0.100000 0.133333 0.166667 0.200000 0.233333 0.266667 0.300000 0.333333 0.366667 0.400000 0.433333 0.466667 0.500000
0.533333 0.566667 0.600000 0.633333 0.666667 0.700000 0.733333 0.766667 0.800000</float_array>
          <technique_common>
            <accessor source="#Bip01_L_UpperArm-Matrix-animation-input-array" count="25">
              <param name="TIME" type="float"/>
            </accessor>
          </technique_common>
        </source>
        <source id="Bip01_L_UpperArm-Matrix-animation-output-transform">
          <float_array id="Bip01_L_UpperArm-Matrix-animation-output-transform-array" count="400">

0.506729 -0.017036 0.861937 0.172746 0.227016 0.967155 -0.114346 -0.000000 -0.831679 0.253616 0.493953 0.000000 0.000000 0.000000 0.000000 1.000000
0.514551 0.000613 0.857459 0.172746 0.230165 0.963201 -0.138808 -0.000000 -0.825991 0.268781 0.495475 0.000000 0.000000 0.000000 0.000000 1.000000
0.523929 0.019251 0.851544 0.172746 0.233275 0.958277 -0.165191 0.000000 -0.819195 0.285193 0.497578 0.000000 0.000000 0.000000 0.000000 1.000000
0.534011 0.037995 0.844623 0.172746 0.236343 0.952456 -0.192273 0.000000 -0.811772 0.302297 0.499643 0.000000 0.000000 0.000000 0.000000 1.000000
0.543955 0.056039 0.837241 0.172746 0.239386 0.945940 -0.218844 0.000000 -0.804244 0.319465 0.501133 -0.000000 0.000000 0.000000 0.000000 1.000000
0.552926 0.072667 0.830056 0.172746 0.242450 0.939054 -0.243713 0.000000 -0.797177 0.336002 0.501609 -0.000000 0.000000 0.000000 0.000000 1.000000
0.560101 0.087248 0.823817 0.172746 0.245610 0.932239 -0.265717 0.000000 -0.791178 0.351166 0.500720 0.000000 0.000000 0.000000 0.000000 1.000000
0.564655 0.099229 0.819341 0.172746 0.248966 0.926022 -0.283726 -0.000000 -0.786881 0.364195 0.498178 0.000000 0.000000 0.000000 0.000000 1.000000
0.565740 0.108102 0.817467 0.172746 0.252635 0.920970 -0.296630 0.000000 -0.784929 0.374336 0.493720 0.000000 0.000000 0.000000 0.000000 1.000000
0.561164 0.114569 0.819738 0.172746 0.256241 0.917674 -0.303670 0.000000 -0.787043 0.380459 0.485608 0.000000 0.000000 0.000000 0.000000 1.000000
0.550687 0.119480 0.826116 0.172746 0.259481 0.916164 -0.305472 0.000000 -0.793356 0.382581 0.473517 -0.000000 0.000000 0.000000 0.000000 1.000000
0.536363 0.122454 0.835057 0.172746 0.262581 0.916103 -0.302996 0.000000 -0.802101 0.381785 0.459210 -0.000000 0.000000 0.000000 0.000000 1.000000
0.520301 0.123042 0.845073 0.172746 0.265772 0.917094 -0.297160 0.000000 -0.811574 0.379209 0.444464 0.000000 0.000000 0.000000 0.000000 1.000000
0.504421 0.122508 0.854723 0.172746 0.265747 0.919809 -0.288669 -0.000000 -0.821546 0.372751 0.431415 -0.000000 0.000000 0.000000 0.000000 1.000000
0.490978 0.120982 0.862730 0.172746 0.261256 0.924283 -0.278294 0.000000 -0.831075 0.362029 0.422196 0.000000 0.000000 0.000000 0.000000 1.000000
0.482746 0.116604 0.867963 0.172746 0.255656 0.929162 -0.267017 0.000000 -0.837614 0.350801 0.418739 -0.000000 0.000000 0.000000 0.000000 1.000000
0.479451 0.108395 0.870848 0.172746 0.251081 0.933916 -0.254479 0.000000 -0.840884 0.340663 0.420552 0.000000 0.000000 0.000000 0.000000 1.000000
0.478691 0.096918 0.872618 0.172746 0.247267 0.938777 -0.239909 -0.000000 -0.842445 0.330612 0.425420 0.000000 0.000000 0.000000 0.000000 1.000000
0.480048 0.082887 0.873318 0.172746 0.244025 0.943616 -0.223696 0.000000 -0.842618 0.320496 0.432755 -0.000000 0.000000 0.000000 0.000000 1.000000
0.483080 0.067000 0.873009 0.172746 0.241174 0.948316 -0.206233 0.000000 -0.841706 0.310174 0.441954 -0.000000 0.000000 0.000000 0.000000 1.000000
0.487327 0.049944 0.871790 0.172746 0.238538 0.952777 -0.187925 -0.000000 -0.840007 0.299536 0.452401 0.000000 0.000000 0.000000 0.000000 1.000000
0.492311 0.032385 0.869817 0.172746 0.235952 0.956925 -0.169176 0.000000 -0.837829 0.288522 0.463463 -0.000000 0.000000 0.000000 0.000000 1.000000
0.497542 0.014967 0.867311 0.172746 0.233264 0.960713 -0.150393 0.000000 -0.835488 0.277139 0.474504 0.000000 0.000000 0.000000 0.000000 1.000000
0.502519 -0.001699 0.864564 0.172746 0.230330 0.964121 -0.131982 -0.000000 -0.833320 0.265459 0.484880 0.000000 0.000000 0.000000 0.000000 1.000000
0.506729 -0.017036 0.861937 0.172746 0.227016 0.967155 -0.114346 -0.000000 -0.831679 0.253616 0.493953 0.000000 0.000000 0.000000 0.000000 1.000000</float_array>
