<?xml version="1.0" encoding="utf-8"?>
<COLLADA xmlns="http://www.collada.org/2005/11/COLLADASchema" version="1.4.0">
  <asset>
    <contributor>
      <author></author>
      <authoring_tool>FBX COLLADA exporter</authoring_tool>
      <comments></comments>
    </contributor>
    <created>2010-07-11T11:32:39Z</created>
    <modified>2010-07-11T11:32:39Z</modified>
    <revision></revision>
    <title></title>
    <subject></subject>
    <keywords></keywords>
    <unit meter="1.000000"/>
    <up_axis>Y_UP</up_axis>
  </asset>
  <library_animations>
    <animation id="Bip01-anim" name="Bip01">
      <animation>
        <source id="Bip01-Matrix-animation-input">
          <float_array id="Bip01-Matrix-animation-input-array" count="25">

0.000000 0.033333 0.066667 0.100000 0.133333 0.166667 0.200000 0.233333 0.266667 0.300000 0.333333 0.366667 0.400000 0.433333 0.466667 0.500000
0.533333 0.566667 0.600000 0.633333 0.666667 0.700000 0.733333 0.766667 0.800000</float_array>
          <technique_common>
            <accessor source="#Bip01-Matrix-animation-input-array" count="25">
              <param name="TIME" type="float"/>
            </accessor>
          </technique_common>
        </source>
        <source id="Bip01-Matrix-animation-output-transform">
          <float_array id="Bip01-Matrix-animation-output-transform-array" count="400">

0.000000 0.000000 -1.000000 -0.900260 -0.000000 1.000000 0.000000 0.000000 1.000000 -0.000000 0.000000 0.037619 0.000000 0.000000 0.000000 1.000000
0.000000 0.000000 -1.000000 -0.900260 -0.000000 1.000000 0.000000 0.000000 1.000000 -0.000000 0.000000 0.037619 0.000000 0.000000 0.000000 1.000000
0.000000 0.000000 -1.000000 -0.900260 -0.000000 1.000000 0.000000 0.000000 1.000000 -0.000000 0.000000 0.037619 0.000000 0.000000 0.000000 1.000000
0.000000 0.000000 -1.000000 -0.900260 -0.000000 1.000000 0.000000 0.000000 1.000000 -0.000000 0.000000 0.037619 0.000000 0.000000 0.000000 1.000000
0.000000 0.000000 -1.000000 -0.900260 -0.000000 1.000000 0.000000 0.000000 1.000000 -0.000000 0.000000 0.037619 0.000000 0.000000 0.000000 1.000000
0.000000 0.000000 -1.000000 -0.900260 -0.000000 1.000000 0.000000 0.000000 1.000000 -0.000000 0.000000 0.037619 0.000000 0.000000 0.000000 1.000000
0.000000 0.000000 -1.000000 -0.900260 -0.000000 1.000000 0.000000 0.000000 1.000000 -0.000000 0.000000 0.037619 0.000000 0.000000 0.000000 1.000000
0.000000 0.000000 -1.000000 -0.900260 -0.000000 1.000000 0.000000 0.000000 1.000000 -0.000000 0.000000 0.037619 0.000000 0.000000 0.000000 1.000000
0.000000 0.000000 -1.000000 -0.900260 -0.000000 1.000000 0.000000 0.000000 1.000000 -0.000000 0.000000 0.037619 0.000000 0.000000 0.000000 1.000000
0.000000 0.000000 -1.000000 -0.900260 -0.000000 1.000000 0.000000 0.000000 1.000000 -0.000000 0.000000 0.037619 0.000000 0.000000 0.000000 1.000000
0.000000 0.000000 -1.000000 -0.900260 -0.000000 1.000000 0.000000 0.000000 1.000000 -0.000000 0.000000 0.037619 0.000000 0.000000 0.000000 1.000000
0.000000 0.000000 -1.000000 -0.900260 -0.000000 1.000000 0.000000 0.000000 1.000000 -0.000000 0.000000 0.037619 0.000000 0.000000 0.000000 1.000000
0.000000 0.000000 -1.000000 -0.900260 -0.000000 1.000000 0.000000 0.000000 1.000000 -0.000000 0.000000 0.037619 0.000000 0.000000 0.000000 1.000000
0.000000 0.000000 -1.000000 -0.900260 -0.000000 1.000000 0.000000 0.000000 1.000000 -0.000000 0.000000 0.037619 0.000000 0.000000 0.000000 1.000000
0.000000 0.000000 -1.000000 -0.900260 -0.000000 1.000000 0.000000 0.000000 1.000000 -0.000000 0.000000 0.037619 0.000000 0.000000 0.000000 1.000000
0.000000 0.000000 -1.000000 -0.900260 -0.000000 1.000000 0.000000 0.000000 1.000000 -0.000000 0.000000 0.037619 0.000000 0.000000 0.000000 1.000000
0.000000 0.000000 -1.000000 -0.900260 -0.000000 1.000000 0.000000 0.000000 1.000000 -0.000000 0.000000 0.037619 0.000000 0.000000 0.000000 1.000000
0.000000 0.000000 -1.000000 -0.900260 -0.000000 1.000000 0.000000 0.000000 1.000000 -0.000000 0.000000 0.037619 0.000000 0.000000 0.000000 1.000000
0.000000 0.000000 -1.000000 -0.900260 -0.000000 1.000000 0.000000 0.000000 1.000000 -0.000000 0.000000 0.037619 0.000000 0.000000 0.000000 1.000000
0.000000 0.000000 -1.000000 -0.900260 -0.000000 1.000000 0.000000 0.000000 1.000000 -0.000000 0.000000 0.037619 0.000000 0.000000 0.000000 1.000000
0.000000 0.000000 -1.000000 -0.900260 -0.000000 1.000000 0.000000 0.000000 1.000000 -0.000000 0.000000 0.037619 0.000000 0.000000 0.000000 1.000000
0.000000 0.000000 -1.000000 -0.900260 -0.000000 1.000000 0.000000 0.000000 1.000000 -0.000000 0.000000 0.037619 0.000000 0.000000 0.000000 1.000000
0.000000 0.000000 -1.000000 -0.900260 -0.000000 1.000000 0.000000 0.000000 1.000000 -0.000000 0.000000 0.037619 0.000000 0.000000 0.000000 1.000000
0.000000 0.000000 -1.000000 -0.900260 -0.000000 1.000000 0.000000 0.000000 1.000000 -0.000000 0.000000 0.037619 0.000000 0.000000 0.000000 1.000000
0.000000 0.000000 -1.000000 -0.900260 -0.000000 1.000000 0.000000 0.000000 1.000000 -0.000000 0.000000 0.037619 0.000000 0.000000 0.000000 1.000000</float_array>
          <technique_common>
            <accessor source="#Bip01-Matrix-animation-output-transform-array" count="25" stride="16">
              <param type="float4x4"/>
            </accessor>
          </technique_common>
        </source>
        <source id="Bip01-Interpolations">
          <Name_array id="Bip01-Interpolations-array" count="25">
 LINEAR LINEAR LINEAR LINEAR LINEAR LINEAR LINEAR LINEAR LINEAR LINEAR LINEAR
LINEAR LINEAR LINEAR LINEAR LINEAR LINEAR LINEAR LINEAR LINEAR LINEAR LINEAR LINEAR
LINEAR LINEAR</Name_array>
          <technique_common>
            <accessor source="#Bip01-Interpolations-array" count="25">
              <param type="name"/>
            </accessor>
          </technique_common>
        </source>
        <sampler id="Bip01-Matrix-animation-transform">
          <input semantic="INPUT" source="#Bip01-Matrix-animation-input"/>
          <input semantic="OUTPUT" source="#Bip01-Matrix-animation-output-transform"/>
          <input semantic="INTERPOLATION" source="#Bip01-Interpolations"/>
        </sampler>
        <channel source="#Bip01-Matrix-animation-transform" target="Bip01/matrix"/>
      </animation>
    </animation>
    <animation id="Bip01_Pelvis-anim" name="Bip01_Pelvis">
      <animation>
        <source id="Bip01_Pelvis-Matrix-animation-input">
          <float_array id="Bip01_Pelvis-Matrix-animation-input-array" count="25">

0.000000 0.033333 0.066667 0.100000 0.133333 0.166667 0.200000 0.233333 0.266667 0.300000 0.333333 0.366667 0.400000 0.433333 0.466667 0.500000
0.533333 0.566667 0.600000 0.633333 0.666667 0.700000 0.733333 0.766667 0.800000</float_array>
          <technique_common>
            <accessor source="#Bip01_Pelvis-Matrix-animation-input-array" count="25">
              <param name="TIME" type="float"/>
            </accessor>
          </technique_common>
        </source>
        <source id="Bip01_Pelvis-Matrix-animation-output-transform">
          <float_array id="Bip01_Pelvis-Matrix-animation-output-transform-array" count="400">

0.000001 0.993428 -0.114457 -0.035612 0.089932 0.113993 0.989403 0.000000 0.995948 -0.010294 -0.089341 0.000000 0.000000 0.000000 0.000000 1.000000
0.000001 0.993428 -0.114457 -0.035612 0.089932 0.113993 0.989403 0.000000 0.995948 -0.010294 -0.089341 0.000000 0.000000 0.000000 0.000000 1.000000
0.000001 0.993428 -0.114457 -0.035612 0.089932 0.113993 0.989403 0.000000 0.995948 -0.010294 -0.089341 0.000000 0.000000 0.000000 0.000000 1.000000
0.000001 0.993428 -0.114457 -0.035612 0.089932 0.113993 0.989403 0.000000 0.995948 -0.010294 -0.089341 0.000000 0.000000 0.000000 0.000000 1.000000
0.000001 0.993428 -0.114457 -0.035612 0.089932 0.113993 0.989403 0.000000 0.995948 -0.010294 -0.089341 0.000000 0.000000 0.000000 0.000000 1.000000
0.000001 0.993428 -0.114457 -0.035612 0.089932 0.113993 0.989403 0.000000 0.995948 -0.010294 -0.089341 0.000000 0.000000 0.000000 0.000000 1.000000
0.000001 0.993428 -0.114457 -0.035612 0.089932 0.113993 0.989403 0.000000 0.995948 -0.010294 -0.089341 0.000000 0.000000 0.000000 0.000000 1.000000
0.000001 0.993428 -0.114457 -0.035612 0.089932 0.113993 0.989403 0.000000 0.995948 -0.010294 -0.089341 0.000000 0.000000 0.000000 0.000000 1.000000
0.000001 0.993428 -0.114457 -0.035612 0.089932 0.113993 0.989403 0.000000 0.995948 -0.010294 -0.089341 0.000000 0.000000 0.000000 0.000000 1.000000
0.000001 0.993428 -0.114457 -0.035612 0.089932 0.113993 0.989403 0.000000 0.995948 -0.010294 -0.089341 0.000000 0.000000 0.000000 0.000000 1.000000
0.000001 0.993428 -0.114457 -0.035612 0.089932 0.113993 0.989403 0.000000 0.995948 -0.010294 -0.089341 0.000000 0.000000 0.000000 0.000000 1.000000
0.000001 0.993428 -0.114457 -0.035612 0.089932 0.113993 0.989403 0.000000 0.995948 -0.010294 -0.089341 0.000000 0.000000 0.000000 0.000000 1.000000
0.000001 0.993428 -0.114457 -0.035612 0.089932 0.113993 0.989403 0.000000 0.995948 -0.010294 -0.089341 0.000000 0.000000 0.000000 0.000000 1.000000
0.000001 0.993428 -0.114457 -0.035612 0.089932 0.113993 0.989403 0.000000 0.995948 -0.010294 -0.089341 0.000000 0.000000 0.000000 0.000000 1.000000
0.000001 0.993428 -0.114457 -0.035612 0.089932 0.113993 0.989403 0.000000 0.995948 -0.010294 -0.089341 0.000000 0.000000 0.000000 0.000000 1.000000
0.000001 0.993428 -0.114457 -0.035612 0.089932 0.113993 0.989403 0.000000 0.995948 -0.010294 -0.089341 0.000000 0.000000 0.000000 0.000000 1.000000
0.000001 0.993428 -0.114457 -0.035612 0.089932 0.113993 0.989403 0.000000 0.995948 -0.010294 -0.089341 0.000000 0.000000 0.000000 0.000000 1.000000
0.000001 0.993428 -0.114457 -0.035612 0.089932 0.113993 0.989403 0.000000 0.995948 -0.010294 -0.089341 0.000000 0.000000 0.000000 0.000000 1.000000
0.000001 0.993428 -0.114457 -0.035612 0.089932 0.113993 0.989403 0.000000 0.995948 -0.010294 -0.089341 0.000000 0.000000 0.000000 0.000000 1.000000
0.000001 0.993428 -0.114457 -0.035612 0.089932 0.113993 0.989403 0.000000 0.995948 -0.010294 -0.089341 0.000000 0.000000 0.000000 0.000000 1.000000
0.000001 0.993428 -0.114457 -0.035612 0.089932 0.113993 0.989403 0.000000 0.995948 -0.010294 -0.089341 0.000000 0.000000 0.000000 0.000000 1.000000
0.000001 0.993428 -0.114457 -0.035612 0.089932 0.113993 0.989403 0.000000 0.995948 -0.010294 -0.089341 0.000000 0.000000 0.000000 0.000000 1.000000
0.000001 0.993428 -0.114457 -0.035612 0.089932 0.113993 0.989403 0.000000 0.995948 -0.010294 -0.089341 0.000000 0.000000 0.000000 0.000000 1.000000
0.000001 0.993428 -0.114457 -0.035612 0.089932 0.113993 0.989403 0.000000 0.995948 -0.010294 -0.089341 0.000000 0.000000 0.000000 0.000000 1.000000
0.000001 0.993428 -0.114457 -0.035612 0.089932 0.113993 0.989403 0.000000 0.995948 -0.010294 -0.089341 0.000000 0.000000 0.000000 0.000000 1.000000</float_array>
          <technique_common>
            <accessor source="#Bip01_Pelvis-Matrix-animation-output-transform-array" count="25" stride="16">
              <param type="float4x4"/>
            </accessor>
          </technique_common>
        </source>
        <source id="Bip01_Pelvis-Interpolations">
          <Name_array id="Bip01_Pelvis-Interpolations-array" count="25">
 LINEAR LINEAR LINEAR LINEAR LINEAR LINEAR LINEAR LINEAR LINEAR LINEAR LINEAR
LINEAR LINEAR LINEAR LINEAR LINEAR LINEAR LINEAR LINEAR LINEAR LINEAR LINEAR LINEAR
LINEAR LINEAR</Name_array>
          <technique_common>
            <accessor source="#Bip01_Pelvis-Interpolations-array" count="25">
              <param type="name"/>
            </accessor>
          </technique_common>
        </source>
        <sampler id="Bip01_Pelvis-Matrix-animation-transform">
          <input semantic="INPUT" source="#Bip01_Pelvis-Matrix-animation-input"/>
          <input semantic="OUTPUT" source="#Bip01_Pelvis-Matrix-animation-output-transform"/>
          <input semantic="INTERPOLATION" source="#Bip01_Pelvis-Interpolations"/>
        </sampler>
        <channel source="#Bip01_Pelvis-Matrix-animation-transform" target="Bip01_Pelvis/matrix"/>
      </animation>
    </animation>
    <animation id="Bip01_Spine-anim" name="Bip01_Spine">
      <animation>
        <source id="Bip01_Spine-Matrix-animation-input">
          <float_array id="Bip01_Spine-Matrix-animation-input-array" count="25">

0.000000 0.033333 0.066667 0.100000 0.133333 0.166667 0.200000 0.233333 0.266667 0.300000 0.333333 0.366667 0.400000 0.433333 0.466667 0.500000
0.533333 0.566667 0.600000 0.633333 0.666667 0.700000 0.733333 0.766667 0.800000</float_array>
          <technique_common>
            <accessor source="#Bip01_Spine-Matrix-animation-input-array" count="25">
              <param name="TIME" type="float"/>
            </accessor>
          </technique_common>
        </source>
        <source id="Bip01_Spine-Matrix-animation-output-transform">
          <float_array id="Bip01_Spine-Matrix-animation-output-transform-array" count="400">

0.987003 0.134080 0.088583 0.098188 -0.129980 0.990227 -0.050562 -0.001191 -0.094497 0.038391 0.994785 -0.008817 0.000000 0.000000 0.000000 1.000000
0.987003 0.134080 0.088583 0.098188 -0.129980 0.990227 -0.050562 -0.001191 -0.094497 0.038391 0.994785 -0.008817 0.000000 0.000000 0.000000 1.000000
0.987003 0.134080 0.088583 0.098188 -0.129980 0.990227 -0.050562 -0.001191 -0.094497 0.038391 0.994785 -0.008817 0.000000 0.000000 0.000000 1.000000
0.987003 0.134080 0.088583 0.098188 -0.129980 0.990227 -0.050562 -0.001191 -0.094497 0.038391 0.994785 -0.008817 0.000000 0.000000 0.000000 1.000000
0.987003 0.134080 0.088583 0.098188 -0.129980 0.990227 -0.050562 -0.001191 -0.094497 0.038391 0.994785 -0.008817 0.000000 0.000000 0.000000 1.000000
0.987003 0.134080 0.088583 0.098188 -0.129980 0.990227 -0.050562 -0.001191 -0.094497 0.038391 0.994785 -0.008817 0.000000 0.000000 0.000000 1.000000
0.987003 0.134080 0.088583 0.098188 -0.129980 0.990227 -0.050562 -0.001191 -0.094497 0.038391 0.994785 -0.008817 0.000000 0.000000 0.000000 1.000000
0.987003 0.134080 0.088583 0.098188 -0.129980 0.990227 -0.050562 -0.001191 -0.094497 0.038391 0.994785 -0.008817 0.000000 0.000000 0.000000 1.000000
0.987003 0.134080 0.088583 0.098188 -0.129980 0.990227 -0.050562 -0.001191 -0.094497 0.038391 0.994785 -0.008817 0.000000 0.000000 0.000000 1.000000
0.987003 0.134080 0.088583 0.098188 -0.129980 0.990227 -0.050562 -0.001191 -0.094497 0.038391 0.994785 -0.008817 0.000000 0.000000 0.000000 1.000000
0.987003 0.134080 0.088583 0.098188 -0.129980 0.990227 -0.050562 -0.001191 -0.094497 0.038391 0.994785 -0.008817 0.000000 0.000000 0.000000 1.000000
0.987003 0.134080 0.088583 0.098188 -0.129980 0.990227 -0.050562 -0.001191 -0.094497 0.038391 0.994785 -0.008817 0.000000 0.000000 0.000000 1.000000
0.987003 0.134080 0.088583 0.098188 -0.129980 0.990227 -0.050562 -0.001191 -0.094497 0.038391 0.994785 -0.008817 0.000000 0.000000 0.000000 1.000000
0.987003 0.134080 0.088583 0.098188 -0.129980 0.990227 -0.050562 -0.001191 -0.094497 0.038391 0.994785 -0.008817 0.000000 0.000000 0.000000 1.000000
0.987003 0.134080 0.088583 0.098188 -0.129980 0.990227 -0.050562 -0.001191 -0.094497 0.038391 0.994785 -0.008817 0.000000 0.000000 0.000000 1.000000
0.987003 0.134080 0.088583 0.098188 -0.129980 0.990227 -0.050562 -0.001191 -0.094497 0.038391 0.994785 -0.008817 0.000000 0.000000 0.000000 1.000000
0.987003 0.134080 0.088583 0.098188 -0.129980 0.990227 -0.050562 -0.001191 -0.094497 0.038391 0.994785 -0.008817 0.000000 0.000000 0.000000 1.000000
0.987003 0.134080 0.088583 0.098188 -0.129980 0.990227 -0.050562 -0.001191 -0.094497 0.038391 0.994785 -0.008817 0.000000 0.000000 0.000000 1.000000
0.987003 0.134080 0.088583 0.098188 -0.129980 0.990227 -0.050562 -0.001191 -0.094497 0.038391 0.994785 -0.008817 0.000000 0.000000 0.000000 1.000000
0.987003 0.134080 0.088583 0.098188 -0.129980 0.990227 -0.050562 -0.001191 -0.094497 0.038391 0.994785 -0.008817 0.000000 0.000000 0.000000 1.000000
0.987003 0.134080 0.088583 0.098188 -0.129980 0.990227 -0.050562 -0.001191 -0.094497 0.038391 0.994785 -0.008817 0.000000 0.000000 0.000000 1.000000
0.987003 0.134080 0.088583 0.098188 -0.129980 0.990227 -0.050562 -0.001191 -0.094497 0.038391 0.994785 -0.008817 0.000000 0.000000 0.000000 1.000000
0.987003 0.134080 0.088583 0.098188 -0.129980 0.990227 -0.050562 -0.001191 -0.094497 0.038391 0.994785 -0.008817 0.000000 0.000000 0.000000 1.000000
0.987003 0.134080 0.088583 0.098188 -0.129980 0.990227 -0.050562 -0.001191 -0.094497 0.038391 0.994785 -0.008817 0.000000 0.000000 0.000000 1.000000
0.987003 0.134080 0.088583 0.098188 -0.129980 0.990227 -0.050562 -0.001191 -0.094497 0.038391 0.994785 -0.008817 0.000000 0.000000 0.000000 1.000000</float_array>
          <technique_common>
            <accessor source="#Bip01_Spine-Matrix-animation-output-transform-array" count="25" stride="16">
              <param type="float4x4"/>
            </accessor>
          </technique_common>
        </source>
        <source id="Bip01_Spine-Interpolations">
          <Name_array id="Bip01_Spine-Interpolations-array" count="25">
 LINEAR LINEAR LINEAR LINEAR LINEAR LINEAR LINEAR LINEAR LINEAR LINEAR LINEAR
LINEAR LINEAR LINEAR LINEAR LINEAR LINEAR LINEAR LINEAR LINEAR LINEAR LINEAR LINEAR
LINEAR LINEAR</Name_array>
          <technique_common>
            <accessor source="#Bip01_Spine-Interpolations-array" count="25">
              <param type="name"/>
            </accessor>
          </technique_common>
        </source>
        <sampler id="Bip01_Spine-Matrix-animation-transform">
          <input semantic="INPUT" source="#Bip01_Spine-Matrix-animation-input"/>
          <input semantic="OUTPUT" source="#Bip01_Spine-Matrix-animation-output-transform"/>
          <input semantic="INTERPOLATION" source="#Bip01_Spine-Interpolations"/>
        </sampler>
        <channel source="#Bip01_Spine-Matrix-animation-transform" target="Bip01_Spine/matrix"/>
      </animation>
    </animation>
    <animation id="Bip01_Spine1-anim" name="Bip01_Spine1">
      <animation>
        <source id="Bip01_Spine1-Matrix-animation-input">
          <float_array id="Bip01_Spine1-Matrix-animation-input-array" count="25">

0.000000 0.033333 0.066667 0.100000 0.133333 0.166667 0.200000 0.233333 0.266667 0.300000 0.333333 0.366667 0.400000 0.433333 0.466667 0.500000
0.533333 0.566667 0.600000 0.633333 0.666667 0.700000 0.733333 0.766667 0.800000</float_array>
          <technique_common>
            <accessor source="#Bip01_Spine1-Matrix-animation-input-array" count="25">
              <param name="TIME" type="float"/>
            </accessor>
          </technique_common>
        </source>
        <source id="Bip01_Spine1-Matrix-animation-output-transform">
          <float_array id="Bip01_Spine1-Matrix-animation-output-transform-array" count="400">

0.999968 0.000273 0.007966 0.222947 0.000256 0.997793 -0.066394 -0.000177 -0.007966 0.066394 0.997762 -0.000012 0.000000 0.000000 0.000000 1.000000
0.999968 0.000273 0.007966 0.222947 0.000256 0.997793 -0.066394 -0.000177 -0.007966 0.066394 0.997762 -0.000012 0.000000 0.000000 0.000000 1.000000
0.999968 0.000273 0.007965 0.222947 0.000256 0.997793 -0.066394 -0.000177 -0.007966 0.066394 0.997762 -0.000012 0.000000 0.000000 0.000000 1.000000
0.999968 0.000273 0.007966 0.222947 0.000256 0.997793 -0.066394 -0.000177 -0.007966 0.066394 0.997762 -0.000012 0.000000 0.000000 0.000000 1.000000
0.999968 0.000273 0.007966 0.222947 0.000256 0.997793 -0.066394 -0.000177 -0.007966 0.066394 0.997762 -0.000012 0.000000 0.000000 0.000000 1.000000
0.999968 0.000273 0.007965 0.222947 0.000256 0.997793 -0.066394 -0.000177 -0.007966 0.066394 0.997762 -0.000012 0.000000 0.000000 0.000000 1.000000
0.999968 0.000273 0.007966 0.222947 0.000256 0.997793 -0.066394 -0.000177 -0.007966 0.066394 0.997762 -0.000012 0.000000 0.000000 0.000000 1.000000
0.999968 0.000273 0.007965 0.222947 0.000256 0.997793 -0.066394 -0.000177 -0.007966 0.066394 0.997762 -0.000012 0.000000 0.000000 0.000000 1.000000
0.999968 0.000273 0.007966 0.222947 0.000256 0.997793 -0.066394 -0.000177 -0.007966 0.066394 0.997762 -0.000012 0.000000 0.000000 0.000000 1.000000
0.999968 0.000273 0.007966 0.222947 0.000256 0.997793 -0.066394 -0.000177 -0.007966 0.066394 0.997762 -0.000012 0.000000 0.000000 0.000000 1.000000
0.999968 0.000273 0.007965 0.222947 0.000256 0.997793 -0.066394 -0.000177 -0.007966 0.066394 0.997762 -0.000012 0.000000 0.000000 0.000000 1.000000
0.999968 0.000273 0.007966 0.222947 0.000256 0.997793 -0.066394 -0.000177 -0.007966 0.066394 0.997762 -0.000012 0.000000 0.000000 0.000000 1.000000
0.999968 0.000273 0.007966 0.222947 0.000256 0.997793 -0.066394 -0.000177 -0.007966 0.066394 0.997762 -0.000012 0.000000 0.000000 0.000000 1.000000
0.999968 0.000273 0.007966 0.222947 0.000256 0.997793 -0.066394 -0.000177 -0.007966 0.066394 0.997762 -0.000012 0.000000 0.000000 0.000000 1.000000
0.999968 0.000273 0.007965 0.222947 0.000256 0.997793 -0.066394 -0.000177 -0.007966 0.066394 0.997762 -0.000012 0.000000 0.000000 0.000000 1.000000
0.999968 0.000273 0.007966 0.222947 0.000256 0.997793 -0.066394 -0.000177 -0.007966 0.066394 0.997762 -0.000012 0.000000 0.000000 0.000000 1.000000
0.999968 0.000273 0.007966 0.222947 0.000256 0.997793 -0.066394 -0.000177 -0.007966 0.066394 0.997762 -0.000012 0.000000 0.000000 0.000000 1.000000
0.999968 0.000273 0.007965 0.222947 0.000256 0.997793 -0.066394 -0.000177 -0.007966 0.066394 0.997762 -0.000012 0.000000 0.000000 0.000000 1.000000
0.999968 0.000273 0.007966 0.222947 0.000256 0.997793 -0.066394 -0.000177 -0.007966 0.066394 0.997762 -0.000012 0.000000 0.000000 0.000000 1.000000
0.999968 0.000273 0.007965 0.222947 0.000256 0.997793 -0.066394 -0.000177 -0.007966 0.066394 0.997762 -0.000012 0.000000 0.000000 0.000000 1.000000
0.999968 0.000273 0.007965 0.222947 0.000256 0.997793 -0.066394 -0.000177 -0.007966 0.066394 0.997762 -0.000012 0.000000 0.000000 0.000000 1.000000
0.999968 0.000273 0.007966 0.222947 0.000256 0.997793 -0.066394 -0.000177 -0.007966 0.066394 0.997762 -0.000012 0.000000 0.000000 0.000000 1.000000
0.999968 0.000273 0.007966 0.222947 0.000256 0.997793 -0.066394 -0.000177 -0.007966 0.066394 0.997762 -0.000012 0.000000 0.000000 0.000000 1.000000
0.999968 0.000273 0.007966 0.222947 0.000256 0.997793 -0.066394 -0.000177 -0.007966 0.066394 0.997762 -0.000012 0.000000 0.000000 0.000000 1.000000
0.999968 0.000273 0.007966 0.222947 0.000256 0.997793 -0.066394 -0.000177 -0.007966 0.066394 0.997762 -0.000012 0.000000 0.000000 0.000000 1.000000</float_array>
          <technique_common>
            <accessor source="#Bip01_Spine1-Matrix-animation-output-transform-array" count="25" stride="16">
              <param type="float4x4"/>
            </accessor>
          </technique_common>
        </source>
        <source id="Bip01_Spine1-Interpolations">
          <Name_array id="Bip01_Spine1-Interpolations-array" count="25">
 LINEAR LINEAR LINEAR LINEAR LINEAR LINEAR LINEAR LINEAR LINEAR LINEAR LINEAR
LINEAR LINEAR LINEAR LINEAR LINEAR LINEAR LINEAR LINEAR LINEAR LINEAR LINEAR LINEAR
LINEAR LINEAR</Name_array>
          <technique_common>
            <accessor source="#Bip01_Spine1-Interpolations-array" count="25">
              <param type="name"/>
            </accessor>
          </technique_common>
        </source>
        <sampler id="Bip01_Spine1-Matrix-animation-transform">
          <input semantic="INPUT" source="#Bip01_Spine1-Matrix-animation-input"/>
          <input semantic="OUTPUT" source="#Bip01_Spine1-Matrix-animation-output-transform"/>
          <input semantic="INTERPOLATION" source="#Bip01_Spine1-Interpolations"/>
        </sampler>
        <channel source="#Bip01_Spine1-Matrix-animation-transform" target="Bip01_Spine1/matrix"/>
      </animation>
    </animation>
    <animation id="Bip01_Neck-anim" name="Bip01_Neck">
      <animation>
        <source id="Bip01_Neck-Matrix-animation-input">
          <float_array id="Bip01_Neck-Matrix-animation-input-array" count="25">

0.000000 0.033333 0.066667 0.100000 0.133333 0.166667 0.200000 0.233333 0.266667 0.300000 0.333333 0.366667 0.400000 0.433333 0.466667 0.500000
0.533333 0.566667 0.600000 0.633333 0.666667 0.700000 0.733333 0.766667 0.800000</float_array>
          <technique_common>
            <accessor source="#Bip01_Neck-Matrix-animation-input-array" count="25">
              <param name="TIME" type="float"/>
            </accessor>
          </technique_common>
        </source>
        <source id="Bip01_Neck-Matrix-animation-output-transform">
          <float_array id="Bip01_Neck-Matrix-animation-output-transform-array" count="400">

0.965926 -0.258819 -0.000001 0.222970 0.258819 0.965926 -0.000000 -0.000087 0.000001 -0.000000 1.000000 0.000000 0.000000 0.000000 0.000000 1.000000
0.965926 -0.258819 -0.000001 0.222970 0.258819 0.965926 -0.000000 -0.000087 0.000001 -0.000000 1.000000 -0.000000 0.000000 0.000000 0.000000 1.000000
0.965926 -0.258819 -0.000001 0.222970 0.258819 0.965926 -0.000000 -0.000087 0.000001 -0.000000 1.000000 0.000000 0.000000 0.000000 0.000000 1.000000
0.965926 -0.258819 -0.000001 0.222970 0.258819 0.965926 -0.000000 -0.000087 0.000001 -0.000000 1.000000 0.000000 0.000000 0.000000 0.000000 1.000000
0.965926 -0.258819 -0.000001 0.222970 0.258819 0.965926 -0.000000 -0.000087 0.000001 -0.000000 1.000000 0.000000 0.000000 0.000000 0.000000 1.000000
0.965926 -0.258819 -0.000001 0.222970 0.258819 0.965926 -0.000000 -0.000087 0.000001 -0.000000 1.000000 0.000000 0.000000 0.000000 0.000000 1.000000
0.965926 -0.258819 -0.000001 0.222970 0.258819 0.965926 -0.000000 -0.000087 0.000001 -0.000000 1.000000 0.000000 0.000000 0.000000 0.000000 1.000000
0.965926 -0.258819 -0.000001 0.222970 0.258819 0.965926 -0.000000 -0.000087 0.000001 -0.000000 1.000000 -0.000000 0.000000 0.000000 0.000000 1.000000
0.965926 -0.258819 -0.000001 0.222970 0.258819 0.965926 -0.000000 -0.000087 0.000001 -0.000000 1.000000 0.000000 0.000000 0.000000 0.000000 1.000000
0.965926 -0.258819 -0.000001 0.222970 0.258819 0.965926 -0.000000 -0.000087 0.000001 -0.000000 1.000000 0.000000 0.000000 0.000000 0.000000 1.000000
0.965926 -0.258819 -0.000001 0.222970 0.258819 0.965926 -0.000000 -0.000087 0.000001 -0.000000 1.000000 0.000000 0.000000 0.000000 0.000000 1.000000
0.965926 -0.258819 -0.000001 0.222970 0.258819 0.965926 -0.000000 -0.000087 0.000001 -0.000000 1.000000 -0.000000 0.000000 0.000000 0.000000 1.000000
0.965926 -0.258819 -0.000001 0.222970 0.258819 0.965926 -0.000000 -0.000087 0.000001 -0.000000 1.000000 0.000000 0.000000 0.000000 0.000000 1.000000
0.965926 -0.258819 -0.000001 0.222970 0.258819 0.965926 -0.000000 -0.000087 0.000001 -0.000000 1.000000 0.000000 0.000000 0.000000 0.000000 1.000000
0.965926 -0.258819 -0.000001 0.222970 0.258819 0.965926 -0.000000 -0.000087 0.000001 -0.000000 1.000000 0.000000 0.000000 0.000000 0.000000 1.000000
0.965926 -0.258819 -0.000001 0.222970 0.258819 0.965926 -0.000000 -0.000087 0.000001 -0.000000 1.000000 0.000000 0.000000 0.000000 0.000000 1.000000
0.965926 -0.258819 -0.000001 0.222970 0.258819 0.965926 -0.000000 -0.000087 0.000001 -0.000000 1.000000 0.000000 0.000000 0.000000 0.000000 1.000000
0.965926 -0.258819 -0.000001 0.222970 0.258819 0.965926 -0.000000 -0.000087 0.000001 -0.000000 1.000000 0.000000 0.000000 0.000000 0.000000 1.000000
0.965926 -0.258819 -0.000001 0.222970 0.258819 0.965926 -0.000000 -0.000087 0.000001 -0.000000 1.000000 0.000000 0.000000 0.000000 0.000000 1.000000
0.965926 -0.258819 -0.000001 0.222970 0.258819 0.965926 -0.000000 -0.000087 0.000001 -0.000000 1.000000 0.000000 0.000000 0.000000 0.000000 1.000000
0.965926 -0.258819 -0.000001 0.222970 0.258819 0.965926 -0.000000 -0.000087 0.000001 -0.000000 1.000000 0.000000 0.000000 0.000000 0.000000 1.000000
0.965926 -0.258819 -0.000001 0.222970 0.258819 0.965926 -0.000000 -0.000087 0.000001 -0.000000 1.000000 0.000000 0.000000 0.000000 0.000000 1.000000
0.965926 -0.258819 -0.000001 0.222970 0.258819 0.965926 -0.000000 -0.000087 0.000001 -0.000000 1.000000 0.000000 0.000000 0.000000 0.000000 1.000000
0.965926 -0.258819 -0.000001 0.222970 0.258819 0.965926 -0.000000 -0.000087 0.000001 -0.000000 1.000000 0.000000 0.000000 0.000000 0.000000 1.000000
0.965926 -0.258819 -0.000001 0.222970 0.258819 0.965926 -0.000000 -0.000087 0.000001 -0.000000 1.000000 0.000000 0.000000 0.000000 0.000000 1.000000</float_array>
          <technique_common>
            <accessor source="#Bip01_Neck-Matrix-animation-output-transform-array" count="25" stride="16">
              <param type="float4x4"/>
            </accessor>
          </technique_common>
        </source>
        <source id="Bip01_Neck-Interpolations">
          <Name_array id="Bip01_Neck-Interpolations-array" count="25">
 LINEAR LINEAR LINEAR LINEAR LINEAR LINEAR LINEAR LINEAR LINEAR LINEAR LINEAR
LINEAR LINEAR LINEAR LINEAR LINEAR LINEAR LINEAR LINEAR LINEAR LINEAR LINEAR LINEAR
LINEAR LINEAR</Name_array>
          <technique_common>
            <accessor source="#Bip01_Neck-Interpolations-array" count="25">
              <param type="name"/>
            </accessor>
          </technique_common>
        </source>
        <sampler id="Bip01_Neck-Matrix-animation-transform">
          <input semantic="INPUT" source="#Bip01_Neck-Matrix-animation-input"/>
          <input semantic="OUTPUT" source="#Bip01_Neck-Matrix-animation-output-transform"/>
          <input semantic="INTERPOLATION" source="#Bip01_Neck-Interpolations"/>
        </sampler>
        <channel source="#Bip01_Neck-Matrix-animation-transform" target="Bip01_Neck/matrix"/>
      </animation>
    </animation>
    <animation id="Bip01_L_Clavicle-anim" name="Bip01_L_Clavicle">
      <animation>
        <source id="Bip01_L_Clavicle-Matrix-animation-input">
          <float_array id="Bip01_L_Clavicle-Matrix-animation-input-array" count="25">

0.000000 0.033333 0.066667 0.100000 0.133333 0.166667 0.200000 0.233333 0.266667 0.300000 0.333333 0.366667 0.400000 0.433333 0.466667 0.500000
0.533333 0.566667 0.600000 0.633333 0.666667 0.700000 0.733333 0.766667 0.800000</float_array>
          <technique_common>
            <accessor source="#Bip01_L_Clavicle-Matrix-animation-input-array" count="25">
              <param name="TIME" type="float"/>
            </accessor>
          </technique_common>
        </source>
        <source id="Bip01_L_Clavicle-Matrix-animation-output-transform">
          <float_array id="Bip01_L_Clavicle-Matrix-animation-output-transform-array" count="400">

-0.249947 -0.259588 0.932813 0.000000 0.067184 -0.965719 -0.250744 0.000089 0.965926 -0.000003 0.258818 0.030012 0.000000 0.000000 0.000000 1.000000
-0.249947 -0.259588 0.932813 0.000000 0.067184 -0.965719 -0.250744 0.000089 0.965926 -0.000003 0.258818 0.030012 0.000000 0.000000 0.000000 1.000000
-0.249947 -0.259588 0.932813 0.000000 0.067184 -0.965719 -0.250744 0.000089 0.965926 -0.000003 0.258818 0.030012 0.000000 0.000000 0.000000 1.000000
-0.249947 -0.259588 0.932813 0.000000 0.067184 -0.965719 -0.250744 0.000089 0.965926 -0.000003 0.258818 0.030012 0.000000 0.000000 0.000000 1.000000
-0.249947 -0.259588 0.932813 0.000000 0.067184 -0.965719 -0.250744 0.000089 0.965926 -0.000003 0.258818 0.030012 0.000000 0.000000 0.000000 1.000000
-0.249947 -0.259588 0.932813 0.000000 0.067184 -0.965719 -0.250744 0.000089 0.965926 -0.000003 0.258818 0.030012 0.000000 0.000000 0.000000 1.000000
-0.249947 -0.259588 0.932813 0.000000 0.067184 -0.965719 -0.250744 0.000089 0.965926 -0.000003 0.258818 0.030012 0.000000 0.000000 0.000000 1.000000
-0.249947 -0.259588 0.932813 0.000000 0.067184 -0.965719 -0.250744 0.000089 0.965926 -0.000003 0.258818 0.030012 0.000000 0.000000 0.000000 1.000000
-0.249947 -0.259588 0.932813 0.000000 0.067184 -0.965719 -0.250744 0.000089 0.965926 -0.000003 0.258818 0.030012 0.000000 0.000000 0.000000 1.000000
-0.249947 -0.259588 0.932813 0.000000 0.067184 -0.965719 -0.250744 0.000089 0.965926 -0.000003 0.258818 0.030012 0.000000 0.000000 0.000000 1.000000
-0.249947 -0.259588 0.932813 0.000000 0.067184 -0.965719 -0.250744 0.000089 0.965926 -0.000003 0.258818 0.030012 0.000000 0.000000 0.000000 1.000000
-0.249947 -0.259588 0.932813 0.000000 0.067184 -0.965719 -0.250744 0.000089 0.965926 -0.000003 0.258818 0.030012 0.000000 0.000000 0.000000 1.000000
-0.249947 -0.259588 0.932813 0.000000 0.067184 -0.965719 -0.250744 0.000089 0.965926 -0.000003 0.258818 0.030012 0.000000 0.000000 0.000000 1.000000
-0.249947 -0.259588 0.932813 0.000000 0.067184 -0.965719 -0.250744 0.000089 0.965926 -0.000003 0.258818 0.030012 0.000000 0.000000 0.000000 1.000000
-0.249947 -0.259588 0.932813 0.000000 0.067184 -0.965719 -0.250744 0.000089 0.965926 -0.000003 0.258818 0.030012 0.000000 0.000000 0.000000 1.000000
-0.249947 -0.259588 0.932813 0.000000 0.067184 -0.965719 -0.250744 0.000089 0.965926 -0.000003 0.258818 0.030012 0.000000 0.000000 0.000000 1.000000
-0.249947 -0.259588 0.932813 0.000000 0.067184 -0.965719 -0.250744 0.000089 0.965926 -0.000003 0.258818 0.030012 0.000000 0.000000 0.000000 1.000000
-0.249947 -0.259588 0.932813 0.000000 0.067184 -0.965719 -0.250744 0.000089 0.965926 -0.000003 0.258818 0.030012 0.000000 0.000000 0.000000 1.000000
-0.249947 -0.259588 0.932813 0.000000 0.067184 -0.965719 -0.250744 0.000089 0.965926 -0.000003 0.258818 0.030012 0.000000 0.000000 0.000000 1.000000
-0.249947 -0.259588 0.932813 0.000000 0.067184 -0.965719 -0.250744 0.000089 0.965926 -0.000003 0.258818 0.030012 0.000000 0.000000 0.000000 1.000000
-0.249947 -0.259588 0.932813 -0.000000 0.067184 -0.965719 -0.250744 0.000089 0.965926 -0.000003 0.258818 0.030012 0.000000 0.000000 0.000000 1.000000
-0.249947 -0.259588 0.932813 0.000000 0.067184 -0.965719 -0.250744 0.000089 0.965926 -0.000003 0.258818 0.030012 0.000000 0.000000 0.000000 1.000000
-0.249947 -0.259588 0.932813 0.000000 0.067184 -0.965719 -0.250744 0.000089 0.965926 -0.000003 0.258818 0.030012 0.000000 0.000000 0.000000 1.000000
-0.249947 -0.259588 0.932813 0.000000 0.067184 -0.965719 -0.250744 0.000089 0.965926 -0.000003 0.258818 0.030012 0.000000 0.000000 0.000000 1.000000
-0.249947 -0.259588 0.932813 0.000000 0.067184 -0.965719 -0.250744 0.000089 0.965926 -0.000003 0.258818 0.030012 0.000000 0.000000 0.000000 1.000000</float_array>
          <technique_common>
            <accessor source="#Bip01_L_Clavicle-Matrix-animation-output-transform-array" count="25" stride="16">
              <param type="float4x4"/>
            </accessor>
          </technique_common>
        </source>
        <source id="Bip01_L_Clavicle-Interpolations">
          <Name_array id="Bip01_L_Clavicle-Interpolations-array" count="25">
 LINEAR LINEAR LINEAR LINEAR LINEAR LINEAR LINEAR LINEAR LINEAR LINEAR LINEAR
LINEAR LINEAR LINEAR LINEAR LINEAR LINEAR LINEAR LINEAR LINEAR LINEAR LINEAR LINEAR
LINEAR LINEAR</Name_array>
          <technique_common>
            <accessor source="#Bip01_L_Clavicle-Interpolations-array" count="25">
              <param type="name"/>
            </accessor>
          </technique_common>
        </source>
        <sampler id="Bip01_L_Clavicle-Matrix-animation-transform">
          <input semantic="INPUT" source="#Bip01_L_Clavicle-Matrix-animation-input"/>
          <input semantic="OUTPUT" source="#Bip01_L_Clavicle-Matrix-animation-output-transform"/>
          <input semantic="INTERPOLATION" source="#Bip01_L_Clavicle-Interpolations"/>
        </sampler>
        <channel source="#Bip01_L_Clavicle-Matrix-animation-transform" target="Bip01_L_Clavicle/matrix"/>
      </animation>
    </animation>
    <animation id="Bip01_L_UpperArm-anim" name="Bip01_L_UpperArm">
      <animation>
        <source id="Bip01_L_UpperArm-Matrix-animation-input">
          <float_array id="Bip01_L_UpperArm-Matrix-animation-input-array" count="25">

0.000000 0.033333 0.066667 0.100000 0.133333 0.166667 0.200000 0.233333 0.266667 0.300000 0.333333 0.366667 0.400000 0.433333 0.466667 0.500000
0.533333 0.566667 0.600000 0.633333 0.666667 0.700000 0.733333 0.766667 0.800000</float_array>
          <technique_common>
            <accessor source="#Bip01_L_UpperArm-Matrix-animation-input-array" count="25">
              <param name="TIME" type="float"/>
            </accessor>
          </technique_common>
        </source>
        <source id="Bip01_L_UpperArm-Matrix-animation-output-transform">
          <float_array id="Bip01_L_UpperArm-Matrix-animation-output-transform-array" count="400">

0.591078 0.127796 0.796426 0.172746 0.327124 0.864548 -0.381507 0.000000 -0.737304 0.486030 0.469210 -0.000000 0.000000 0.000000 0.000000 1.000000
0.589578 0.112589 0.799826 0.172746 0.332790 0.868420 -0.367555 0.000000 -0.735968 0.482876 0.474533 -0.000000 0.000000 0.000000 0.000000 1.000000
0.590241 0.102998 0.800629 0.172746 0.336066 0.870431 -0.359734 -0.000000 -0.733944 0.481394 0.479150 -0.000000 0.000000 0.000000 0.000000 1.000000
0.592689 0.098026 0.799444 0.172746 0.337322 0.871113 -0.356897 0.000000 -0.731391 0.481199 0.483233 -0.000000 0.000000 0.000000 0.000000 1.000000
0.596500 0.096647 0.796773 0.172746 0.336898 0.870885 -0.357854 0.000000 -0.728483 0.481891 0.486922 -0.000000 0.000000 0.000000 0.000000 1.000000
0.601231 0.097828 0.793064 0.172746 0.335123 0.870108 -0.361392 -0.000000 -0.725405 0.483055 0.490352 -0.000000 0.000000 0.000000 0.000000 1.000000
0.606437 0.100534 0.788750 0.172746 0.332336 0.869126 -0.366297 0.000000 -0.722348 0.484266 0.493659 -0.000000 0.000000 0.000000 0.000000 1.000000
0.611675 0.103741 0.784278 0.172746 0.328888 0.868288 -0.371360 0.000000 -0.719504 0.485091 0.496991 -0.000000 0.000000 0.000000 0.000000 1.000000
0.616515 0.106435 0.780116 0.172746 0.325154 0.867963 -0.375385 0.000000 -0.717066 0.485089 0.500505 -0.000000 0.000000 0.000000 0.000000 1.000000
0.620543 0.107608 0.776754 0.172746 0.321525 0.868534 -0.377186 0.000000 -0.715226 0.483806 0.504364 -0.000000 0.000000 0.000000 0.000000 1.000000
0.625911 0.112760 0.771700 0.172746 0.310581 0.871606 -0.379264 0.000000 -0.715384 0.477061 0.510527 -0.000000 0.000000 0.000000 0.000000 1.000000
0.631614 0.122625 0.765524 0.172746 0.293877 0.875856 -0.382769 0.000000 -0.717426 0.466732 0.517167 -0.000000 0.000000 0.000000 0.000000 1.000000
0.632889 0.128877 0.763441 0.172746 0.285464 0.877738 -0.384820 0.000000 -0.719695 0.461483 0.518721 -0.000000 0.000000 0.000000 0.000000 1.000000
0.629913 0.130124 0.765688 0.172746 0.286925 0.877134 -0.385110 0.000000 -0.721723 0.462281 0.515182 -0.000000 0.000000 0.000000 0.000000 1.000000
0.625967 0.130693 0.768821 0.172746 0.290109 0.876078 -0.385129 0.000000 -0.723880 0.464120 0.510480 -0.000000 0.000000 0.000000 0.000000 1.000000
0.621281 0.130733 0.772605 0.172746 0.294615 0.874668 -0.384914 0.000000 -0.726093 0.466761 0.504899 -0.000000 0.000000 0.000000 0.000000 1.000000
0.616090 0.130392 0.776809 0.172746 0.300042 0.873002 -0.384503 0.000000 -0.728291 0.469964 0.498725 -0.000000 0.000000 0.000000 0.000000 1.000000
0.610628 0.129813 0.781205 0.172746 0.305992 0.871181 -0.383943 0.000000 -0.730412 0.473489 0.492246 -0.000000 0.000000 0.000000 0.000000 1.000000
0.605142 0.129136 0.785575 0.172746 0.312067 0.869311 -0.383291 0.000000 -0.732406 0.477097 0.485757 -0.000000 0.000000 0.000000 0.000000 1.000000
0.599881 0.128491 0.789705 0.172746 0.317874 0.867504 -0.382614 0.000000 -0.734234 0.480549 0.479555 -0.000000 0.000000 0.000000 0.000000 1.000000
0.595105 0.128004 0.793389 0.172746 0.323022 0.865875 -0.381991 0.000000 -0.735872 0.483606 0.473938 -0.000000 0.000000 0.000000 0.000000 1.000000
0.591078 0.127796 0.796426 0.172746 0.327124 0.864548 -0.381507 0.000000 -0.737304 0.486030 0.469210 -0.000000 0.000000 0.000000 0.000000 1.000000
0.589493 0.127785 0.797602 0.172746 0.328657 0.864042 -0.381334 0.000000 -0.737891 0.486931 0.467350 -0.000000 0.000000 0.000000 0.000000 1.000000
0.590286 0.127790 0.797014 0.172746 0.327890 0.864295 -0.381421 0.000000 -0.737598 0.486480 0.468280 -0.000000 0.000000 0.000000 0.000000 1.000000
