<?xml version="1.0" encoding="utf-8"?>
<COLLADA xmlns="http://www.collada.org/2005/11/COLLADASchema" version="1.4.0">
  <asset>
    <contributor>
      <author></author>
      <authoring_tool>FBX COLLADA exporter</authoring_tool>
      <comments></comments>
    </contributor>
    <created>2010-07-11T11:35:33Z</created>
    <modified>2010-07-11T11:35:33Z</modified>
    <revision></revision>
    <title></title>
    <subject></subject>
    <keywords></keywords>
    <unit meter="1.000000"/>
    <up_axis>Y_UP</up_axis>
  </asset>
  <library_animations>
    <animation id="Root_Node-anim" name="Root_Node">
      <animation>
        <source id="Root_Node-Matrix-animation-input">
          <float_array id="Root_Node-Matrix-animation-input-array" count="27">

0.000000 0.033333 0.066667 0.100000 0.133333 0.166667 0.200000 0.233333 0.266667 0.300000 0.333333 0.366667 0.400000 0.433333 0.466667 0.500000
0.533333 0.566667 0.600000 0.633333 0.666667 0.700000 0.733333 0.766667 0.800000 0.833333 0.866667</float_array>
          <technique_common>
            <accessor source="#Root_Node-Matrix-animation-input-array" count="27">
              <param name="TIME" type="float"/>
            </accessor>
          </technique_common>
        </source>
        <source id="Root_Node-Matrix-animation-output-transform">
          <float_array id="Root_Node-Matrix-animation-output-transform-array" count="432">

0.000000 0.999943 -0.010695 0.000000 -1.000000 0.000000 -0.000000 0.000000 -0.000000 0.010695 0.999943 -0.000000 0.000000 0.000000 0.000000 1.000000
0.000000 0.999943 -0.010695 0.000000 -1.000000 0.000000 -0.000000 0.000000 -0.000000 0.010695 0.999943 -0.000000 0.000000 0.000000 0.000000 1.000000
0.000000 0.999943 -0.010695 0.000000 -1.000000 0.000000 -0.000000 0.000000 -0.000000 0.010695 0.999943 -0.000000 0.000000 0.000000 0.000000 1.000000
0.000000 0.999943 -0.010695 0.000000 -1.000000 0.000000 -0.000000 0.000000 -0.000000 0.010695 0.999943 -0.000000 0.000000 0.000000 0.000000 1.000000
0.000000 0.999943 -0.010695 0.000000 -1.000000 0.000000 -0.000000 0.000000 -0.000000 0.010695 0.999943 -0.000000 0.000000 0.000000 0.000000 1.000000
0.000000 0.999943 -0.010695 0.000000 -1.000000 0.000000 -0.000000 0.000000 -0.000000 0.010695 0.999943 -0.000000 0.000000 0.000000 0.000000 1.000000
0.000000 0.999943 -0.010695 0.000000 -1.000000 0.000000 -0.000000 0.000000 -0.000000 0.010695 0.999943 -0.000000 0.000000 0.000000 0.000000 1.000000
0.000000 0.999943 -0.010695 0.000000 -1.000000 0.000000 -0.000000 0.000000 -0.000000 0.010695 0.999943 -0.000000 0.000000 0.000000 0.000000 1.000000
0.000000 0.999943 -0.010695 0.000000 -1.000000 0.000000 -0.000000 0.000000 -0.000000 0.010695 0.999943 -0.000000 0.000000 0.000000 0.000000 1.000000
0.000000 0.999943 -0.010695 0.000000 -1.000000 0.000000 -0.000000 0.000000 -0.000000 0.010695 0.999943 -0.000000 0.000000 0.000000 0.000000 1.000000
0.000000 0.999943 -0.010695 0.000000 -1.000000 0.000000 -0.000000 0.000000 -0.000000 0.010695 0.999943 -0.000000 0.000000 0.000000 0.000000 1.000000
0.000000 0.999943 -0.010695 0.000000 -1.000000 0.000000 -0.000000 0.000000 -0.000000 0.010695 0.999943 -0.000000 0.000000 0.000000 0.000000 1.000000
0.000000 0.999943 -0.010695 0.000000 -1.000000 0.000000 -0.000000 0.000000 -0.000000 0.010695 0.999943 -0.000000 0.000000 0.000000 0.000000 1.000000
0.000000 0.999943 -0.010695 0.000000 -1.000000 0.000000 -0.000000 0.000000 -0.000000 0.010695 0.999943 -0.000000 0.000000 0.000000 0.000000 1.000000
0.000000 0.999943 -0.010695 0.000000 -1.000000 0.000000 -0.000000 0.000000 -0.000000 0.010695 0.999943 -0.000000 0.000000 0.000000 0.000000 1.000000
0.000000 0.999943 -0.010695 0.000000 -1.000000 0.000000 -0.000000 0.000000 -0.000000 0.010695 0.999943 -0.000000 0.000000 0.000000 0.000000 1.000000
0.000000 0.999943 -0.010695 0.000000 -1.000000 0.000000 -0.000000 0.000000 -0.000000 0.010695 0.999943 -0.000000 0.000000 0.000000 0.000000 1.000000
0.000000 0.999943 -0.010695 0.000000 -1.000000 0.000000 -0.000000 0.000000 -0.000000 0.010695 0.999943 -0.000000 0.000000 0.000000 0.000000 1.000000
0.000000 0.999943 -0.010695 0.000000 -1.000000 0.000000 -0.000000 0.000000 -0.000000 0.010695 0.999943 -0.000000 0.000000 0.000000 0.000000 1.000000
0.000000 0.999943 -0.010695 0.000000 -1.000000 0.000000 -0.000000 0.000000 -0.000000 0.010695 0.999943 -0.000000 0.000000 0.000000 0.000000 1.000000
0.000000 0.999943 -0.010695 0.000000 -1.000000 0.000000 -0.000000 0.000000 -0.000000 0.010695 0.999943 -0.000000 0.000000 0.000000 0.000000 1.000000
0.000000 0.999943 -0.010695 0.000000 -1.000000 0.000000 -0.000000 0.000000 -0.000000 0.010695 0.999943 -0.000000 0.000000 0.000000 0.000000 1.000000
0.000000 0.999943 -0.010695 0.000000 -1.000000 0.000000 -0.000000 0.000000 -0.000000 0.010695 0.999943 -0.000000 0.000000 0.000000 0.000000 1.000000
0.000000 0.999943 -0.010695 0.000000 -1.000000 0.000000 -0.000000 0.000000 -0.000000 0.010695 0.999943 -0.000000 0.000000 0.000000 0.000000 1.000000
0.000000 0.999943 -0.010695 0.000000 -1.000000 0.000000 -0.000000 0.000000 -0.000000 0.010695 0.999943 -0.000000 0.000000 0.000000 0.000000 1.000000
0.000000 0.999943 -0.010695 0.000000 -1.000000 0.000000 -0.000000 0.000000 -0.000000 0.010695 0.999943 -0.000000 0.000000 0.000000 0.000000 1.000000
0.000000 0.999943 -0.010695 0.000000 -1.000000 0.000000 -0.000000 0.000000 -0.000000 0.010695 0.999943 -0.000000 0.000000 0.000000 0.000000 1.000000</float_array>
          <technique_common>
            <accessor source="#Root_Node-Matrix-animation-output-transform-array" count="27" stride="16">
              <param type="float4x4"/>
            </accessor>
          </technique_common>
        </source>
        <source id="Root_Node-Interpolations">
          <Name_array id="Root_Node-Interpolations-array" count="27">
 LINEAR LINEAR LINEAR LINEAR LINEAR LINEAR LINEAR LINEAR LINEAR LINEAR LINEAR
LINEAR LINEAR LINEAR LINEAR LINEAR LINEAR LINEAR LINEAR LINEAR LINEAR LINEAR LINEAR
LINEAR LINEAR LINEAR LINEAR</Name_array>
          <technique_common>
            <accessor source="#Root_Node-Interpolations-array" count="27">
              <param type="name"/>
            </accessor>
          </technique_common>
        </source>
        <sampler id="Root_Node-Matrix-animation-transform">
          <input semantic="INPUT" source="#Root_Node-Matrix-animation-input"/>
          <input semantic="OUTPUT" source="#Root_Node-Matrix-animation-output-transform"/>
          <input semantic="INTERPOLATION" source="#Root_Node-Interpolations"/>
        </sampler>
        <channel source="#Root_Node-Matrix-animation-transform" target="Root_Node/matrix"/>
      </animation>
    </animation>
    <animation id="Bip01-anim" name="Bip01">
      <animation>
        <source id="Bip01-Matrix-animation-input">
          <float_array id="Bip01-Matrix-animation-input-array" count="27">

0.000000 0.033333 0.066667 0.100000 0.133333 0.166667 0.200000 0.233333 0.266667 0.300000 0.333333 0.366667 0.400000 0.433333 0.466667 0.500000
0.533333 0.566667 0.600000 0.633333 0.666667 0.700000 0.733333 0.766667 0.800000 0.833333 0.866667</float_array>
          <technique_common>
            <accessor source="#Bip01-Matrix-animation-input-array" count="27">
              <param name="TIME" type="float"/>
            </accessor>
          </technique_common>
        </source>
        <source id="Bip01-Matrix-animation-output-transform">
          <float_array id="Bip01-Matrix-animation-output-transform-array" count="432">

0.000000 0.000000 -1.000000 -0.721678 -0.359126 0.933289 -0.000000 -0.000748 0.933289 0.359126 0.000000 -0.032349 0.000000 0.000000 0.000000 1.000000
0.000000 0.000000 -1.000000 -0.745492 -0.359126 0.933289 -0.000000 -0.000748 0.933289 0.359126 0.000000 -0.032349 0.000000 0.000000 0.000000 1.000000
0.000000 0.000000 -1.000000 -0.772770 -0.359126 0.933289 -0.000000 -0.000748 0.933289 0.359126 0.000000 -0.032349 0.000000 0.000000 0.000000 1.000000
0.000000 0.000000 -1.000000 -0.800914 -0.359126 0.933289 -0.000000 -0.000748 0.933289 0.359126 0.000000 -0.032349 0.000000 0.000000 0.000000 1.000000
0.000000 0.000000 -1.000000 -0.827327 -0.359126 0.933289 -0.000000 -0.000748 0.933289 0.359126 0.000000 -0.032349 0.000000 0.000000 0.000000 1.000000
0.000000 0.000000 -1.000000 -0.849409 -0.359126 0.933289 -0.000000 -0.000748 0.933289 0.359126 0.000000 -0.032349 0.000000 0.000000 0.000000 1.000000
0.000000 0.000000 -1.000000 -0.864563 -0.359126 0.933289 -0.000000 -0.000748 0.933289 0.359126 0.000000 -0.032349 0.000000 0.000000 0.000000 1.000000
0.000000 0.000000 -1.000000 -0.870192 -0.359126 0.933289 -0.000000 -0.000748 0.933289 0.359126 0.000000 -0.032349 0.000000 0.000000 0.000000 1.000000
0.000000 0.000000 -1.000000 -0.859429 -0.359126 0.933289 -0.000000 -0.000748 0.933289 0.359126 0.000000 -0.032349 0.000000 0.000000 0.000000 1.000000
0.000000 0.000000 -1.000000 -0.832450 -0.359126 0.933289 -0.000000 -0.000748 0.933289 0.359126 0.000000 -0.032349 0.000000 0.000000 0.000000 1.000000
0.000000 0.000000 -1.000000 -0.797220 -0.359126 0.933289 -0.000000 -0.000748 0.933289 0.359126 0.000000 -0.032349 0.000000 0.000000 0.000000 1.000000
0.000000 0.000000 -1.000000 -0.761704 -0.359126 0.933289 -0.000000 -0.000748 0.933289 0.359126 0.000000 -0.032349 0.000000 0.000000 0.000000 1.000000
0.000000 0.000000 -1.000000 -0.733869 -0.359126 0.933289 -0.000000 -0.000748 0.933289 0.359126 0.000000 -0.032349 0.000000 0.000000 0.000000 1.000000
0.000000 0.000000 -1.000000 -0.721678 -0.359126 0.933289 -0.000000 -0.000748 0.933289 0.359126 0.000000 -0.032349 0.000000 0.000000 0.000000 1.000000
0.000000 0.000000 -1.000000 -0.727413 -0.359126 0.933289 -0.000000 -0.000748 0.933289 0.359126 0.000000 -0.032349 0.000000 0.000000 0.000000 1.000000
0.000000 0.000000 -1.000000 -0.744958 -0.359126 0.933289 -0.000000 -0.000748 0.933289 0.359126 0.000000 -0.032349 0.000000 0.000000 0.000000 1.000000
0.000000 0.000000 -1.000000 -0.769688 -0.359126 0.933289 -0.000000 -0.000748 0.933289 0.359126 0.000000 -0.032349 0.000000 0.000000 0.000000 1.000000
0.000000 0.000000 -1.000000 -0.796976 -0.359126 0.933289 -0.000000 -0.000748 0.933289 0.359126 0.000000 -0.032349 0.000000 0.000000 0.000000 1.000000
0.000000 0.000000 -1.000000 -0.822195 -0.359126 0.933289 -0.000000 -0.000748 0.933289 0.359126 0.000000 -0.032349 0.000000 0.000000 0.000000 1.000000
0.000000 0.000000 -1.000000 -0.840720 -0.359126 0.933289 -0.000000 -0.000748 0.933289 0.359126 0.000000 -0.032349 0.000000 0.000000 0.000000 1.000000
0.000000 0.000000 -1.000000 -0.847923 -0.359126 0.933289 -0.000000 -0.000748 0.933289 0.359126 0.000000 -0.032349 0.000000 0.000000 0.000000 1.000000
0.000000 0.000000 -1.000000 -0.841493 -0.359126 0.933289 -0.000000 -0.000748 0.933289 0.359126 0.000000 -0.032349 0.000000 0.000000 0.000000 1.000000
0.000000 0.000000 -1.000000 -0.824544 -0.359126 0.933289 -0.000000 -0.000748 0.933289 0.359126 0.000000 -0.032349 0.000000 0.000000 0.000000 1.000000
0.000000 0.000000 -1.000000 -0.800581 -0.359126 0.933289 -0.000000 -0.000748 0.933289 0.359126 0.000000 -0.032349 0.000000 0.000000 0.000000 1.000000
0.000000 0.000000 -1.000000 -0.773111 -0.359126 0.933289 -0.000000 -0.000748 0.933289 0.359126 0.000000 -0.032349 0.000000 0.000000 0.000000 1.000000
0.000000 0.000000 -1.000000 -0.745641 -0.359126 0.933289 -0.000000 -0.000748 0.933289 0.359126 0.000000 -0.032349 0.000000 0.000000 0.000000 1.000000
0.000000 0.000000 -1.000000 -0.721678 -0.359126 0.933289 -0.000000 -0.000748 0.933289 0.359126 0.000000 -0.032349 0.000000 0.000000 0.000000 1.000000</float_array>
          <technique_common>
            <accessor source="#Bip01-Matrix-animation-output-transform-array" count="27" stride="16">
              <param type="float4x4"/>
            </accessor>
          </technique_common>
        </source>
        <source id="Bip01-Interpolations">
          <Name_array id="Bip01-Interpolations-array" count="27">
 LINEAR LINEAR LINEAR LINEAR LINEAR LINEAR LINEAR LINEAR LINEAR LINEAR LINEAR
LINEAR LINEAR LINEAR LINEAR LINEAR LINEAR LINEAR LINEAR LINEAR LINEAR LINEAR LINEAR
LINEAR LINEAR LINEAR LINEAR</Name_array>
          <technique_common>
            <accessor source="#Bip01-Interpolations-array" count="27">
              <param type="name"/>
            </accessor>
          </technique_common>
        </source>
        <sampler id="Bip01-Matrix-animation-transform">
          <input semantic="INPUT" source="#Bip01-Matrix-animation-input"/>
          <input semantic="OUTPUT" source="#Bip01-Matrix-animation-output-transform"/>
          <input semantic="INTERPOLATION" source="#Bip01-Interpolations"/>
        </sampler>
        <channel source="#Bip01-Matrix-animation-transform" target="Bip01/matrix"/>
      </animation>
    </animation>
    <animation id="Bip01_Pelvis-anim" name="Bip01_Pelvis">
      <animation>
        <source id="Bip01_Pelvis-Matrix-animation-input">
          <float_array id="Bip01_Pelvis-Matrix-animation-input-array" count="27">

0.000000 0.033333 0.066667 0.100000 0.133333 0.166667 0.200000 0.233333 0.266667 0.300000 0.333333 0.366667 0.400000 0.433333 0.466667 0.500000
0.533333 0.566667 0.600000 0.633333 0.666667 0.700000 0.733333 0.766667 0.800000 0.833333 0.866667</float_array>
          <technique_common>
            <accessor source="#Bip01_Pelvis-Matrix-animation-input-array" count="27">
              <param name="TIME" type="float"/>
            </accessor>
          </technique_common>
        </source>
        <source id="Bip01_Pelvis-Matrix-animation-output-transform">
          <float_array id="Bip01_Pelvis-Matrix-animation-output-transform-array" count="432">

0.000000 0.999943 0.010694 -0.035612 -0.000000 -0.010694 0.999943 0.000000 1.000000 -0.000000 0.000000 0.000000 0.000000 0.000000 0.000000 1.000000
0.000000 0.999519 0.031016 -0.035612 -0.000000 -0.031016 0.999519 0.000000 1.000000 -0.000000 0.000000 0.000000 0.000000 0.000000 0.000000 1.000000
0.000000 0.998532 0.054176 -0.035612 -0.000000 -0.054176 0.998532 0.000000 1.000000 -0.000000 0.000000 0.000000 0.000000 0.000000 0.000000 1.000000
0.000000 0.996851 0.079300 -0.035612 -0.000000 -0.079300 0.996851 0.000000 1.000000 -0.000000 0.000000 0.000000 0.000000 0.000000 0.000000 1.000000
0.000000 0.994418 0.105508 -0.035612 -0.000000 -0.105508 0.994418 0.000000 1.000000 -0.000000 0.000000 0.000000 0.000000 0.000000 0.000000 1.000000
0.000000 0.991259 0.131927 -0.035612 -0.000000 -0.131927 0.991259 0.000000 1.000000 -0.000000 0.000000 0.000000 0.000000 0.000000 0.000000 1.000000
0.000000 0.987489 0.157688 -0.035612 -0.000000 -0.157688 0.987489 0.000000 1.000000 -0.000000 0.000000 0.000000 0.000000 0.000000 0.000000 1.000000
0.000000 0.983310 0.181939 -0.035612 -0.000000 -0.181939 0.983310 0.000000 1.000000 -0.000000 0.000000 0.000000 0.000000 0.000000 0.000000 1.000000
0.000000 0.979003 0.203845 -0.035612 -0.000000 -0.203845 0.979003 0.000000 1.000000 -0.000000 0.000000 0.000000 0.000000 0.000000 0.000000 1.000000
0.000000 0.974913 0.222589 -0.035612 -0.000000 -0.222589 0.974913 0.000000 1.000000 -0.000000 0.000000 0.000000 0.000000 0.000000 0.000000 1.000000
0.000000 0.971419 0.237370 -0.035612 -0.000000 -0.237370 0.971419 0.000000 1.000000 -0.000000 0.000000 0.000000 0.000000 0.000000 0.000000 1.000000
0.000000 0.968914 0.247397 -0.035612 -0.000000 -0.247397 0.968914 0.000000 1.000000 -0.000000 0.000000 0.000000 0.000000 0.000000 0.000000 1.000000
0.000000 0.967759 0.251877 -0.035612 -0.000000 -0.251877 0.967759 0.000000 1.000000 -0.000000 0.000000 0.000000 0.000000 0.000000 0.000000 1.000000
0.000000 0.968246 0.249999 -0.035612 -0.000000 -0.249999 0.968246 0.000000 1.000000 -0.000000 0.000000 0.000000 0.000000 0.000000 0.000000 1.000000
0.000000 0.971111 0.238626 -0.035612 -0.000000 -0.238626 0.971111 0.000000 1.000000 -0.000000 0.000000 0.000000 0.000000 0.000000 0.000000 1.000000
0.000000 0.976282 0.216505 -0.035612 -0.000000 -0.216505 0.976282 0.000000 1.000000 -0.000000 0.000000 0.000000 0.000000 0.000000 0.000000 1.000000
0.000000 0.982622 0.185620 -0.035612 -0.000000 -0.185620 0.982622 0.000000 1.000000 -0.000000 0.000000 0.000000 0.000000 0.000000 0.000000 1.000000
0.000000 0.988989 0.147992 -0.035612 -0.000000 -0.147992 0.988989 0.000000 1.000000 -0.000000 0.000000 0.000000 0.000000 0.000000 0.000000 1.000000
0.000000 0.994396 0.105717 -0.035612 -0.000000 -0.105717 0.994396 0.000000 1.000000 -0.000000 0.000000 0.000000 0.000000 0.000000 0.000000 1.000000
0.000000 0.998139 0.060974 -0.035612 -0.000000 -0.060974 0.998139 0.000000 1.000000 -0.000000 0.000000 0.000000 0.000000 0.000000 0.000000 1.000000
0.000000 0.999872 0.016005 -0.035612 -0.000000 -0.016005 0.999872 0.000000 1.000000 -0.000000 0.000000 0.000000 0.000000 0.000000 0.000000 1.000000
0.000000 0.999637 -0.026922 -0.035612 -0.000000 0.026922 0.999637 0.000000 1.000000 -0.000000 0.000000 0.000000 0.000000 0.000000 0.000000 1.000000
0.000000 0.997849 -0.065558 -0.035612 -0.000000 0.065558 0.997849 0.000000 1.000000 -0.000000 0.000000 0.000000 0.000000 0.000000 0.000000 1.000000
0.000000 0.995216 -0.097699 -0.035612 -0.000000 0.097699 0.995216 0.000000 1.000000 -0.000000 0.000000 0.000000 0.000000 0.000000 0.000000 1.000000
0.000000 0.992628 -0.121200 -0.035612 -0.000000 0.121200 0.992628 0.000000 1.000000 -0.000000 0.000000 0.000000 0.000000 0.000000 0.000000 1.000000
0.000000 0.997069 -0.076505 -0.035612 -0.000000 0.076505 0.997069 0.000000 1.000000 -0.000000 0.000000 0.000000 0.000000 0.000000 0.000000 1.000000
0.000000 0.999943 0.010694 -0.035612 -0.000000 -0.010694 0.999943 0.000000 1.000000 -0.000000 0.000000 0.000000 0.000000 0.000000 0.000000 1.000000</float_array>
          <technique_common>
            <accessor source="#Bip01_Pelvis-Matrix-animation-output-transform-array" count="27" stride="16">
              <param type="float4x4"/>
            </accessor>
          </technique_common>
        </source>
        <source id="Bip01_Pelvis-Interpolations">
          <Name_array id="Bip01_Pelvis-Interpolations-array" count="27">
 LINEAR LINEAR LINEAR LINEAR LINEAR LINEAR LINEAR LINEAR LINEAR LINEAR LINEAR
LINEAR LINEAR LINEAR LINEAR LINEAR LINEAR LINEAR LINEAR LINEAR LINEAR LINEAR LINEAR
LINEAR LINEAR LINEAR LINEAR</Name_array>
          <technique_common>
            <accessor source="#Bip01_Pelvis-Interpolations-array" count="27">
              <param type="name"/>
            </accessor>
          </technique_common>
        </source>
        <sampler id="Bip01_Pelvis-Matrix-animation-transform">
          <input semantic="INPUT" source="#Bip01_Pelvis-Matrix-animation-input"/>
          <input semantic="OUTPUT" source="#Bip01_Pelvis-Matrix-animation-output-transform"/>
          <input semantic="INTERPOLATION" source="#Bip01_Pelvis-Interpolations"/>
        </sampler>
        <channel source="#Bip01_Pelvis-Matrix-animation-transform" target="Bip01_Pelvis/matrix"/>
      </animation>
    </animation>
    <animation id="Bip01_Spine-anim" name="Bip01_Spine">
      <animation>
        <source id="Bip01_Spine-Matrix-animation-input">
          <float_array id="Bip01_Spine-Matrix-animation-input-array" count="27">

0.000000 0.033333 0.066667 0.100000 0.133333 0.166667 0.200000 0.233333 0.266667 0.300000 0.333333 0.366667 0.400000 0.433333 0.466667 0.500000
0.533333 0.566667 0.600000 0.633333 0.666667 0.700000 0.733333 0.766667 0.800000 0.833333 0.866667</float_array>
          <technique_common>
            <accessor source="#Bip01_Spine-Matrix-animation-input-array" count="27">
              <param name="TIME" type="float"/>
            </accessor>
          </technique_common>
        </source>
        <source id="Bip01_Spine-Matrix-animation-output-transform">
          <float_array id="Bip01_Spine-Matrix-animation-output-transform-array" count="432">

0.990155 0.112929 0.082708 0.098591 -0.127385 0.971889 0.198004 -0.000172 -0.058022 -0.206590 0.976706 0.000037 0.000000 0.000000 0.000000 1.000000
0.990157 0.112933 0.082673 0.098591 -0.123391 0.983157 0.134826 -0.000174 -0.066054 -0.143700 0.987415 0.000026 0.000000 0.000000 0.000000 1.000000
0.990160 0.112935 0.082634 0.098591 -0.118317 0.990949 0.063420 -0.000176 -0.074724 -0.072573 0.994560 0.000013 0.000000 0.000000 0.000000 1.000000
0.990164 0.112935 0.082593 0.098591 -0.112184 0.993593 -0.013697 -0.000176 -0.083610 0.004297 0.996489 -0.000001 0.000000 0.000000 0.000000 1.000000
0.990167 0.112933 0.082549 0.098591 -0.105097 0.990029 -0.093795 -0.000176 -0.092319 0.084197 0.992163 -0.000015 0.000000 0.000000 0.000000 1.000000
0.990172 0.112928 0.082506 0.098591 -0.097257 0.979924 -0.174042 -0.000174 -0.100504 0.164307 0.981276 -0.000029 0.000000 0.000000 0.000000 1.000000
0.990176 0.112922 0.082464 0.098591 -0.088947 0.963722 -0.251653 -0.000171 -0.107889 0.241846 0.964298 -0.000043 0.000000 0.000000 0.000000 1.000000
0.990180 0.112913 0.082424 0.098591 -0.080516 0.942614 -0.324032 -0.000167 -0.114282 0.314214 0.942449 -0.000056 0.000000 0.000000 0.000000 1.000000
0.990184 0.112904 0.082388 0.098591 -0.072365 0.918438 -0.388891 -0.000163 -0.119575 0.379112 0.917593 -0.000067 0.000000 0.000000 0.000000 1.000000
0.990188 0.112894 0.082356 0.098591 -0.064918 0.893520 -0.444306 -0.000159 -0.123746 0.434600 0.892082 -0.000077 0.000000 0.000000 0.000000 1.000000
0.990191 0.112884 0.082330 0.098591 -0.058603 0.870479 -0.488705 -0.000154 -0.126833 0.479087 0.868556 -0.000085 0.000000 0.000000 0.000000 1.000000
0.990194 0.112876 0.082310 0.098591 -0.053835 0.852003 -0.520762 -0.000151 -0.128910 0.511224 0.849725 -0.000091 0.000000 0.000000 0.000000 1.000000
0.990196 0.112871 0.082297 0.098591 -0.051004 0.840614 -0.539227 -0.000149 -0.130043 0.529743 0.838129 -0.000094 0.000000 0.000000 0.000000 1.000000
0.990196 0.112869 0.082293 0.098591 -0.050467 0.838416 -0.542689 -0.000149 -0.130248 0.533216 0.835893 -0.000094 0.000000 0.000000 0.000000 1.000000
0.990196 0.112871 0.082297 0.098591 -0.052777 0.847776 -0.527722 -0.000150 -0.129334 0.518205 0.845421 -0.000092 0.000000 0.000000 0.000000 1.000000
0.990194 0.112876 0.082310 0.098591 -0.057901 0.867807 -0.493517 -0.000154 -0.127135 0.483912 0.865833 -0.000086 0.000000 0.000000 0.000000 1.000000
0.990191 0.112884 0.082330 0.098591 -0.065234 0.894617 -0.442047 -0.000159 -0.123554 0.432341 0.893206 -0.000077 0.000000 0.000000 0.000000 1.000000
0.990188 0.112894 0.082356 0.098591 -0.074119 0.923913 -0.375354 -0.000164 -0.118465 0.365567 0.923215 -0.000065 0.000000 0.000000 0.000000 1.000000
0.990184 0.112904 0.082388 0.098591 -0.083871 0.951517 -0.295942 -0.000169 -0.111806 0.286127 0.951646 -0.000051 0.000000 0.000000 0.000000 1.000000
0.990180 0.112913 0.082424 0.098591 -0.093820 0.973836 -0.206982 -0.000173 -0.103639 0.197217 0.974866 -0.000035 0.000000 0.000000 0.000000 1.000000
0.990176 0.112922 0.082464 0.098591 -0.103353 0.988284 -0.112310 -0.000175 -0.094180 0.102684 0.990246 -0.000018 0.000000 0.000000 0.000000 1.000000
0.990172 0.112929 0.082506 0.098591 -0.111964 0.993580 -0.016243 -0.000176 -0.083811 0.006846 0.996458 -0.000001 0.000000 0.000000 0.000000 1.000000
0.990167 0.112933 0.082549 0.098591 -0.119297 0.989890 0.076716 -0.000176 -0.073051 -0.085809 0.993630 0.000015 0.000000 0.000000 0.000000 1.000000
0.990164 0.112935 0.082593 0.098591 -0.125168 0.978785 0.162210 -0.000174 -0.062521 -0.170953 0.983294 0.000031 0.000000 0.000000 0.000000 1.000000
0.990160 0.112935 0.082634 0.098591 -0.129558 0.963006 0.236292 -0.000171 -0.052892 -0.244673 0.968162 0.000044 0.000000 0.000000 0.000000 1.000000
0.990157 0.112933 0.082673 0.098591 -0.129772 0.962038 0.240088 -0.000171 -0.052421 -0.248454 0.967224 0.000044 0.000000 0.000000 0.000000 1.000000
0.990155 0.112929 0.082708 0.098591 -0.127385 0.971889 0.198004 -0.000172 -0.058022 -0.206590 0.976706 0.000037 0.000000 0.000000 0.000000 1.000000</float_array>
          <technique_common>
            <accessor source="#Bip01_Spine-Matrix-animation-output-transform-array" count="27" stride="16">
              <param type="float4x4"/>
            </accessor>
          </technique_common>
        </source>
        <source id="Bip01_Spine-Interpolations">
          <Name_array id="Bip01_Spine-Interpolations-array" count="27">
 LINEAR LINEAR LINEAR LINEAR LINEAR LINEAR LINEAR LINEAR LINEAR LINEAR LINEAR
LINEAR LINEAR LINEAR LINEAR LINEAR LINEAR LINEAR LINEAR LINEAR LINEAR LINEAR LINEAR
LINEAR LINEAR LINEAR LINEAR</Name_array>
          <technique_common>
            <accessor source="#Bip01_Spine-Interpolations-array" count="27">
              <param type="name"/>
            </accessor>
          </technique_common>
        </source>
        <sampler id="Bip01_Spine-Matrix-animation-transform">
          <input semantic="INPUT" source="#Bip01_Spine-Matrix-animation-input"/>
          <input semantic="OUTPUT" source="#Bip01_Spine-Matrix-animation-output-transform"/>
          <input semantic="INTERPOLATION" source="#Bip01_Spine-Interpolations"/>
        </sampler>
        <channel source="#Bip01_Spine-Matrix-animation-transform" target="Bip01_Spine/matrix"/>
      </animation>
    </animation>
    <animation id="Bip01_Spine1-anim" name="Bip01_Spine1">
      <animation>
        <source id="Bip01_Spine1-Matrix-animation-input">
          <float_array id="Bip01_Spine1-Matrix-animation-input-array" count="27">

0.000000 0.033333 0.066667 0.100000 0.133333 0.166667 0.200000 0.233333 0.266667 0.300000 0.333333 0.366667 0.400000 0.433333 0.466667 0.500000
0.533333 0.566667 0.600000 0.633333 0.666667 0.700000 0.733333 0.766667 0.800000 0.833333 0.866667</float_array>
          <technique_common>
            <accessor source="#Bip01_Spine1-Matrix-animation-input-array" count="27">
              <param name="TIME" type="float"/>
            </accessor>
          </technique_common>
        </source>
        <source id="Bip01_Spine1-Matrix-animation-output-transform">
          <float_array id="Bip01_Spine1-Matrix-animation-output-transform-array" count="432">

0.986198 0.145570 0.078887 0.222921 -0.165247 0.835560 0.523959 -0.000148 0.010358 -0.529763 0.848082 0.000094 0.000000 0.000000 0.000000 1.000000
0.986080 0.150508 0.070664 0.222920 -0.164855 0.829646 0.533395 -0.000147 0.021654 -0.537619 0.842910 0.000095 0.000000 0.000000 0.000000 1.000000
0.985822 0.156081 0.061589 0.222919 -0.164273 0.822979 0.543802 -0.000146 0.034191 -0.546209 0.836951 0.000097 0.000000 0.000000 0.000000 1.000000
0.985398 0.162145 0.051951 0.222918 -0.163478 0.815732 0.554848 -0.000145 0.047588 -0.555239 0.830328 0.000099 0.000000 0.000000 0.000000 1.000000
0.984798 0.168543 0.042032 0.222917 -0.162467 0.808092 0.566208 -0.000143 0.061465 -0.564430 0.823190 0.000100 0.000000 0.000000 0.000000 1.000000
0.984025 0.175110 0.032109 0.222916 -0.161254 0.800259 0.577567 -0.000142 0.075442 -0.573518 0.815712 0.000102 0.000000 0.000000 0.000000 1.000000
0.983104 0.181667 0.022447 0.222914 -0.159875 0.792445 0.588618 -0.000141 0.089144 -0.582262 0.808100 0.000103 0.000000 0.000000 0.000000 1.000000
0.982075 0.188023 0.013305 0.222913 -0.158385 0.784877 0.599068 -0.000139 0.102196 -0.590437 0.800587 0.000105 0.000000 0.000000 0.000000 1.000000
0.980993 0.193980 0.004929 0.222912 -0.156857 0.777790 0.608636 -0.000138 0.114230 -0.597841 0.793434 0.000106 0.000000 0.000000 0.000000 1.000000
0.979929 0.199329 -0.002441 0.222911 -0.155381 0.771431 0.617050 -0.000137 0.124879 -0.604287 0.786920 0.000107 0.000000 0.000000 0.000000 1.000000
0.978963 0.203859 -0.008573 0.222910 -0.154057 0.766049 0.624048 -0.000136 0.133785 -0.609599 0.781339 0.000108 0.000000 0.000000 0.000000 1.000000
0.978176 0.207355 -0.013239 0.222910 -0.152990 0.761898 0.629369 -0.000135 0.140589 -0.613609 0.776993 0.000109 0.000000 0.000000 0.000000 1.000000
0.977652 0.209603 -0.016210 0.222910 -0.152283 0.759229 0.632757 -0.000135 0.144935 -0.616148 0.774181 0.000109 0.000000 0.000000 0.000000 1.000000
0.977464 0.210397 -0.017254 0.222909 -0.152029 0.758286 0.633948 -0.000135 0.146464 -0.617038 0.773184 0.000110 0.000000 0.000000 0.000000 1.000000
0.977652 0.209603 -0.016210 0.222910 -0.152283 0.759229 0.632757 -0.000135 0.144935 -0.616148 0.774180 0.000109 0.000000 0.000000 0.000000 1.000000
0.978176 0.207355 -0.013239 0.222910 -0.152990 0.761898 0.629369 -0.000135 0.140589 -0.613609 0.776993 0.000109 0.000000 0.000000 0.000000 1.000000
0.978963 0.203859 -0.008573 0.222911 -0.154057 0.766049 0.624048 -0.000136 0.133785 -0.609599 0.781339 0.000108 0.000000 0.000000 0.000000 1.000000
0.979929 0.199329 -0.002441 0.222911 -0.155381 0.771431 0.617050 -0.000137 0.124879 -0.604287 0.786920 0.000107 0.000000 0.000000 0.000000 1.000000
0.980993 0.193980 0.004929 0.222912 -0.156857 0.777790 0.608636 -0.000138 0.114230 -0.597841 0.793434 0.000106 0.000000 0.000000 0.000000 1.000000
0.982075 0.188023 0.013305 0.222913 -0.158384 0.784877 0.599069 -0.000139 0.102196 -0.590437 0.800587 0.000105 0.000000 0.000000 0.000000 1.000000
0.983104 0.181667 0.022447 0.222914 -0.159875 0.792445 0.588618 -0.000141 0.089144 -0.582261 0.808100 0.000103 0.000000 0.000000 0.000000 1.000000
0.984025 0.175110 0.032109 0.222916 -0.161254 0.800259 0.577567 -0.000142 0.075442 -0.573518 0.815712 0.000102 0.000000 0.000000 0.000000 1.000000
0.984798 0.168543 0.042032 0.222917 -0.162467 0.808092 0.566208 -0.000143 0.061465 -0.564429 0.823190 0.000100 0.000000 0.000000 0.000000 1.000000
0.985399 0.162145 0.051951 0.222918 -0.163478 0.815732 0.554848 -0.000145 0.047588 -0.555239 0.830328 0.000099 0.000000 0.000000 0.000000 1.000000
0.985822 0.156081 0.061589 0.222919 -0.164273 0.822979 0.543802 -0.000146 0.034191 -0.546209 0.836951 0.000097 0.000000 0.000000 0.000000 1.000000
0.986080 0.150508 0.070664 0.222920 -0.164855 0.829646 0.533395 -0.000147 0.021654 -0.537619 0.842910 0.000095 0.000000 0.000000 0.000000 1.000000
0.986198 0.145570 0.078887 0.222921 -0.165247 0.835560 0.523959 -0.000148 0.010358 -0.529763 0.848082 0.000094 0.000000 0.000000 0.000000 1.000000</float_array>
          <technique_common>
            <accessor source="#Bip01_Spine1-Matrix-animation-output-transform-array" count="27" stride="16">
              <param type="float4x4"/>
            </accessor>
          </technique_common>
        </source>
        <source id="Bip01_Spine1-Interpolations">
          <Name_array id="Bip01_Spine1-Interpolations-array" count="27">
 LINEAR LINEAR LINEAR LINEAR LINEAR LINEAR LINEAR LINEAR LINEAR LINEAR LINEAR
LINEAR LINEAR LINEAR LINEAR LINEAR LINEAR LINEAR LINEAR LINEAR LINEAR LINEAR LINEAR
LINEAR LINEAR LINEAR LINEAR</Name_array>
          <technique_common>
            <accessor source="#Bip01_Spine1-Interpolations-array" count="27">
              <param type="name"/>
            </accessor>
          </technique_common>
        </source>
        <sampler id="Bip01_Spine1-Matrix-animation-transform">
          <input semantic="INPUT" source="#Bip01_Spine1-Matrix-animation-input"/>
          <input semantic="OUTPUT" source="#Bip01_Spine1-Matrix-animation-output-transform"/>
          <input semantic="INTERPOLATION" source="#Bip01_Spine1-Interpolations"/>
        </sampler>
        <channel source="#Bip01_Spine1-Matrix-animation-transform" target="Bip01_Spine1/matrix"/>
      </animation>
    </animation>
    <animation id="Bip01_Neck-anim" name="Bip01_Neck">
      <animation>
        <source id="Bip01_Neck-Matrix-animation-input">
          <float_array id="Bip01_Neck-Matrix-animation-input-array" count="27">

0.000000 0.033333 0.066667 0.100000 0.133333 0.166667 0.200000 0.233333 0.266667 0.300000 0.333333 0.366667 0.400000 0.433333 0.466667 0.500000
0.533333 0.566667 0.600000 0.633333 0.666667 0.700000 0.733333 0.766667 0.800000 0.833333 0.866667</float_array>
          <technique_common>
            <accessor source="#Bip01_Neck-Matrix-animation-input-array" count="27">
              <param name="TIME" type="float"/>
            </accessor>
          </technique_common>
        </source>
        <source id="Bip01_Neck-Matrix-animation-output-transform">
          <float_array id="Bip01_Neck-Matrix-animation-output-transform-array" count="432">

0.998285 -0.037127 -0.045255 0.222950 0.042047 0.992692 0.113114 -0.000089 0.040724 -0.114822 0.992551 0.000010 0.000000 0.000000 0.000000 1.000000
0.998285 -0.037127 -0.045255 0.222950 0.042047 0.992692 0.113114 -0.000089 0.040724 -0.114822 0.992551 0.000010 0.000000 0.000000 0.000000 1.000000
0.998285 -0.037127 -0.045255 0.222950 0.042047 0.992692 0.113114 -0.000089 0.040724 -0.114822 0.992551 0.000010 0.000000 0.000000 0.000000 1.000000
0.998285 -0.037127 -0.045255 0.222950 0.042047 0.992692 0.113114 -0.000089 0.040724 -0.114822 0.992551 0.000010 0.000000 0.000000 0.000000 1.000000
0.998285 -0.037127 -0.045255 0.222950 0.042047 0.992692 0.113114 -0.000089 0.040724 -0.114822 0.992551 0.000010 0.000000 0.000000 0.000000 1.000000
0.998285 -0.037128 -0.045255 0.222950 0.042047 0.992692 0.113114 -0.000089 0.040724 -0.114822 0.992551 0.000010 0.000000 0.000000 0.000000 1.000000
0.998285 -0.037128 -0.045255 0.222950 0.042047 0.992692 0.113113 -0.000089 0.040724 -0.114822 0.992551 0.000010 0.000000 0.000000 0.000000 1.000000
0.998285 -0.037127 -0.045255 0.222950 0.042047 0.992692 0.113114 -0.000089 0.040724 -0.114822 0.992551 0.000010 0.000000 0.000000 0.000000 1.000000
0.998285 -0.037127 -0.045255 0.222950 0.042047 0.992692 0.113114 -0.000089 0.040724 -0.114823 0.992551 0.000010 0.000000 0.000000 0.000000 1.000000
0.998285 -0.037127 -0.045255 0.222950 0.042047 0.992692 0.113114 -0.000089 0.040724 -0.114823 0.992551 0.000010 0.000000 0.000000 0.000000 1.000000
0.998285 -0.037127 -0.045255 0.222950 0.042047 0.992692 0.113114 -0.000089 0.040724 -0.114822 0.992551 0.000010 0.000000 0.000000 0.000000 1.000000
0.998285 -0.037127 -0.045255 0.222950 0.042047 0.992692 0.113114 -0.000089 0.040724 -0.114823 0.992551 0.000010 0.000000 0.000000 0.000000 1.000000
0.998285 -0.037127 -0.045255 0.222950 0.042047 0.992692 0.113113 -0.000089 0.040724 -0.114822 0.992551 0.000010 0.000000 0.000000 0.000000 1.000000
0.998286 -0.037127 -0.045255 0.222950 0.042047 0.992692 0.113113 -0.000089 0.040724 -0.114822 0.992551 0.000010 0.000000 0.000000 0.000000 1.000000
0.998285 -0.037128 -0.045255 0.222950 0.042047 0.992692 0.113114 -0.000089 0.040724 -0.114822 0.992551 0.000010 0.000000 0.000000 0.000000 1.000000
0.998285 -0.037128 -0.045255 0.222950 0.042047 0.992692 0.113114 -0.000089 0.040724 -0.114822 0.992551 0.000010 0.000000 0.000000 0.000000 1.000000
0.998285 -0.037127 -0.045255 0.222950 0.042047 0.992692 0.113114 -0.000089 0.040724 -0.114822 0.992551 0.000010 0.000000 0.000000 0.000000 1.000000
0.998285 -0.037128 -0.045255 0.222950 0.042047 0.992692 0.113114 -0.000089 0.040724 -0.114822 0.992551 0.000010 0.000000 0.000000 0.000000 1.000000
0.998285 -0.037127 -0.045255 0.222950 0.042047 0.992692 0.113114 -0.000089 0.040724 -0.114823 0.992551 0.000010 0.000000 0.000000 0.000000 1.000000
0.998285 -0.037128 -0.045255 0.222950 0.042047 0.992692 0.113114 -0.000089 0.040724 -0.114823 0.992551 0.000010 0.000000 0.000000 0.000000 1.000000
0.998285 -0.037128 -0.045255 0.222950 0.042047 0.992692 0.113113 -0.000089 0.040724 -0.114822 0.992551 0.000010 0.000000 0.000000 0.000000 1.000000
0.998285 -0.037128 -0.045255 0.222950 0.042047 0.992692 0.113114 -0.000089 0.040724 -0.114823 0.992551 0.000010 0.000000 0.000000 0.000000 1.000000
0.998285 -0.037127 -0.045255 0.222950 0.042047 0.992692 0.113114 -0.000089 0.040724 -0.114822 0.992551 0.000010 0.000000 0.000000 0.000000 1.000000
0.998285 -0.037127 -0.045255 0.222950 0.042047 0.992692 0.113113 -0.000089 0.040724 -0.114822 0.992551 0.000010 0.000000 0.000000 0.000000 1.000000
0.998285 -0.037127 -0.045255 0.222950 0.042047 0.992692 0.113114 -0.000089 0.040724 -0.114822 0.992551 0.000010 0.000000 0.000000 0.000000 1.000000
0.998285 -0.037127 -0.045255 0.222950 0.042047 0.992692 0.113114 -0.000089 0.040724 -0.114822 0.992551 0.000010 0.000000 0.000000 0.000000 1.000000
0.998285 -0.037127 -0.045255 0.222950 0.042047 0.992692 0.113114 -0.000089 0.040724 -0.114822 0.992551 0.000010 0.000000 0.000000 0.000000 1.000000</float_array>
          <technique_common>
            <accessor source="#Bip01_Neck-Matrix-animation-output-transform-array" count="27" stride="16">
              <param type="float4x4"/>
            </accessor>
          </technique_common>
        </source>
        <source id="Bip01_Neck-Interpolations">
          <Name_array id="Bip01_Neck-Interpolations-array" count="27">
 LINEAR LINEAR LINEAR LINEAR LINEAR LINEAR LINEAR LINEAR LINEAR LINEAR LINEAR
LINEAR LINEAR LINEAR LINEAR LINEAR LINEAR LINEAR LINEAR LINEAR LINEAR LINEAR LINEAR
LINEAR LINEAR LINEAR LINEAR</Name_array>
          <technique_common>
            <accessor source="#Bip01_Neck-Interpolations-array" count="27">
              <param type="name"/>
            </accessor>
          </technique_common>
        </source>
        <sampler id="Bip01_Neck-Matrix-animation-transform">
          <input semantic="INPUT" source="#Bip01_Neck-Matrix-animation-input"/>
          <input semantic="OUTPUT" source="#Bip01_Neck-Matrix-animation-output-transform"/>
          <input semantic="INTERPOLATION" source="#Bip01_Neck-Interpolations"/>
        </sampler>
        <channel source="#Bip01_Neck-Matrix-animation-transform" target="Bip01_Neck/matrix"/>
      </animation>
    </animation>
    <animation id="Bip01_L_Clavicle-anim" name="Bip01_L_Clavicle">
      <animation>
        <source id="Bip01_L_Clavicle-Matrix-animation-input">
          <float_array id="Bip01_L_Clavicle-Matrix-animation-input-array" count="27">

0.000000 0.033333 0.066667 0.100000 0.133333 0.166667 0.200000 0.233333 0.266667 0.300000 0.333333 0.366667 0.400000 0.433333 0.466667 0.500000
0.533333 0.566667 0.600000 0.633333 0.666667 0.700000 0.733333 0.766667 0.800000 0.833333 0.866667</float_array>
          <technique_common>
            <accessor source="#Bip01_L_Clavicle-Matrix-animation-input-array" count="27">
              <param name="TIME" type="float"/>
            </accessor>
          </technique_common>
        </source>
        <source id="Bip01_L_Clavicle-Matrix-animation-output-transform">
          <float_array id="Bip01_L_Clavicle-Matrix-animation-output-transform-array" count="432">

-0.218590 -0.042404 0.974895 0.001222 -0.090837 -0.993833 -0.063595 -0.003357 0.971580 -0.102458 0.213390 0.029788 0.000000 0.000000 0.000000 1.000000
-0.220134 -0.043900 0.974481 0.001222 -0.126326 -0.989292 -0.073104 -0.003357 0.967255 -0.139195 0.212231 0.029789 0.000000 0.000000 0.000000 1.000000
-0.221783 -0.045381 0.974039 0.001222 -0.162744 -0.983183 -0.082863 -0.003357 0.961419 -0.176897 0.210667 0.029789 0.000000 0.000000 0.000000 1.000000
-0.223498 -0.046805 0.973580 0.001222 -0.199187 -0.975574 -0.092627 -0.003357 0.954135 -0.214627 0.208715 0.029788 0.000000 0.000000 0.000000 1.000000
-0.225237 -0.048141 0.973114 0.001222 -0.234772 -0.966667 -0.102162 -0.003357 0.945595 -0.251470 0.206427 0.029788 0.000000 0.000000 0.000000 1.000000
-0.226954 -0.049360 0.972654 0.001222 -0.268646 -0.956794 -0.111239 -0.003357 0.936120 -0.286546 0.203888 0.029789 0.000000 0.000000 0.000000 1.000000
-0.228599 -0.050440 0.972213 0.001222 -0.300003 -0.946406 -0.119641 -0.003357 0.926143 -0.319017 0.201215 0.029789 0.000000 0.000000 0.000000 1.000000
-0.230117 -0.051367 0.971806 0.001222 -0.328078 -0.936052 -0.127164 -0.003357 0.916194 -0.348091 0.198549 0.029788 0.000000 0.000000 0.000000 1.000000
-0.231611 -0.052217 0.971406 0.001222 -0.354920 -0.925192 -0.134356 -0.003357 0.905753 -0.375889 0.195752 0.029788 0.000000 0.000000 0.000000 1.000000
-0.233126 -0.053019 0.971000 0.001222 -0.381389 -0.913529 -0.141448 -0.003357 0.894536 -0.403304 0.192746 0.029788 0.000000 0.000000 0.000000 1.000000
-0.234518 -0.053706 0.970627 0.001222 -0.405072 -0.902260 -0.147794 -0.003357 0.883696 -0.427835 0.189841 0.029788 0.000000 0.000000 0.000000 1.000000
